t,Tpos,Tpro,Tneg,o2,test
0,0.0,1000.0,1000.0,0.5,0.0
60,0.0,629.9820170205063,243.84266513324098,1.0857152015931397,0.015090633931591872
120,0.0,626.950889024222,250.10057955036024,1.087185037802842,0.02660481787084478
180,0.0,628.591497974905,256.51475059713476,1.087104081689449,0.035658120791563074
240,0.0,632.104700121455,263.08668483182043,1.086982740306674,0.04284364364272488
300,0.0,636.6256600828974,269.8189296679755,1.0868416001017527,0.04859176719913607
360,0.0,641.7737215246941,276.7144412541371,1.086687723832812,0.053227679051958514
420,0.0,647.3481779145321,283.77639750233845,1.0865247637023483,0.05700074128400998
480,0.0,653.2307706360831,291.00812267127236,1.086354703640179,0.06010351444723304
540,0.0,659.3463845064529,298.413051016078,1.0861788880796572,0.06268527612120725
600,0.0,665.644692633684,305.9947076356644,1.0859981469316144,0.06486202107205731
660,0.0,672.0906386191485,313.7566939794552,1.0858130427728219,0.06672395980844666
720,0.0,678.6590054426523,321.7026863243778,1.0856239878833187,0.06834147539301669
780,0.0,685.3313099734676,329.83642460141533,1.085431221560415,0.0697693137521356
840,0.0,692.0936990090107,338.1617111726891,1.0852349810742914,0.07105020573012316
900,0.0,698.9356366435252,346.68241048214946,1.0850353877924865,0.07221751041567896
960,0.0,705.8490209110853,355.40244237354653,1.0848325503283718,0.07329722095186772
1020,0.0,712.827541064127,364.3257818273161,1.08462652392663,0.07430960949636016
1080,0.0,719.8662139638676,373.4564629560406,1.0844173508270092,0.07527052060433712
1140,0.0,726.9610684114327,382.79856759288134,1.0842050709048374,0.0761923064378249
1200,0.0,734.1089020785121,392.35623202264776,1.0839896774678757,0.07708458307248924
1260,0.0,741.3070918233553,402.13363778853363,1.0837711748893861,0.07795485132887696
1320,0.0,748.5534495276924,412.1350262627397,1.0835495688433345,0.07880897513881432
1380,0.0,755.8461328412553,422.36467119364096,1.083324848716252,0.07965149593626501
1440,0.0,763.1835464792515,432.82690708466833,1.083096952149604,0.08048596431163688
1500,0.0,770.5642919345163,443.52610485860964,1.082865902960132,0.08131512590466386
1560,0.0,777.9871131264163,454.4666814321413,1.0826316641834388,0.0821411081445014
1620,0.0,785.4508556543208,465.65309440599617,1.082394205053598,0.08296556974415761
1680,0.0,792.9544392536894,477.089840361601,1.0821534983241594,0.08378979867947019
1740,0.0,800.4968422835764,488.78145579871534,1.0819095134739622,0.08461476023414172
1800,0.0,808.0770779979699,500.7325154754765,1.081662218831768,0.08544117885215848
1860,0.0,815.6941719039803,512.947626786417,1.0814115825528197,0.08626962741663656
1920,0.0,823.3471594443677,525.4314295340346,1.0811575725435905,0.08710053009117823
1980,0.0,831.0350753373926,538.1885939984935,1.080900155619061,0.08793419680960904
2040,0.0,838.7569476809375,551.2238188830131,1.0806392989039928,0.08877084379608934
2100,0.0,846.5117910308414,564.5418287460927,1.0803749690616389,0.0896106166879571
2160,0.0,854.2986007243059,578.147371142063,1.0801071333322372,0.09045360891128579
2220,0.0,862.1163495267942,592.045214002234,1.0798357592380188,0.09129987160200052
2280,0.0,869.9639848731914,606.2401426723227,1.0795608123015932,0.09214942145103142
2340,0.0,877.8404271237463,620.7369575010254,1.0792822635421013,0.0930022455615666
2400,0.0,885.7445670639773,635.5404704784755,1.0790000784104576,0.09385830822497174
2460,0.0,893.6752643069136,650.6555016951685,1.0787142255925724,0.09471755497573198
2520,0.0,901.6313464063034,666.0868772028325,1.0784246739673458,0.09557991469248685
2580,0.0,909.611606806355,681.8394239912419,1.0781313933199048,0.09644530450483832
2640,0.0,917.6148042719449,697.9179668190122,1.0778343534206396,0.09731363050762887
2700,0.0,925.6396620527283,714.3273243535608,1.0775335248274684,0.09818478921462663
2760,0.0,933.6848676841897,731.0723075877489,1.077228878777639,0.09905866783270283
2820,0.0,941.7490711011428,748.1577109749463,1.0769203873642244,0.09993514757499722
2880,0.0,949.8308851697207,765.5883116656014,1.0766080232460224,0.1008141020861811
2940,0.0,957.9288839799452,783.3688622308671,1.0762917599765938,0.10169540068976828
3000,0.0,966.0416039376295,801.5040896926608,1.0759715725259327,0.10257890529817329
3060,0.0,974.167542571024,819.9986887809717,1.0756474359596393,0.10346447263460871
3120,0.0,982.3051584082282,838.8573183084216,1.0753193266994925,0.10435195392610191
3180,0.0,990.4528705803644,858.0845949883458,1.0749872233031017,0.10524119537471294
3240,0.0,998.6090584770923,877.685088098742,1.074651103562419,0.10613203845753635
3300,0.0,1006.7720613960156,897.6633155871268,1.0743109471526422,0.10702432013104807
3360,0.0,1014.9401786291845,918.0237365628116,1.0739667356282878,0.10791787248289184
3420,0.0,1023.1116686943446,938.7707477866813,1.073618451621911,0.10881252370105605
3480,0.0,1031.2847501539839,959.9086760426391,1.0732660787042327,0.10970809659763021
3540,0.0,1039.4576004803573,981.4417743223559,1.0729096021521214,0.11060441006866902
3600,0.0,1047.6283569859747,1003.3742137005169,1.0725490086877802,0.11150127792438061
3660,0.0,1055.795115960392,1025.7100796338123,1.0721842864725306,0.11239850954485377
3720,0.0,1063.955933256513,1048.4533631681197,1.0718154255118841,0.11329590985140504
3780,0.0,1072.10882382257,1071.6079572571984,1.071442417415484,0.11419327907672983
3840,0.0,1080.2517621726117,1095.1776477306787,1.071065255486699,0.11509041317782785
3900,0.0,1088.382681998202,1119.1661092012055,1.0706839349191872,0.11598710357718213
3960,0.0,1096.4994770494734,1143.576895754177,1.0702984527240142,0.11688313714144401
4020,0.0,1104.6000001122638,1168.4134376726875,1.069908807878911,0.11777829647777366
4080,0.0,1112.682064209399,1193.6790320470323,1.069515001420826,0.11867235963912591
4140,0.0,1120.7434427705307,1219.3768361564548,1.0691170365521103,0.11956510012104286
4200,0.0,1128.7818687017057,1245.5098632711909,1.0687149185650218,0.12045628715119201
4260,0.0,1136.7950369697526,1272.0809710046765,1.0683086546390954,0.12134568542927189
4320,0.0,1144.7806022787859,1299.092859555311,1.0678982544143953,0.12223305525245963
4380,0.0,1152.7361812368379,1326.5480615322404,1.0674837301402103,0.12311815255394572
4440,0.0,1160.6593527315476,1354.4489351970528,1.0670650971455191,0.12400072897583006
4500,0.0,1168.5476568876827,1382.7976592612881,1.0666423729277394,0.12488053170945701
4560,0.0,1176.3985978323983,1411.5962244264977,1.066215574711911,0.12575730390785797
4620,0.0,1184.2096418806743,1440.8464272046215,1.0657847237262827,0.1266307843263372
4680,0.0,1191.978219513108,1470.5498631438877,1.0653498455983297,0.1275007076063411
4740,0.0,1199.7017261759881,1500.7079204070808,1.0649109743351632,0.12836680433587164
4800,0.0,1207.377521311493,1531.3217718330989,1.0644681439123769,0.12922880093694225
4860,0.0,1215.0029313759906,1562.3923712267817,1.0640213763263833,0.13008641991058775
4920,0.0,1222.5752482986084,1593.9204435181302,1.0635707032042399,0.13093937974198655
4980,0.0,1230.091731431189,1625.906480657576,1.063116161222762,0.1317873950363313
5040,0.0,1237.5496088722505,1658.3507368267947,1.0626578045921498,0.1326301766170677
5100,0.0,1244.9460764053613,1691.2532176253114,1.0621956790816205,0.13346743146437157
5160,0.0,1252.2783007384842,1724.613681776559,1.0617298296999267,0.13429886301959643
5220,0.0,1259.543418431711,1758.431628374544,1.0612603104436718,0.13512417103742394
5280,0.0,1266.7385376444754,1792.7062950035272,1.060787176924038,0.1359430517799926
5340,0.0,1273.8607398562056,1827.4366564646684,1.0603104808601571,0.13675519821668744
5400,0.0,1280.907079008018,1862.6214100859575,1.0598302794584524,0.13756029985642607
5460,0.0,1287.8745846569852,1898.2589840158607,1.0593466412242079,0.13835804312533184
5520,0.0,1294.7602614830287,1934.3475225860207,1.0588596346588168,0.1391481112792819
5580,0.0,1301.5610908334372,1970.884885815286,1.0583693314212743,0.13993018455745798
5640,0.0,1308.2740327674394,2007.8686533757418,1.0578758078973378,0.14070394038411962
5700,0.0,1314.8960254109456,2045.296105794162,1.0573791466860643,0.14146905329815052
5760,0.0,1321.4239880038424,2083.1642396006005,1.0568794200035496,0.14222519526409863
5820,0.0,1327.8548209293863,2121.469752425363,1.0563767033249223,0.14297203565881925
5880,0.0,1334.1854070171626,2160.209041912546,1.0558710803474611,0.14370924140348115
5940,0.0,1340.412613648215,2199.378215313578,1.0553626730673584,0.14443647720419048
6000,0.0,1346.5332930771608,2238.9730748830248,1.0548515925308906,0.14515340554628836
6060,0.0,1352.5442844385236,2278.989128414403,1.0543378724692873,0.1458596869255822
6120,0.0,1358.4424146797949,2319.421584006097,1.053821647319571,0.14655497993228006
6180,0.0,1364.2244998597848,2360.2653498007453,1.0533030136980492,0.14723894138375765
6240,0.0,1369.8873465737688,2401.5150364927235,1.0527820864402733,0.14791122647482288
6300,0.0,1375.4277534558294,2443.1649589096,1.05225897460181,0.14857148893451566
6360,0.0,1380.8425122514275,2485.209137712912,1.0517337894810659,0.14921938113905278
6420,0.0,1386.1284091890905,2527.6413019807255,1.0512066498672525,0.14985455425698932
6480,0.0,1391.2822264618528,2570.4548924808155,1.0506776769305939,0.15047665840688518
6540,0.0,1396.300743620426,2613.6430653833518,1.0501469930352672,0.1510853428068016
6600,0.0,1401.1807393613915,2657.1986980022157,1.0496147240897844,0.15168025596810003
6660,0.0,1405.9189924414402,2701.1143921646176,1.0490809991587682,0.15226104579544433
6720,0.0,1410.5122819878325,2745.382476287991,1.0485459498362049,0.15282735962202143
6780,0.0,1414.9573903679966,2789.9950155709494,1.0480097110145945,0.15337884452234865
6840,0.0,1419.2511039434694,2834.9438180299403,1.0474724197413765,0.15391514740028278
6900,0.0,1423.3902131502653,2880.220433186482,1.0469342158291663,0.15443591499496478
6960,0.0,1427.3715181589084,2925.8161831597185,1.046395241236138,0.15494079451743203
7020,0.0,1431.1918223871642,2971.7221284587695,1.0458556406249726,0.15542943292359332
7080,0.0,1434.847944143395,3017.9291353065673,1.0453155605212305,0.15590147823043865
7140,0.0,1438.336706095267,3064.427814176333,1.0447751500002977,0.15635657832424985
7200,0.0,1441.6549473955836,3111.20859899496,1.0442345597632705,0.15679438234780593
7260,0.0,1444.7995159135846,3158.2616945589475,1.043693942766549,0.15721453980849062
7320,0.0,1447.767275704718,3205.577138028716,1.0431534534299012,0.15761670145590653
7380,0.0,1450.5551066540643,3253.1447853150935,1.0426132478665846,0.15800051922043667
7440,0.0,1453.1599023312842,3300.954319919853,1.0420734837589176,0.15836564600896202
7500,0.0,1455.5785774432898,3348.9952861202164,1.0415343199433016,0.1587117365298493
7560,0.0,1457.8080605914033,3397.257067853364,1.040995916673392,0.15903844651101998
7620,0.0,1459.845302304137,3445.728927689314,1.040458435155601,0.1593454335949919
7680,0.0,1461.6872710411799,3494.4000047746163,1.0399220376261642,0.15963235692383454
7740,0.0,1463.33095644894,3543.259327774552,1.0393868871405456,0.15989887749760068
7800,0.0,1464.7733699335947,3592.295838993011,1.0388531473089755,0.1601446582745488
7860,0.0,1466.01154513416,3641.4983953878836,1.038320982295505,0.1603693642225412
7920,0.0,1467.0425390454495,3690.8557925482737,1.0377905565639602,0.16057266247568852
7980,0.0,1467.8634329520835,3740.356774069857,1.037262034751585,0.16075422244729004
8040,0.0,1468.4713324628865,3789.9900453812224,1.036735581502945,0.16091371585699316
8100,0.0,1468.8633685948291,3839.7442892155896,1.0362113613039496,0.16105081686935158
8160,0.0,1469.0366981135764,3889.608177935289,1.0356895383737919,0.16116520214969732
8220,0.0,1468.988503738104,3939.5703876990115,1.0351702765043722,0.1612565509093925
8280,0.0,1468.7159949604468,3989.619613447933,1.0346537388588106,0.1613245450147544
8340,0.0,1468.2164081525686,4039.7445820576468,1.0341400878526126,0.16136886902045297
8400,0.0,1467.487008017633,4089.9340654906214,1.033629485015134,0.16138921034440593
8460,0.0,1466.5250860308263,4140.1768977224265,1.0331220908090917,0.16138525912547397
8520,0.0,1465.3279623055103,4190.461986455111,1.0326180644902005,0.16135670844306443
8580,0.0,1463.8929862994923,4240.778326670919,1.0321175639557794,0.1613032544140433
8640,0.0,1462.2175340143033,4291.115014651007,1.0316207456330049,0.16122459590693358
8700,0.0,1460.2990119210835,4341.461263093056,1.031127764269454,0.1611204349941696
8760,0.0,1458.1348558586544,4391.80641421201,1.030638772809795,0.16099047685027015
8820,0.0,1455.7225280662483,4442.139942831304,1.030153922411748,0.1608344294243914
8880,0.0,1453.0595226156297,4492.451487304607,1.02967336203496,0.1606520040914268
8940,0.0,1450.1433621530448,4542.730850111433,1.0291972384879189,0.16044291528670723
9000,0.0,1446.9715967350269,4592.967998812449,1.028725696433929,0.16020688036598657
9060,0.0,1443.5418077029456,4643.153105857984,1.0282588779179178,0.15994362011437538
9120,0.0,1439.8516049078492,4693.276538421663,1.0277969225129024,0.15965285840109508
9180,0.0,1435.8986263708275,4743.328861934681,1.0273399672862793,0.15933432213129112
9240,0.0,1431.6805405579737,4793.300881267519,1.0268881463395683,0.1589877415954482
9300,0.0,1427.1950444405334,4843.18362271878,1.0264415910225055,0.15861285018111046
9360,0.0,1422.4398636180676,4892.968344022506,1.0260004298272232,0.15820938439301255
9420,0.0,1417.412753370173,4942.646570212461,1.0255647879974399,0.1577770840636463
9480,0.0,1412.111497609724,4992.210069352644,1.0251347877959585,0.157315692127804
9540,0.0,1406.5339091298179,5041.650872250188,1.024710548295235,0.15682495469223354
9600,0.0,1400.6778297883372,5090.961299151515,1.0242921850972968,0.15630462112571952
9660,0.0,1394.5411306624205,5140.133928758691,1.0238798106510856,0.15575444392522272
9720,0.0,1388.1217117195456,5189.161633033611,1.0234735338955627,0.15517417878739256
9780,0.0,1381.417501768965,5238.037587698629,1.023073460150485,0.15456358461404912
9840,0.0,1374.4264602959324,5286.755236919067,1.0226796914532519,0.15392242352007737
9900,0.0,1367.1465752211766,5335.308347628489,1.0222923260291876,0.15325046080024557
9960,0.0,1359.575864054306,5383.69099561154,1.0219114584168971,0.1525474649543153
10020,0.0,1351.7123773725227,5431.897533862095,1.0215371797405486,0.15181320785682859
10080,0.0,1343.5541934541266,5479.922660433984,1.0211695770897409,0.15104746449194373
10140,0.0,1335.0994225588424,5527.761380496535,1.0208087338445209,0.1502500131719498
10200,0.0,1326.3462104688156,5575.408989866429,1.0204547297894306,0.1494206357641004
10260,0.0,1317.2927313721832,5622.861133949327,1.0201076406131648,0.14855911724208493
10320,0.0,1307.9371949401716,5670.113765901922,1.0197675382299847,0.14766524613502383
10380,0.0,1298.2778495367895,5717.16313826324,1.0194344908147768,0.14673881475109138
10440,0.0,1288.312973973504,5764.005851319385,1.0191085624305611,0.14577961859825284
10500,0.0,1278.0408881437352,5810.6388089123075,1.0187898133177133,0.14478745713009067
10560,0.0,1267.4599543959898,5857.059220221535,1.0184782998526485,0.1437621338433012
10620,0.0,1256.5685695546788,5903.264634143761,1.018174074316729,0.14270345567968087
10680,0.0,1245.3651800488096,5949.252894545019,1.0178771851193549,0.14161123414859006
10740,0.0,1233.8482789086838,5995.022153775606,1.0175876767045051,0.1404852850893241
10800,0.0,1222.0164006092616,6040.570890081953,1.01730558945115,0.13932542826399155
10860,0.0,1209.868138628673,6085.897870134525,1.0170309597815566,0.13813148870538006
10920,0.0,1197.4021407229445,6131.002162110414,1.0167638200999594,0.13690329633274795
10980,0.0,1184.6171120132585,6175.88313400377,1.0165041987604237,0.13564068616480143
11040,0.0,1171.5118255214727,6220.540438178703,1.0162521200588672,0.13434349911292398
11100,0.0,1158.08511731792,6264.974018770217,1.0160076042314092,0.13301158162225735
11160,0.0,1144.3359040092068,6309.18409490062,1.01577066734634,0.13164478706293795
11220,0.0,1130.2631735946322,6353.171166567581,1.0155413213923257,0.13024297491620665
11280,0.0,1115.866007885571,6396.935996408903,1.0153195741049443,0.12880601259990165
11340,0.0,1101.1435762480082,6440.4796132481815,1.0151054290303156,0.1273337749294969
11400,0.0,1086.0951483846145,6483.803301335473,1.014898885435394,0.12582614508698556
11460,0.0,1070.7201091610145,6526.908588113623,1.0146999382021413,0.12428301574222876
11520,0.0,1055.017959301569,6569.7972434403,1.0145085778073288,0.12270428917221264
11580,0.0,1038.9883334262845,6612.471266017035,1.0143247901739894,0.1210898786439473
11640,0.0,1022.6310071195629,6654.932878462045,1.0141485566257056,0.11943970892455776
11700,0.0,1005.9459116924704,6697.184517257768,1.0139798537454066,0.11775371745918378
11760,0.0,988.9331497349492,6739.228823389706,1.013818653220426,0.11603185554550766
11820,0.0,971.5930073828334,6781.06863399862,1.0136649217365858,0.11427408929224867
11880,0.0,953.9259797238285,6822.706969742443,1.0135186206959126,0.11248040157276122
11940,0.0,935.9327790641515,6864.147027661436,1.0133797061609864,0.11065079266397142
12000,0.0,917.6143697793278,6905.392166418926,1.0132481284493253,0.10878528293876835
12060,0.0,898.9719837559647,6946.445897007893,1.0131238319814313,0.10688391403915125
12120,0.0,880.0071557257512,6987.311868964295,1.0130067548616244,0.10494675153922436
12180,0.0,860.7217473746172,7027.993858887501,1.0128968286033917,0.10297388686221143
12240,0.0,841.1179812375193,7068.49575714263,1.0127939777247907,0.10096543985088165
12300,0.0,821.1984839800676,7108.821552630008,1.012698119208843,0.09892156205323356
12360,0.0,800.9663199021687,7148.975319569398,1.0126091621122406,0.09684243924626348
12420,0.0,780.425045274647,7188.961200228912,1.012527006880035,0.09472829550042348
12480,0.0,759.5787605074795,7228.783388419824,1.0124515446848854,0.09257939703705732
12540,0.0,738.4321700123181,7268.446111396275,1.0123826566252594,0.09039605677931598
12600,0.0,716.9906519677793,7307.953610198294,1.0123202128050754,0.08817863957551851
12660,0.0,695.2603316581153,7347.310119550142,1.0122640714395297,0.08592756756509617
12720,0.0,673.2481687255533,7386.51984537774,1.0122140776371897,0.08364332655804625
12780,0.0,650.9620557765253,7425.586940502381,1.0121700620829872,0.08132647323425905
12840,0.0,628.410923468443,7464.515479310629,1.0121318396172092,0.07897764277418477
12900,0.0,605.6048817050031,7503.309426705642,1.0120992073180866,0.07659755903251493
12960,0.0,582.5553588980281,7541.972607687093,1.0120719426008697,0.07418704445286302
13020,0.0,559.2752678842145,7580.508672438248,1.0120498008940353,0.07174703197527996
13080,0.0,535.7791976815282,7618.92105779524,1.012032512975371,0.06927857856129006
13140,0.0,512.0836348000014,7657.212944384692,1.0120197819560117,0.06678288064601944
13200,0.0,488.2072212736875,7695.387208465487,1.0120112796638416,0.06426129201087423
13260,0.0,464.17105741971665,7733.446367104215,1.0120066422245366,0.06171534482600194
13320,0.0,439.9990426262537,7771.392518170221,1.0120054654569377,0.05914677299108557
13380,0.0,415.71827825581033,7809.227271712804,1.0120072991045095,0.05655753946913917
13440,0.0,391.35954297625227,7846.951671300288,1.0120116400327928,0.05394986835502631
13500,0.0,366.9578436386445,7884.566105019224,1.0120179244394767,0.05132628184652634
13560,0.0,342.55307675731933,7922.070201716549,1.0120255184431173,0.04868964420503091
13620,0.0,318.19079034129834,7959.462713469121,1.0120337070686563,0.04604321230172103
13680,0.0,293.92308546732596,7996.741379371903,1.012041681459432,0.043390695085552856
13740,0.0,269.80968288650155,8033.902767206633,1.0120485235651147,0.040736323619885766
13800,0.0,245.91917551671744,8070.942089422898,1.0120531878552006,0.03808493345433999
13860,0.0,222.33049686699084,8107.852988275669,1.0120544806261407,0.03544206168911349
13920,0.0,199.1346126773038,8144.627286931488,1.012051035157059,0.03281405990131611
13980,0.0,176.43645399751458,8181.25469970794,1.0120412840419002,0.030208225742122518
14040,0.0,154.35706913363958,8217.722495706756,1.0120234279661389,0.027632954922126203
14100,0.0,133.03589918564487,8254.015112707284,1.0119954027642875,0.025097912912224338
14160,0.0,112.6329786196243,8290.11372144366,1.0119548475611797,0.02261422269292256
14220,0.0,93.33062813267586,8325.995742573088,1.011899080074197,0.02019466011440232
14280,0.0,75.33386486519402,8361.634342652256,1.011825090906977,0.017853832402335974
14340,0.0,58.86811259370363,8396.997951224412,1.0117295766698342,0.015608299072813426
14400,0.0,44.171879097541584,8432.049885272934,1.0116090472592685,0.013476558354995167
14460,0.0,31.480840285943575,8466.748244778413,1.011460059672363,0.011478767314201652
14520,0.0,20.998732003917667,8501.046332762438,1.0112796490913818,0.00963599643764243
14580,0.0,12.851221470960498,8534.893963774286,1.0110660210646438,0.007968757022030327
14640,0.0,7.024874208356101,8568.240060676526,1.0108194896779916,0.0064945625618623645
14700,0.0,3.3090535406241477,8601.036724879435,1.0105434209795026,0.005224556429739855
14760,0.0,1.2815456053806384,8633.244262914155,1.0102445814055794,0.00415993036138893
14820,0.0,0.3842360939058762,8664.83552890111,1.009932127316495,0.0032898037720474602
14880,0.0,0.08269249190419961,8695.797313631869,1.0096151544277727,0.0025924611043160574
14940,0.0,0.011624511695687048,8726.127782494346,1.0093001899085066,0.0020401529408881187
15000,0.0,0.0009483835030710877,8755.831723802623,1.00899044967964,0.0016049412139683167
15060,0.0,3.869506814053896e-05,8784.916581856802,1.0086869249241035,0.0012624981526701236
15120,0.0,6.615579715426583e-07,8813.390547983467,1.008389742997469,0.0009931164406573837
15180,0.0,7.648191904144779e-09,8841.262018730138,1.008098840302746,0.0007812130667352442
15240,0.0,3.8776056781295614e-09,8868.539500560819,1.0078141298576135,0.000614523986994358
15300,0.0,-2.747171262270161e-10,8895.231590070867,1.007535522441093,0.00048340175315549224
15360,0.0,-1.54879164683789e-09,8921.346960897466,1.0072629279730492,0.00038025730079456526
15420,0.0,-3.598904790140943e-10,8946.894351443834,1.006996255680128,0.00029912280122309175
15480,0.0,8.135952005953464e-11,8971.882553144384,1.0067354142154923,0.00023530844314923746
15540,0.0,8.922424218489303e-12,8996.320398294078,1.0064803117891234,0.00018511279124237351
15600,0.0,-1.8392053028822485e-11,9020.216749191903,1.006230856280092,0.00014561055276109805
15660,0.0,-1.192512711964152e-11,9043.58048956634,1.005986955326548,0.00011452793148397393
15720,0.0,4.0472885849069937e-10,9066.4205139724,1.0057485164374367,9.008720763801588e-05
15780,0.0,2.872426515272169e-09,9088.745716529244,1.0055154471101906,7.086356561416441e-05
15840,0.0,-2.916858144594859e-11,9110.56500266521,1.0052876547087621,5.574139151490021e-05
15900,0.0,-1.148050699511505e-11,9131.887194665509,1.0050650474488283,4.384957851573172e-05
15960,0.0,1.5891452458896692e-11,9152.721172384827,1.0048475329322761,3.449767874533221e-05
16020,0.0,2.970539991018623e-11,9173.075744521704,1.0046350194882063,2.7141743628483657e-05
16080,0.0,-1.0606510412636056e-10,9192.959681396413,1.004427415833045,2.135459720536295e-05
16140,0.0,5.631215047897862e-12,9212.381712739842,1.0042246310941694,1.6794780870552724e-05
16200,0.0,-4.747019460730314e-10,9231.350513081725,1.0040265749608173,1.3204360515858536e-05
16260,0.0,1.446917893268203e-10,9249.874697052455,1.0038331577364188,1.0382448924660588e-05
16320,0.0,-5.47053746912281e-09,9267.962816321256,1.003644290369781,8.16565351131116e-06
16380,0.0,-4.836715774512722e-09,9285.623353517738,1.0034598845185645,6.422667845335486e-06
16440,0.0,1.3530936246855444e-10,9302.8647191243,1.0032798525824036,5.052232050398734e-06
16500,0.0,-3.919315337925757e-11,9319.695241536583,1.0031041078073033,3.97433824670213e-06
16560,0.0,-4.382818045983835e-11,9336.123160456922,1.0029325643546338,3.1274906596142105e-06
16620,0.0,1.5083087378539426e-12,9352.156635663441,1.0027651372110187,2.4622657662642055e-06
16680,0.0,-1.8422107593522463e-11,9367.803742245816,1.0026017422375417,1.939103167914407e-06
16740,0.0,3.813390903789793e-11,9383.072460685062,1.0024422962733768,1.5272336323143587e-06
16800,0.0,1.365628082099007e-10,9397.97066603444,1.0022867172493601,1.2027908677901407e-06
16860,0.0,-1.7139994675171817e-11,9412.506165711575,1.0021349237965163,9.460742392504526e-07
16920,0.0,-8.073605298122035e-11,9426.686646088572,1.0019868357986725,7.411370250183718e-07
16980,0.0,8.943356247944098e-11,9440.519669284608,1.0018423744274763,5.800150563469761e-07
17040,0.0,8.236061455825107e-11,9454.012703893193,1.0017014618286901,4.530088475675457e-07
17100,0.0,6.544190270498128e-11,9467.173104912872,1.001564021324087,3.541623168295801e-07
17160,0.0,1.3211695632169864e-10,9480.008129658512,1.0014299772500623,2.775679829605397e-07
17220,0.0,-4.3883661954768125e-13,9492.524927415767,1.0012992550630997,2.1790098024823642e-07
17280,0.0,-2.452482114453938e-10,9504.730537295556,1.001171781364226,1.7138711739811607e-07
17340,0.0,-2.1566366798797135e-10,9516.631884734641,1.0010474839355143,1.3486585598389885e-07
17400,0.0,4.285607845710393e-11,9528.235792480278,1.0009262916245585,1.060023491920546e-07
17460,0.0,1.1362542946671202e-10,9539.54895519183,1.00080813461337,8.295626379964045e-08
17520,0.0,-5.040048623334169e-11,9550.577969359365,1.0006929441008565,6.491881551399221e-08
17580,0.0,-7.370546717591156e-11,9561.329305502792,1.000580652599484,5.02920982593762e-08
17640,0.0,4.858880955911504e-11,9571.809328303512,1.000471193719291,3.904929345380182e-08
17700,0.0,1.0615392770918161e-10,9582.024286509326,1.0003645022784704,3.012937815697545e-08
17760,0.0,1.571751524219385e-11,9591.980315702238,1.0002605142711578,2.326847855463576e-08
17820,0.0,-9.772835351139395e-11,9601.68344035681,1.0001591668484162,1.8053764392427193e-08
17880,0.0,-4.64204174553322e-11,9611.1395726828,1.0000603983297716,1.4009863058328018e-08
17940,0.0,6.126111407267619e-11,9620.354514984569,0.9999641481785405,1.0903892346651137e-08
18000,0.0,2.8190940353036357e-11,9629.33396104335,0.9998703569885323,8.403353861965845e-09
18060,0.0,8.969550549066399e-13,9638.083485725165,0.9997789665889658,6.456340734296263e-09
18120,0.0,-1.8194575853417022e-12,9646.608555845185,0.9996899199346254,4.997314634348552e-09
18180,0.0,-2.404945128848564e-11,9654.914552142478,0.9996031608842286,3.6989053861966276e-09
18240,0.0,-3.306028443143282e-11,9663.00671702652,0.9995186347276005,2.6622258803266065e-09
18300,0.0,-1.8763249462900316e-11,9670.890191777868,0.9994362878103639,1.9254181091818197e-09
18360,0.0,-9.160296174847437e-13,9678.570033635697,0.9993560673577072,1.3225112151079433e-09
18420,0.0,7.075169644487569e-12,9686.051185744627,0.9992779217819903,7.833825514166777e-10
18480,0.0,8.2111802567651e-12,9693.338468806109,0.9992018007681949,4.1708513930854206e-10
18540,0.0,3.446635981541793e-13,9700.43661504455,0.9991276549254191,2.2405330928424773e-10
18600,0.0,7.120664518425498e-13,9707.350289293165,0.9990554355688612,1.777432107828325e-11
18660,0.0,1.1962277657072797e-13,9714.084002205538,0.9989850956147384,-1.0684681421582611e-10
18720,0.0,-1.18940352275656e-12,9720.642178201271,0.9989165888796654,-1.4016466923587098e-10
18780,0.0,-2.6452138910797958e-12,9727.029193739132,0.998849869684024,-1.563642071801205e-10
18840,0.0,-3.511945550031931e-12,9733.249281645843,0.9987848938418719,-1.5432410264405455e-10
18900,0.0,-2.809604122087414e-12,9739.306577659247,0.9987216181793609,-1.3503526158078528e-10
18960,0.0,-1.1581350288914018e-12,9745.205150139207,0.9986600002269098,-1.0743021000639152e-10
19020,0.0,-7.055390362894427e-13,9750.948993585806,0.9985999982862883,-7.950619143392556e-11
19080,0.0,-4.4007743962040744e-13,9756.541960945575,0.9985415721320828,-5.623481412359448e-11
19140,0.0,-6.269265186621706e-13,9761.987831380035,0.9984846823094014,-4.1325967856317034e-11
19200,0.0,-3.6715548693026203e-13,9767.290362183896,0.998429289594587,-3.108902390334429e-11
19260,0.0,-1.0235846713241656e-13,9772.453142083123,0.9983753565181046,-2.6144797315748653e-11
19320,0.0,1.6248077361576446e-13,9777.479695325741,0.9983228462839925,-2.311544731360266e-11
19380,0.0,3.3912020401219976e-13,9782.373499326583,0.9982717225862264,-2.4070789763630185e-11
19440,0.0,3.37073532719125e-13,9787.137943940203,0.9982219500319433,-2.9516634803135164e-11
19500,0.0,1.3426898219419578e-13,9791.776295939566,0.9981734945105697,-3.22793569065733e-11
19560,0.0,-2.635464726286082e-13,9796.291768901201,0.9981263224675175,-2.9940709427401435e-11
19620,0.0,-5.403373677775751e-13,9800.687538319387,0.9980804007468784,-2.87203918046245e-11
19680,0.0,-6.784329828784266e-13,9804.966651069879,0.9980356975328658,-2.465757318794985e-11
19740,0.0,-4.872076121398488e-13,9809.132098901136,0.9979921815856336,-1.8793277487321275e-11
19800,0.0,-1.9633505749466118e-13,9813.186806807265,0.9979498223618847,-9.662618298082009e-12
19860,0.0,3.348420556754008e-14,9817.133631898869,0.9979085900269287,1.893320885983034e-12
19920,0.0,2.4363185753925964e-13,9820.97536505067,0.9978684554376414,1.1087983346881824e-11
19980,0.0,3.1976000454109983e-13,9824.714733630095,0.9978293901137045,1.3482943371381565e-11
20040,0.0,4.861377043935813e-13,9828.354365089492,0.997791366614374,2.0152797150750815e-11
20100,0.0,5.396406993696083e-13,9831.896866402618,0.9977543577162762,2.3839300480584742e-11
20160,0.0,3.8970934220263794e-13,9835.34477105881,0.9977183369618143,2.2938550221073325e-11
20220,0.0,1.228856444483824e-13,9838.700538120205,0.9976832786700762,1.8526074290413906e-11
20280,0.0,-5.443043175890194e-14,9841.96655871192,0.9976491578691744,1.3537324829509996e-11
20340,0.0,-1.436128231820154e-13,9845.145184715368,0.9976159499970673,7.984011288152638e-12
20400,0.0,-1.0114866177885523e-16,9848.23870151275,0.9975836311857773,4.159559063802584e-12
20460,0.0,2.1912227430022353e-14,9851.24933256204,0.9975521782144571,-1.2518704071055334e-12
20520,0.0,4.1644607492636937e-14,9854.17924906845,0.9975215684072382,-5.597823196857105e-12
20580,0.0,3.8761697267754986e-14,9857.030565811274,0.9974917796776089,-7.494651239882513e-12
20640,0.0,5.4881154558099674e-15,9859.805345920715,0.9974627904778262,-6.78183392292048e-12
20700,0.0,1.2187627864198145e-14,9862.505604977841,0.9974345797554821,-5.5659364927781195e-12
20760,0.0,-7.126031373920503e-15,9865.133301104423,0.9974071270595823,-3.419056719797264e-12
20820,0.0,-7.758051779550373e-14,9867.690345620078,0.9973804124271188,-1.5243003905904666e-12
20880,0.0,-9.681049389563049e-14,9870.178602290483,0.9973544163917545,2.3358146061686487e-12
20940,0.0,-5.258054395972772e-14,9872.599888018301,0.9973291199761952,7.182721878742926e-12
21000,0.0,6.482875723638428e-14,9874.955974425116,0.9973045046758485,1.13994696602055e-11
21060,0.0,2.9594560660905975e-13,9877.248589274875,0.9972805524440307,1.3660207909821217e-11
21120,0.0,5.077531426058028e-13,9879.47941114687,0.997257245748377,1.4956508654169638e-11
21180,0.0,5.232848154769927e-13,9881.650075347647,0.9972345675085527,1.6700364309526815e-11
21240,0.0,3.4976958705523633e-13,9883.762183341081,0.9972125009967919,1.739575731404265e-11
21300,0.0,-1.2412245594494492e-13,9885.817293225702,0.9971910299386852,1.702150540089824e-11
21360,0.0,-7.980468835321798e-13,9887.8169207971,0.9971701385009594,1.5631419015465105e-11
21420,0.0,-9.35522712830949e-13,9889.762534558793,0.997149811342278,1.3259744727407136e-11
21480,0.0,-6.651910713885017e-13,9891.655578576838,0.9971300333792603,1.0366135970875566e-11
21540,0.0,2.9735195592768457e-13,9893.497455147088,0.9971107899635318,7.501914779960603e-12
21600,0.0,2.2316994022876006e-12,9895.289530546033,0.9970920668228772,5.354058183305122e-12
21660,0.0,2.6615034454947324e-12,9897.03312767139,0.9970738501429796,2.270457209521295e-12
21720,0.0,2.158317085114061e-12,9898.729544701508,0.997056126362284,-4.731012827907392e-13
21780,0.0,2.9364924536764926e-14,9900.380042988101,0.9970388823060851,-2.5603743374539634e-12
21840,0.0,-4.6141776799135024e-12,9901.985851313057,0.9970221051401889,-3.653073706478134e-12
21900,0.0,-7.184932208315035e-12,9903.548163304293,0.9970057823884392,-4.288100476600982e-12
21960,0.0,-6.6830142852163485e-12,9905.068143983883,0.9969899018794808,-4.463025737287549e-12
22020,0.0,-2.3244710961688717e-12,9906.54692860971,0.9969744517532381,-4.172396395968551e-12
22080,0.0,8.131729651886765e-12,9907.985622569751,0.9969594204592367,-3.677574743716155e-12
22140,0.0,1.8235457181068674e-11,9909.385300149137,0.9969447967831491,-2.8478305294436053e-12
22200,0.0,1.874415900715525e-11,9910.7470071426,0.99693056981175,-1.5086280640401884e-12
22260,0.0,1.0236703771340717e-11,9912.071765438788,0.99691672886845,-1.716699178039291e-13
22320,0.0,-1.2938025830788839e-11,9913.360569187184,0.9969032635744188,8.646919651099699e-13
22380,0.0,-4.620844782997708e-11,9914.61438445652,0.9968901638329425,1.5760837762225467e-12
22440,0.0,-5.7475619915678943e-11,9915.834146165056,0.996877419842345,2.7207154057946457e-12
22500,0.0,-6.306911964306245e-11,9917.020775882887,0.9968650219941918,3.6065526924137793e-12
22560,0.0,-5.876449080536657e-11,9918.175167196518,0.9968529609497798,4.11901663807876e-12
22620,0.0,-3.9307097443504785e-11,9919.298190881496,0.9968412276077571,4.146999091999397e-12
22680,0.0,5.516265157081446e-13,9920.39069523959,0.996829813101478,3.6006095047288115e-12
22740,0.0,1.8786455659638927e-11,9921.45348822293,0.9968187090257576,3.045806382963913e-12
22800,0.0,3.430904261629263e-11,9922.487380809376,0.9968079068921504,2.2644194641170414e-12
22860,0.0,4.233696147219469e-11,9923.493154407288,0.9967973985410977,1.387333500297947e-12
22920,0.0,3.6703582806424214e-11,9924.471570389991,0.9967871760234422,6.007184952531475e-13
22980,0.0,9.721619825984604e-12,9925.423370787437,0.9967772315933181,1.5177012984580448e-13
23040,0.0,-7.2179027042429516e-12,9926.349264426935,0.9967675578222682,-5.842214024825071e-13
23100,0.0,-1.6611079277538095e-11,9927.24995363974,0.9967581473754014,-1.4199234814057277e-12
23160,0.0,-2.3340825372245892e-11,9928.126123651886,0.9967489930984316,-2.0792303853259262e-12
23220,0.0,-2.3389327727094617e-11,9928.978439195123,0.9967400880445669,-2.454767650846987e-12
23280,0.0,-1.1546869735056972e-11,9929.807547903474,0.9967314254448649,-2.427660515598489e-12
23340,0.0,1.5147777250182832e-12,9930.614073860008,0.9967229987847076,-2.192708770984976e-12
23400,0.0,4.643898394582782e-12,9931.398624467158,0.9967148017238316,-1.969619038235784e-12
23460,0.0,7.244637033869982e-12,9932.161799628628,0.9967068279892156,-1.6077205893154773e-12
23520,0.0,7.952084258761906e-12,9932.90417944917,0.9966990715202101,-1.1805670091675052e-12
23580,0.0,4.912478862869781e-12,9933.626329003757,0.9966915264132391,-7.939880263793372e-13
23640,0.0,-1.1184385935336269e-12,9934.328796176276,0.9966841869445753,-4.57529929491913e-13
23700,0.0,-1.6934016769088103e-12,9935.012107806298,0.9966770476109027,1.2713253024676637e-13
23760,0.0,-2.121283753124634e-12,9935.67678846346,0.9966701029319818,6.673575358026071e-13
23820,0.0,-2.144994062580088e-12,9936.323344448645,0.9966633476189063,1.0871570851184407e-12
23880,0.0,-1.4134262056601988e-12,9936.952268942425,0.9966567765200269,1.297038009588323e-12
23940,0.0,4.749332935665178e-13,9937.564042269258,0.9966503846180944,1.2031479232899428e-12
24000,0.0,9.030831379551309e-13,9938.15912085304,0.9966441671391837,1.2504563121699551e-12
24060,0.0,1.2221550116141036e-12,9938.73796376054,0.9966381192900808,1.1909037460278773e-12
24120,0.0,1.3131501874720875e-12,9939.301012800284,0.9966322364547503,1.0448244928077843e-12
24180,0.0,1.0258091428676155e-12,9939.848698328316,0.9966265141367036,8.484020684607984e-13
24240,0.0,1.7569248004206326e-13,9940.3814396645,0.996620947954639,6.556325864490683e-13
24300,0.0,-4.1751867398580434e-13,9940.899636981485,0.9966155337290745,3.559030189363778e-13
24360,0.0,-7.75662617243809e-13,9941.40368681248,0.9966102673169523,2.2740755926047107e-15
24420,0.0,-9.981924778478342e-13,9941.89397618745,0.9966051446742913,-3.2234995992906365e-13
24480,0.0,-9.405507939149538e-13,9942.370880391485,0.9966001618801896,-5.607300728589439e-13
24540,0.0,-4.1916906127290955e-13,9942.834765036105,0.996595315114805,-6.435436050953102e-13
24600,0.0,1.69311441044323e-13,9943.285981746472,0.9965906007045852,-6.657348163595586e-13
24660,0.0,3.8098401680427683e-13,9943.72487249557,0.9965860150768427,-7.352151031972987e-13
24720,0.0,5.403674254637908e-13,9944.151776060351,0.9965815546920838,-7.411563540980375e-13
24780,0.0,5.628045199385948e-13,9944.567019518345,0.9965772161331723,-6.891326069814382e-13
24840,0.0,3.372911484533246e-13,9944.970921455213,0.9965729960717176,-5.925097918505966e-13
24900,0.0,-8.994601560577558e-14,9945.363790459485,0.9965688912836064,-4.584628124384959e-13
24960,0.0,-1.8777744010801845e-13,9945.745922210452,0.9965648986790814,-2.6237610122578666e-13
25020,0.0,-2.661015205204337e-13,9946.117612710816,0.9965610151658956,-5.555363933404383e-14
25080,0.0,-2.8778919087199194e-13,9946.479146974334,0.9965572377662424,1.2974251621860556e-13
25140,0.0,-2.0341528447780244e-13,9946.830802581002,0.9965535635799675,2.5249031596188773e-13
25200,0.0,4.3533172356618874e-14,9947.172849840974,0.9965499897828595,2.6604665121380116e-13
25260,0.0,5.031788403847746e-15,9947.505543478808,0.9965465137138648,4.179963323623894e-13
25320,0.0,-7.566788962521462e-14,9947.829142907816,0.9965431326624862,5.496115293140643e-13
25380,0.0,-2.157896166210935e-13,9948.143896544652,0.9965398440332809,6.535709570264978e-13
25440,0.0,-4.3605523729469304e-13,9948.450046363363,0.9965366452981133,7.234841160198754e-13
25500,0.0,-7.60980035663897e-13,9948.747828141582,0.9965335339935835,7.541517277575815e-13
25560,0.0,-1.1554659738202795e-12,9949.03747015278,0.9965305077346888,7.448753642438458e-13
25620,0.0,-1.2919984701791567e-12,9949.319187726367,0.996527564271654,7.108754856779538e-13
25680,0.0,-1.3020129170111818e-12,9949.593201815109,0.9965247012959595,6.47600761558673e-13
25740,0.0,-1.1194349728504402e-12,9949.859723220763,0.9965219166051343,5.624250424586843e-13
25800,0.0,-6.648013250256615e-13,9950.118957324403,0.9965192080533393,4.661087245416502e-13
25860,0.0,1.5579291555400782e-13,9950.37110429971,0.9965165735491383,3.731237067559459e-13
25920,0.0,1.0807033256000145e-12,9950.616356090914,0.9965140110871592,2.7677318788256393e-13
25980,0.0,1.4324718421131533e-12,9950.854896091432,0.9965115187514654,1.4535133548260948e-13
26040,0.0,1.530026034899943e-12,9951.08691166184,0.996509094584443,1.8328104030468834e-14
26100,0.0,1.2144987788663753e-12,9951.312581479682,0.9965067367193107,-9.353907918438362e-14
26160,0.0,2.92504332793486e-13,9951.532079608796,0.996504443337501,-1.7783990702097906e-13
26220,0.0,-1.4666774037225766e-12,9951.745575678884,0.9965022126667864,-2.204490140220949e-13
26280,0.0,-3.022762030388762e-12,9951.953230929905,0.9965000430222377,-2.4771874457334577e-13
26340,0.0,-3.4800268055655957e-12,9952.155202847232,0.9964979327581964,-2.808878710823072e-13
26400,0.0,-3.347601622643638e-12,9952.351649307095,0.9964958802253187,-2.9549440896961895e-13
26460,0.0,-2.288876212552314e-12,9952.542721649252,0.9964938838423172,-2.939346663866787e-13
26520,0.0,1.0516066825191702e-13,9952.728567286671,0.9964919420689147,-2.805691908790592e-13
26580,0.0,4.321829875078704e-12,9952.909329857584,0.9964900534042528,-2.619417539709572e-13
26640,0.0,7.075185199125117e-12,9953.085144961706,0.9964882164322725,-2.2169503833532667e-13
26700,0.0,7.934207465927789e-12,9953.256147893104,0.9964864297394899,-1.642287141654157e-13
26760,0.0,7.376105000077185e-12,9953.422471557004,0.9964846919371807,-1.0211022844199479e-13
26820,0.0,4.653545171108086e-12,9953.58424417362,0.9964830016858326,-4.226506921856352e-14
26880,0.0,-1.135959045593002e-12,9953.741590647616,0.996481357680605,6.828332581275072e-15
26940,0.0,-1.10624476517374e-11,9953.894632699186,0.9964797586499627,3.503970537193183e-14
27000,0.0,-1.547466631110434e-11,9954.043484053296,0.9964782034038077,7.91246286040418e-14
27060,0.0,-1.6986349357836262e-11,9954.188260985535,0.9964766907277951,1.2012621460857602e-13
27120,0.0,-1.518909562973031e-11,9954.329075517473,0.9964752194514364,1.5153598719505244e-13
27180,0.0,-8.403694783538717e-12,9954.46603633606,0.9964737884388362,1.7143664916444185e-13
27240,0.0,5.390655760094404e-12,9954.599249340352,0.9964723965831628,1.7831274212875088e-13
27300,0.0,2.6854201900615463e-11,9954.728817409237,0.9964710428093786,1.715989995706564e-13
27360,0.0,2.5856455325529463e-11,9954.854834627726,0.9964697261398301,1.5979820336753627e-13
27420,0.0,1.826717869024512e-11,9954.977401741593,0.9964684455190368,1.396016142714664e-13
27480,0.0,1.3584312905844275e-12,9955.096613355348,0.9964671999590058,1.1360731651607855e-13
27540,0.0,-2.8089483349113564e-11,9955.212561658645,0.9964659884970577,8.546113794299174e-14
27600,0.0,-7.382304006122494e-11,9955.325336527192,0.9964648101947786,5.994989250486091e-14
27660,0.0,-1.4015051462007294e-10,9955.43502562367,0.9964636641369717,4.3094622768425795e-14
27720,0.0,-2.0981813453424238e-10,9955.541712403652,0.9964625494489455,2.964079790032366e-14
27780,0.0,-2.201772892250669e-10,9955.645473959934,0.9964614653152158,-1.0423462680213847e-14
27840,0.0,-2.0329975404241897e-10,9955.746394367312,0.9964604108625413,-5.210235524178954e-14
27900,0.0,-1.4784600868244001e-10,9955.84455172056,0.996459385273208,-9.388262314821133e-14
27960,0.0,-4.0496061681592776e-11,9955.940022149098,0.9964583877497255,-1.3409610420073842e-13
28020,0.0,1.3418698102904961e-10,9956.032879901702,0.9964574175139214,-1.709240040557362e-13
28080,0.0,3.938933475695138e-10,9956.123197431216,0.996456473806034,-2.0240116964233047e-13
28140,0.0,6.020651329339056e-10,9956.211041499348,0.9964555559486329,-2.290241517336929e-13
28200,0.0,6.260557079119715e-10,9956.296477276474,0.9964546632803132,-2.5112866506859315e-13
28260,0.0,5.474192365622846e-10,9956.379573765995,0.9964537950678125,-2.654004905554943e-13
28320,0.0,3.236896236124794e-10,9956.46039529194,0.9964529506451401,-2.7050425945519077e-13
28380,0.0,-9.498843769953087e-11,9956.539004543605,0.9964521293644567,-2.651512387499501e-13
28440,0.0,-7.663657320760256e-10,9956.615462643938,0.9964513305954343,-2.4811428811748315e-13
28500,0.0,-1.7565947886099433e-09,9956.689829217908,0.9964505537246157,-2.182428169049145e-13
28560,0.0,-2.279662382261075e-09,9956.762157862699,0.9964497980851992,-1.8708821397589536e-13
28620,0.0,-2.2771385589116665e-09,9956.832504649343,0.9964490630840006,-1.557907072118876e-13
28680,0.0,-1.875679463634065e-09,9956.90092529143,0.9964483481569384,-1.230466358460566e-13
28740,0.0,-9.184147471963501e-10,9956.967472708353,0.9964476527304886,-9.199367906581404e-14
28800,0.0,7.782538455647521e-10,9957.03219846231,0.9964469762417523,-6.647239776887922e-14
28860,0.0,3.426459509381764e-09,9957.095152814323,0.9964463181376283,-5.1075069944882086e-14
28920,0.0,7.2686774121943365e-09,9957.156384780272,0.9964456778739862,-5.1194526056966555e-14
28980,0.0,9.44036807354599e-09,9957.215939100122,0.9964450553407276,-4.347193413926179e-14
29040,0.0,1.0597117119104611e-08,9957.273862808737,0.9964444499621024,-3.831985715557611e-14
29100,0.0,1.0291934430792072e-08,9957.33020074457,0.9964438613232869,-3.636383962525496e-14
29160,0.0,7.762368805924114e-09,9957.384996377878,0.9964432890630139,-3.589637795918123e-14
29220,0.0,2.089469609815884e-09,9957.438292021283,0.9964427328514243,-3.440766066997096e-14
29280,0.0,-3.018323406738778e-09,9957.490128738724,0.9964421919684296,-2.954160981714208e-14
29340,0.0,1.5717306001702316e-09,9957.540545978993,0.9964416648837376,-2.317486900311637e-14
29400,0.0,-3.167142817774372e-10,9957.589582361623,0.9964411524896228,-1.7800045920060883e-14
29460,0.0,2.19411920282793e-12,9957.637275702542,0.9964406542536517,-1.400413772079627e-14
29520,0.0,5.2377513249628685e-12,9957.683662718144,0.9964401695978553,-1.1248988359089331e-14
29580,0.0,2.3355323166373136e-11,9957.728778983048,0.9964396982497891,-9.614086391808082e-15
29640,0.0,1.1834834391245069e-12,9957.77265936861,0.9964392397233526,-8.05292567241747e-15
29700,0.0,1.4948932684685974e-12,9957.815337494878,0.9964387937949521,-6.81800744148814e-15
29760,0.0,-3.1468183587648486e-15,9957.856846549268,0.9964383600799509,-5.6034012623381625e-15
29820,0.0,-1.179137585643229e-15,9957.897218766682,0.9964379382563315,-4.540702822024836e-15
29880,0.0,9.035364795662945e-16,9957.936484746366,0.9964375279922545,-3.622473817587571e-15
29940,0.0,2.8523710837373757e-15,9957.974675328302,0.9964371289659323,-2.8324218639779018e-15
30000,0.0,2.6367986333600005e-14,9958.011816583525,0.9964367409140211,-1.9997613958580844e-15
30060,0.0,5.332202087417696e-14,9958.047940767461,0.9964363634916051,-1.220997815231459e-15
30120,0.0,6.8852040177904e-14,9958.083076475203,0.9964359963917165,-5.54055539090448e-16
30180,0.0,4.8674400691506987e-14,9958.117251251415,0.9964356393130073,-1.06802723171792e-16
30240,0.0,1.2461293637974527e-14,9958.15049165691,0.9964352919884449,2.1750231672643872e-16
30300,0.0,5.0488361871775815e-14,9958.182823301886,0.9964349541996377,8.472928191057153e-16
30360,0.0,8.06237336689305e-14,9958.214270542836,0.9964346256461932,1.3837813047152663e-15
30420,0.0,8.554497120689127e-14,9958.244856778407,0.9964343060732452,1.732240345562804e-15
30480,0.0,4.3435852799415736e-14,9958.27460436297,0.9964339952341964,1.7714975230502825e-15
30540,0.0,1.9930953207007397e-15,9958.303538291744,0.9964336928963098,1.7472849952235004e-15
30600,0.0,5.543571805120464e-15,9958.33168257163,0.9964333988352022,1.884863729030479e-15
30660,0.0,7.979919188338686e-15,9958.359055885894,0.9964331128282667,1.9262717408040742e-15
30720,0.0,7.668670934936179e-15,9958.38567831184,0.9964328346648648,1.847367816741941e-15
30780,0.0,2.6084165817690286e-15,9958.411569087939,0.9964325641429387,1.6194948056381176e-15
30840,0.0,-1.0971778431759708e-17,9958.436751993786,0.9964323010187909,1.3945898900378431e-15
30900,0.0,-2.927603499476937e-17,9958.461246220912,0.9964320450923028,1.1910731917566592e-15
30960,0.0,-3.673255231638806e-17,9958.485068781125,0.9964317961844529,9.767126127149699e-16
31020,0.0,-2.788186535922302e-17,9958.508237515349,0.9964315541092308,7.721497147985521e-16
31080,0.0,3.4364719318521815e-18,9958.530769633144,0.9964313186872703,6.0064877111707125e-16
31140,0.0,1.6338906257642855e-17,9958.552685815912,0.9964310896997012,4.102713380948623e-16
31200,0.0,2.396634398417054e-17,9958.574001531077,0.9964308669858369,2.3862019315876165e-16
31260,0.0,2.623902581940436e-17,9958.594732811123,0.996430650378179,1.0322821724867952e-16
31320,0.0,1.894170668701548e-17,9958.614895472825,0.9964304397111984,1.6367449210266924e-17
31380,0.0,6.079228948711881e-19,9958.634505071197,0.996430234822249,-1.7961573235325612e-17
31440,0.0,7.34076669424473e-18,9958.65357946641,0.9964300355267355,-9.229325369059808e-17
31500,0.0,1.3481902140398262e-17,9958.672131501315,0.9964298416889519,-1.439134977557255e-16
31560,0.0,1.7897891426459275e-17,9958.690175362291,0.9964296531605459,-1.7357765083388495e-16
31620,0.0,1.928991606057628e-17,9958.707724759139,0.9964294697981266,-1.8292576312845267e-16
31680,0.0,1.6193776865918863e-17,9958.724792925066,0.9964292914632648,-1.74482589643004e-16
31740,0.0,6.979893980677659e-18,9958.741392616703,0.9964291180224927,-1.5165759018131337e-16
31800,0.0,-7.368454291689196e-19,9958.757538447646,0.996428949323976,-1.1525199409758492e-16
31860,0.0,-2.18303441332485e-18,9958.773243891259,0.9964287852274762,-6.794510362911019e-17
31920,0.0,-3.461067762368213e-18,9958.788519288235,0.9964286256242694,-1.7276633857541595e-17
31980,0.0,-4.2730718576003404e-18,9958.8033761309,0.9964284703943154,3.076616412470854e-17
32040,0.0,-4.268553053268835e-18,9958.817825489059,0.9964283194219957,6.939225628421062e-17
32100,0.0,-3.0443976765675654e-18,9958.831878009994,0.9964281725961129,9.100682564651758e-17
32160,0.0,-1.44872027636669e-19,9958.845543918465,0.9964280298098905,8.721127229616491e-17
32220,0.0,6.187163731322972e-20,9958.858838996297,0.9964278908979471,1.178255628391293e-16
32280,0.0,1.285583888805296e-19,9958.871770180907,0.9964277557880911,1.4465216743681833e-16
32340,0.0,1.8240762871537048e-19,9958.884347025883,0.996427624380523,1.637653086197965e-16
32400,0.0,2.0765796780953395e-19,9958.896578902128,0.9964274965773372,1.7320397133405812e-16
32460,0.0,1.8577307936461855e-19,9958.908474825954,0.9964273722843325,1.7098742114056644e-16
32520,0.0,9.544169879203987e-20,9958.92004345907,0.9964272514110135,1.5511520421525374e-16
32580,0.0,-1.1764550427449126e-21,9958.931295129936,0.9964271338494395,1.3326428782930783e-16
32640,0.0,1.9427320613739695e-22,9958.942240864524,0.9964270194843663,1.1813926712664428e-16
32700,0.0,1.4617561867152274e-21,9958.952886656349,0.9964269082532015,9.998361045803425e-17
32760,0.0,2.404915138186917e-21,9958.963240503166,0.9964268000723759,8.033729200470735e-17
32820,0.0,2.7681697240760703e-21,9958.973310112362,0.9964266948613542,6.102869006094734e-17
32880,0.0,2.261438032231566e-21,9958.983102900957,0.9964265925426334,4.417458703409215e-17
32940,0.0,5.601365748275535e-22,9958.992625995594,0.9964264930417442,3.218016944453388e-17
33000,0.0,-1.0906839020876756e-22,9959.001889603842,0.99642639625209,1.526300003565047e-17
33060,0.0,1.0205913599790211e-22,9959.010900586896,0.9964263021019791,-4.76169989088469e-18
33120,0.0,1.590823770821089e-22,9959.01966440974,0.9964262105342867,-2.1697951779635134e-17
33180,0.0,1.3185380933012242e-22,9959.028187731734,0.9964261214794359,-3.45559408338997e-17
33240,0.0,7.267120036925164e-23,9959.036476943968,0.9964260348706522,-4.21392153207532e-17
33300,0.0,2.225716198122697e-23,9959.044538177051,0.996425950643883,-4.3073537399450434e-17
33360,0.0,-6.125604969132075e-23,9959.052378222477,0.9964258687281649,-3.999810278349821e-17
33420,0.0,-3.680774051334267e-22,9959.060005391519,0.9964257890366448,-4.347216856489121e-17
33480,0.0,-7.288344421209839e-22,9959.067423567327,0.9964257115287616,-4.486864777987323e-17
33540,0.0,-1.1293919331633177e-21,9959.074638392147,0.9964256361455629,-4.4557531909130145e-17
33600,0.0,-1.5421481522538172e-21,9959.08165534434,0.996425562829809,-4.3137803808506403e-17
33660,0.0,-1.9203060345407597e-21,9959.088479749169,0.9964254915258602,-4.147984216015675e-17
33720,0.0,-2.1921443359981063e-21,9959.095116789551,0.9964254221795646,-4.0767825923698174e-17
33780,0.0,-2.255288793096307e-21,9959.101571516841,0.9964253547381453,-4.254213878736164e-17
33840,0.0,-1.9709832824731144e-21,9959.107848861602,0.9964252891500883,-4.874177361914398e-17
33900,0.0,-2.6057035652001656e-21,9959.113953609458,0.9964252253653757,-4.3145980519210405e-17
33960,0.0,-3.910350431737651e-21,9959.11989048218,0.996425163334677,-2.8880266008174704e-17
34020,0.0,-5.3957657871742754e-21,9959.125664117559,0.9964251030095432,-1.1992671903495984e-17
34080,0.0,-6.987837966831405e-21,9959.131279064231,0.9964250443424515,6.99663684743559e-18
34140,0.0,-8.578894671137438e-21,9959.136739803133,0.9964249872865875,2.736124686068009e-17
34200,0.0,-1.0023561744116875e-20,9959.142050758232,0.996424931795733,4.814649540361073e-17
34260,0.0,-1.1134621951879389e-20,9959.147216307265,0.9964248778241542,6.814746948277691e-17
34320,0.0,-1.1678873761108896e-20,9959.152240792462,0.9964248253264895,8.58870049317672e-17
34380,0.0,-1.1797273843542394e-20,9959.15712784865,0.9964247742647516,1.0164874611859266e-16
34440,0.0,-1.3572940211953832e-20,9959.161877884515,0.9964247246345772,1.2506998331128088e-16
34500,0.0,-1.5303990276046197e-20,9959.166497301243,0.9964246763691524,1.4739962907511426e-16
34560,0.0,-1.6887423767332572e-20,9959.170989834327,0.9964246294294462,1.675736506627883e-16
34620,0.0,-1.81969141640561e-20,9959.17535916766,0.9964245837769665,1.8435579820461768e-16
34680,0.0,-1.9080917899308716e-20,9959.179608940633,0.9964245393736864,1.9632650397716385e-16
34740,0.0,-1.9360783569149885e-20,9959.183742755253,0.9964244961819692,2.0187178167186318e-16
34800,0.0,-1.882886114072532e-20,9959.187764183253,0.9964244541644949,1.991721256636548e-16
34860,0.0,-1.724661116038571e-20,9959.191676773205,0.9964244132841855,1.8619141027960863e-16
34920,0.0,-1.6322754867531214e-20,9959.19548105413,0.9964243735355593,1.7701571552676428e-16
34980,0.0,-1.62886336479295e-20,9959.19917973453,0.9964243348903286,1.7357932198466922e-16
35040,0.0,-1.622743550783151e-20,9959.202777207262,0.9964242973025803,1.6838776719811952e-16
35100,0.0,-1.6188083205729898e-20,9959.206276347215,0.9964242607422858,1.619775101736303e-16
35160,0.0,-1.6230062005549195e-20,9959.20967996446,0.996424225180095,1.5503323484519863e-16
35220,0.0,-1.6424110411045686e-20,9959.212990807446,0.9964241905873029,1.4839806595549592e-16
35280,0.0,-1.6852910900207288e-20,9959.216211566187,0.9964241569358167,1.430837849370604e-16
35340,0.0,-1.7611780659653424e-20,9959.21934487547,0.996424124198122,1.4028104579348954e-16
35400,0.0,-1.8676193479328102e-20,9959.222393202177,0.9964240923484392,1.404032192004721e-16
35460,0.0,-1.7975665542696433e-20,9959.22535717205,0.9964240613798998,1.291142839329259e-16
35520,0.0,-1.6791870207392328e-20,9959.228240268967,0.9964240312563049,1.1650675116306996e-16
35580,0.0,-1.5001793685452475e-20,9959.231044698796,0.9964240019545845,1.0258768061448979e-16
35640,0.0,-1.2464649308350454e-20,9959.233772598693,0.9964239734523834,8.734836158508521e-17
35700,0.0,-9.020801831240199e-21,9959.236426038755,0.9964239457280433,7.076171030210808e-17
35760,0.0,-4.490691737199484e-21,9959.239007023685,0.9964239187605848,5.277966727719993e-17
35820,0.0,1.3262404585266479e-21,9959.24151749445,0.9964238925296911,3.333059466142961e-17
35880,0.0,8.652629904282396e-21,9959.243959329935,0.9964238670156892,1.2316673600331072e-17
35940,0.0,1.4584762588255638e-20,9959.246334509817,0.9964238421983067,-7.019272175946666e-18
36000,0.0,1.729487167787676e-20,9959.248644901178,0.9964238180582904,-2.2590965668892217e-17
36060,0.0,1.8631230466609512e-20,9959.250892127136,0.9964237945783994,-3.625178265925696e-17
36120,0.0,1.8090440416708484e-20,9959.253077877085,0.9964237717410416,-4.7347583933448166e-17
36180,0.0,1.509822527335254e-20,9959.25520379167,0.996423749529143,-5.5158226256967076e-17
36240,0.0,9.005494773768478e-21,9959.257271464705,0.9964237279261285,-5.889480305192714e-17
36300,0.0,-9.155916436453158e-22,9959.25928244508,0.9964237069159024,-5.769688507457224e-17
36360,0.0,-1.547556113019521e-20,9959.261238238685,0.9964236864828288,-5.0629761092794815e-17
36420,0.0,-3.557156371776866e-20,9959.26314031032,0.9964236666117121,-3.668167856365405e-17
36480,0.0,-3.446888119027618e-20,9959.264990473346,0.9964236472803588,-4.3515885485725865e-17
36540,0.0,-3.2078172716777495e-20,9959.266789852794,0.9964236284794343,-5.042864899046524e-17
36600,0.0,-2.920472093613521e-20,9959.268539806944,0.9964236101948468,-5.654986849449632e-17
36660,0.0,-2.5910066206487694e-20,9959.27024167249,0.9964235924126402,-6.179898399882196e-17
36720,0.0,-2.2274750805348248e-20,9959.271896755827,0.9964235751191781,-6.609515110901357e-17
36780,0.0,-1.8399551992286e-20,9959.273506335021,0.9964235583011236,-6.93572856082221e-17
36840,0.0,-1.440671507160671e-20,9959.275071661756,0.9964235419454185,-7.150410803018905e-17
36900,0.0,-1.0441186455033642e-20,9959.276593963285,0.9964235260392639,-7.245418823225751e-17
36960,0.0,-6.671846724388382e-21,9959.278074444383,0.9964235105700991,-7.212598996838308e-17
37020,0.0,-3.292743694271702e-21,9959.27951428931,0.9964234955255823,-7.043791546214504e-17
37080,0.0,-5.243254747444049e-22,9959.280914663752,0.9964234808935698,-6.73083499797572e-17
37140,0.0,1.3853264659918478e-21,9959.282276716782,0.9964234666620958,-6.2655706403079e-17
37200,0.0,2.1592642389136667e-21,9959.28360158281,0.9964234528193523,-5.639846980262651e-17
37260,0.0,1.4904404714951105e-21,9959.284890383538,0.9964234393536691,-4.84552420105834e-17
37320,0.0,1.3497808927498798e-21,9959.286143309317,0.9964234262627318,-4.015273610479665e-17
37380,0.0,5.7334285102274e-21,9959.287359721366,0.9964234135525564,-3.407247122994527e-17
37440,0.0,1.0017783822746955e-20,9959.288542396815,0.9964234011948854,-2.7561492507441628e-17
37500,0.0,1.4099671982615578e-20,9959.289692291883,0.9964233891797433,-2.074453530992328e-17
37560,0.0,1.7864358190359617e-20,9959.290810349992,0.9964233774972902,-1.3761736819848844e-17
37620,0.0,2.1185095627546528e-20,9959.291897503426,0.9964233661378038,-6.7691567640554815e-18
37680,0.0,2.3922673389606882e-20,9959.292954674958,0.9964233550916638,6.070185168343912e-20
37740,0.0,2.5924964418656292e-20,9959.293982779494,0.9964233443493334,6.538372008101038e-18
37800,0.0,2.7026473436317164e-20,9959.294982725725,0.9964233339013429,1.2456901937879315e-17
37860,0.0,2.7047884876540728e-20,9959.295955417756,0.9964233237382725,1.759133439109156e-17
37920,0.0,2.5795610818428864e-20,9959.29690175676,0.9964233138507353,2.1698185900644986e-17
37980,0.0,2.3061338919056014e-20,9959.297822642606,0.9964233042293601,2.4514926047723125e-17
38040,0.0,1.8621580346291104e-20,9959.298718975519,0.9964232948647741,2.575945672722833e-17
38100,0.0,1.2237217711619408e-20,9959.299591657706,0.9964232857475863,2.512959141322428e-17
38160,0.0,3.653053002964461e-21,9959.300441595005,0.99642327686837,2.2302534424378465e-17
38220,0.0,-1.4620436430831213e-21,9959.301265584192,0.9964232682597631,2.2594742604642723e-17
38280,0.0,-3.8482442265848975e-21,9959.302064855958,0.9964232599090161,2.5210478445326262e-17
38340,0.0,-6.2986367827965706e-21,9959.30284205929,0.9964232517888613,2.7392367519733203e-17
38400,0.0,-8.73415475876231e-21,9959.30359785178,0.9964232438924165,2.911406329958281e-17
38460,0.0,-1.1064885482435598e-20,9959.304332882659,0.996423236212886,3.0353816751070364e-17
38520,0.0,-1.3189609260570467e-20,9959.30504779378,0.9964232287435488,3.109482550479181e-17
38580,0.0,-1.4995338476612742e-20,9959.30574322065,0.9964232214777493,3.132558302566838e-17
38640,0.0,-1.635685668859133e-20,9959.30641979343,0.9964232144088851,3.104022778287125e-17
38700,0.0,-1.7136257727009503e-20,9959.307078137945,0.9964232075303979,3.0238892419746125e-17
38760,0.0,-1.7182484792736162e-20,9959.307718876695,0.996423200835762,2.892805292373792e-17
38820,0.0,-1.633086955489713e-20,9959.308342629865,0.9964231943184736,2.712087779631533e-17
38880,0.0,-1.4402671248766405e-20,9959.308950016335,0.9964231879720411,2.483757722289552e-17
38940,0.0,-1.120461577365743e-20,9959.30954165469,0.9964231817899734,2.2105752242768717e-17
39000,0.0,-6.5284347908143944e-21,9959.310118164225,0.9964231757657698,1.8960743919022862e-17
39060,0.0,-1.504048213034823e-22,9959.310680165963,0.9964231698929095,1.5445982508468218e-17
39120,0.0,7.963633449690025e-22,9959.311223128101,0.9964231642197448,1.1723048626342444e-17
39180,0.0,1.670959140476543e-21,9959.311751246572,0.9964231587016802,7.776660914745104e-18
39240,0.0,2.577828253555328e-21,9959.312265035864,0.9964231533333245,3.6791182764724185e-18
39300,0.0,3.486039999263078e-21,9959.312764909462,0.9964231481103606,-4.855225931686468e-19
39360,0.0,4.359483986757362e-21,9959.31325127159,0.9964231430285688,-4.623028600879448e-18
39420,0.0,5.15662096287627e-21,9959.31372451771,0.9964231380838218,-8.628630519247246e-18
39480,0.0,5.83023365571908e-21,9959.314185035046,0.9964231332720785,-1.2386663250622992e-17
39540,0.0,6.327177618226911e-21,9959.31463320309,0.99642312858938,-1.5770206090998855e-17
39600,0.0,6.5881320717633784e-21,9959.31506939412,0.9964231240318431,-1.8640722993885964e-17
39660,0.0,6.547350749695275e-21,9959.315493973712,0.9964231195956553,-2.0847702834191974e-17
39720,0.0,6.132412740973226e-21,9959.315907301254,0.9964231152770702,-2.2228299672098783e-17
39780,0.0,5.263973333712345e-21,9959.316309730453,0.9964231110724007,-2.2606973016940162e-17
39840,0.0,3.855514858772905e-21,9959.316701609858,0.9964231069780152,-2.1795128091079388e-17
39900,0.0,1.813097533341e-21,9959.317083283366,0.9964231029903311,-1.959075609378691e-17
39960,0.0,-3.779558456028979e-23,9959.317454578495,0.9964230991110622,-1.7554883890409493e-17
40020,0.0,-1.7068273418399577e-22,9959.317814927444,0.9964230953459763,-1.8593074025688908e-17
40080,0.0,-3.1307922978756624e-22,9959.318165552706,0.9964230916824887,-1.9375649922292074e-17
40140,0.0,-4.606187339886699e-22,9959.318506712616,0.9964230881179005,-1.989343073517656e-17
40200,0.0,-6.080299229123705e-22,9959.318838658133,0.9964230846495903,-2.0140369691000802e-17
40260,0.0,-7.490831167024208e-22,9959.319161633197,0.9964230812750102,-2.0113774153856225e-17
40320,0.0,-8.765369100325586e-22,9959.319475875058,0.9964230779916817,-1.9814525690999395e-17
40380,0.0,-9.820848026178087e-22,9959.319781614638,0.996423074797193,-1.9247300138584136e-17
40440,0.0,-1.056301829725771e-21,9959.320079076868,0.9964230716891945,-1.8420787667393695e-17
40500,0.0,-1.0885911926879245e-21,9959.320368481038,0.9964230686653959,-1.7347912848572847e-17
40560,0.0,-1.0671308894109206e-21,9959.32065004114,0.9964230657235618,-1.6046054719360054e-17
40620,0.0,-9.788203448878812e-22,9959.320923966216,0.996423062861509,-1.4537266848819602e-17
40680,0.0,-8.092270417096936e-22,9959.321190460703,0.9964230600771021,-1.2848497403573722e-17
40740,0.0,-5.425331505763085e-22,9959.321449724783,0.9964230573682507,-1.1011809213534747e-17
40800,0.0,-1.6148216080803645e-22,9959.321701954723,0.9964230547329046,-9.064599837637236e-18
40860,0.0,-4.030274694226334e-27,9959.321947188171,0.9964230521706474,-6.839954591511451e-18
40920,0.0,-6.9272658956722605e-25,9959.32218563092,0.996423049679332,-4.408684813207971e-18
40980,0.0,-1.3967453451148457e-24,9959.322417531246,0.996423047256375,-1.908975862919641e-18
41040,0.0,-2.0951709434644862e-24,9959.322643062886,0.9964230448999603,6.122334716250017e-19
41100,0.0,-2.7640921419457396e-24,9959.322862396646,0.9964230426083023,3.1025824648266683e-18
41160,0.0,-3.376469877327086e-24,9959.323075700726,0.9964230403796428,5.504100067204397e-18
41220,0.0,-3.902005090052616e-24,9959.32328314104,0.9964230382122471,7.753016519384612e-18
41280,0.0,-4.307006548478741e-24,9959.323484881541,0.9964230361044011,9.77957496609029e-18
41340,0.0,-4.5542586731109136e-24,9959.32368108454,0.9964230340544074,1.1507843070130014e-17
41400,0.0,-4.602889360840337e-24,9959.32387191103,0.9964230320605824,1.2855524626387087e-17
41460,0.0,-4.408237809180684e-24,9959.324057521017,0.9964230301212528,1.3733771175808622e-17
41520,0.0,-3.92172234050481e-24,9959.324238073827,0.9964230282347522,1.4046993619394654e-17
41580,0.0,-3.0907082262814672e-24,9959.324413728438,0.9964230263994175,1.3692673832187227e-17
41640,0.0,-1.8583755113120206e-24,9959.324584643806,0.996423024613586,1.256117627725949e-17
41700,0.0,-1.6358683796716226e-25,9959.32475097918,0.9964230228755915,1.0535559619704806e-17
41760,0.0,-1.7597659776851732e-24,9959.324910576139,0.9964230212081208,1.4584240007387943e-17
41820,0.0,-3.462558501100078e-24,9959.325065485926,0.9964230195896274,1.879128275418863e-17
41880,0.0,-5.222470128459538e-24,9959.325215855202,0.996423018018577,2.306385126951054e-17
41940,0.0,-7.020581766003569e-24,9959.325361810716,0.996423016493645,2.7366835758962748e-17
42000,0.0,-8.835747943292785e-24,9959.325503479453,0.9964230150135033,3.166198967057714e-17
42060,0.0,-1.0644518797761021e-23,9959.325640988929,0.9964230135768191,3.590784189795943e-17
42120,0.0,-1.2421062059268048e-23,9959.325774467477,0.9964230121822505,4.005960898344043e-17
42180,0.0,-1.413708503465207e-23,9959.32590404454,0.996423010828444,4.4069107321227233e-17
42240,0.0,-1.576175659228255e-23,9959.326029850954,0.9964230095140313,4.78846653605545e-17
42300,0.0,-1.7261629146612686e-23,9959.326152019248,0.9964230082376268,5.1451035808835493e-17
42360,0.0,-1.8600560642732193e-23,9959.32627068393,0.9964230069978234,5.470930783481347e-17
42420,0.0,-1.9739636540919868e-23,9959.326385981773,0.9964230057931909,5.759681927171275e-17
42480,0.0,-2.063709180119628e-23,9959.326498052102,0.996423004622272,6.004706882038998e-17
42540,0.0,-2.1248232867876386e-23,9959.3266070371,0.9964230034835794,6.198962825248536e-17
42600,0.0,-2.1525359654122178e-23,9959.326713082075,0.9964230023755932,6.33500546135738e-17
42660,0.0,-2.141768752649536e-23,9959.326816335772,0.9964230012967574,6.404980242631615e-17
42720,0.0,-2.087126928950996e-23,9959.326916950646,0.9964230002454771,6.400613589361043e-17
42780,0.0,-1.982891717018498e-23,9959.327015083158,0.9964229992201156,6.313204110174298e-17
42840,0.0,-1.823012480259706e-23,9959.327110894068,0.9964229982189907,6.133613822353969e-17
42900,0.0,-1.6010989212433104e-23,9959.327204548721,0.9964229972403726,5.852259372151724e-17
42960,0.0,-1.3104132801542947e-23,9959.327296217338,0.9964229962824805,5.4591032551034274e-17
43020,0.0,-9.438625332491976e-24,9959.3273860753,0.9964229953434792,4.943645036344257e-17
43080,0.0,-4.939905913113791e-24,9959.327474303449,0.9964229944214764,4.2949125709238337e-17
43140,0.0,1.4004512994463275e-26,9959.3275605005,0.9964229935206788,3.5674020852543673e-17
43200,0.0,2.3560617899864967e-25,9959.327638069948,0.9964229927101976,3.510794398681924e-17
43260,0.0,4.658976029339441e-25,9959.327713208184,0.9964229919251182,3.439839012497169e-17
43320,0.0,7.024809901504565e-25,9959.327786001904,0.9964229911645348,3.354923934891903e-17
43380,0.0,9.427061721906495e-25,9959.327856539194,0.9964229904275272,3.2565391687103565e-17
43440,0.0,1.1836629897966294e-24,9959.327924909721,0.9964229897131587,3.1452803084450194e-17
43500,0.0,1.4221736759174227e-24,9959.327991204915,0.9964229890204739,3.0218521372324645e-17
43560,0.0,1.6547852387162574e-24,9959.328055518134,0.9964229883484975,2.8870722238491655e-17
43620,0.0,1.8777618445778307e-24,9959.328117944855,0.9964229876962322,2.7418745197073177e-17
43680,0.0,2.087077201115615e-24,9959.328178582857,0.9964229870626562,2.5873129558506632e-17
43740,0.0,2.2784069401791046e-24,9959.328237532385,0.9964229864467224,2.4245650399503115e-17
43800,0.0,2.4471210008611213e-24,9959.328294896346,0.9964229858473559,2.2549354533005576e-17
43860,0.0,2.5882760125050818e-24,9959.328350780477,0.9964229852634517,2.0798596478147097e-17
43920,0.0,2.6966076777122816e-24,9959.32840529353,0.9964229846938739,1.9009074430209047e-17
43980,0.0,2.7665231553491727e-24,9959.32845854745,0.996422984137453,1.7197866230579345e-17
44040,0.0,2.7920934435546434e-24,9959.328510657557,0.9964229835929842,1.5383465336710648e-17
44100,0.0,2.7670457627472962e-24,9959.328561742717,0.9964229830592258,1.3585816792078581e-17
44160,0.0,2.684755938632734e-24,9959.328611925535,0.996422982534897,1.1826353196139952e-17
44220,0.0,2.5382407852108315e-24,9959.32866133252,0.9964229820186762,1.0128030674290955e-17
44280,0.0,2.3201504877830212e-24,9959.328710094276,0.9964229815091988,8.515364847825407e-18
44340,0.0,2.022760985959568e-24,9959.328758345673,0.9964229810050562,7.014466803892943e-18
44400,0.0,1.6379663566668542e-24,9959.328806226036,0.9964229805047927,5.65307906545725e-18
44460,0.0,1.1572711971546542e-24,9959.328853879311,0.9964229800069045,4.460611561254275e-18
44520,0.0,5.71783008003417e-25,9959.32890145426,0.9964229795098378,3.46817759575044e-18
44580,0.0,-3.475686106893615e-26,9959.32894814264,0.9964229790220351,2.5235033822807488e-18
44640,0.0,-2.458406040586759e-25,9959.328989696412,0.9964229785878693,8.131373710778413e-19
44700,0.0,-4.645725590974238e-25,9959.329030343071,0.9964229781631818,-8.445469975589229e-19
44760,0.0,-6.885278150096663e-25,9959.329070118172,0.9964229777476009,-2.437094498422841e-18
44820,0.0,-9.150000601667923e-25,9959.329109055567,0.9964229773407729,-3.9515925227621805e-18
44880,0.0,-1.1409921112010036e-24,9959.329147187407,0.9964229769423617,-5.3746691102677285e-18
44940,0.0,-1.3632064417192067e-24,9959.329184544147,0.9964229765520491,-6.692490981060402e-18
45000,0.0,-1.5780357110169256e-24,9959.329221154545,0.9964229761695347,-7.890761567678797e-18
45060,0.0,-1.781553292792199e-24,9959.329257045662,0.9964229757945354,-8.954719047066772e-18
45120,0.0,-1.969503803859489e-24,9959.329292242875,0.9964229754267862,-9.869134372561026e-18
45180,0.0,-2.1372936328635774e-24,9959.329326769874,0.9964229750660394,-1.0618309305878682e-17
45240,0.0,-2.2799814689934737e-24,9959.329360648659,0.996422974712065,-1.118607444910483e-17
45300,0.0,-2.3922688306963146e-24,9959.329393899554,0.9964229743646505,-1.155578727668015e-17
45360,0.0,-2.468490594391274e-24,9959.329426541199,0.9964229740236011,-1.1710330167388441e-17
45420,0.0,-2.5026055231834554e-24,9959.329458590562,0.9964229736887394,-1.1632108436344232e-17
45480,0.0,-2.488186795577805e-24,9959.329490062939,0.9964229733599055,-1.1303048366980337e-17
45540,0.0,-2.418412534193008e-24,9959.329520971947,0.9964229730369567,-1.0704595243035434e-17
45600,0.0,-2.286056334475395e-24,9959.329551329545,0.9964229727197682,-9.81771138054165e-18
45660,0.0,-2.0834777934128444e-24,9959.329581146021,0.9964229724082321,-8.622874159812121e-18
45720,0.0,-1.8026130382486855e-24,9959.329610430003,0.9964229721022583,-7.10007405742858e-18
45780,0.0,-1.5336707365172418e-24,9959.329639159685,0.9964229718020762,-5.575159516921456e-18
45840,0.0,-1.4582797666559133e-24,9959.329667284832,0.9964229715082144,-4.695824133138434e-18
45900,0.0,-1.356895464163442e-24,9959.329694870357,0.9964229712199901,-3.703179810876981e-18
45960,0.0,-1.2277555219160055e-24,9959.329721915909,0.9964229709374071,-2.6036372176265702e-18
46020,0.0,-1.0690717512821343e-24,9959.329748419355,0.9964229706604876,-1.4046715397088767e-18
46080,0.0,-8.790311914965081e-25,9959.329774376789,0.9964229703892722,-1.1485764065443636e-19
46140,0.0,-6.55797219033766e-25,9959.329799782521,0.9964229701238204,1.2560947804206209e-18
46200,0.0,-3.975106569822873e-25,9959.329824629085,0.9964229698642102,2.6973060304379504e-18
46260,0.0,-1.0229088441799799e-25,9959.329848907235,0.996422969610538,4.196691263980292e-18
46320,0.0,2.31763054221826e-25,9959.329872605942,0.996422969362919,5.740925324914805e-18
46380,0.0,6.065713397647724e-25,9959.3298957124,0.9964229691214869,7.315407588016369e-18
46440,0.0,1.0240722689294858e-24,9959.329918212024,0.996422968886394,8.904226800590947e-18
46500,0.0,1.4862211449518766e-24,9959.329940088448,0.9964229686578114,1.0490125924098886e-17
46560,0.0,1.9949891682113157e-24,9959.32996132352,0.9964229684359285,1.2054466975778233e-17
46620,0.0,2.5523623268568407e-24,9959.32998189731,0.9964229682209533,1.3577195870268087e-17
46680,0.0,3.1603402874333608e-24,9959.33000178811,0.9964229680131128,1.5036807261231897e-17
46740,0.0,3.820935285507854e-24,9959.330020972422,0.9964229678126523,1.641030938298081e-17
46800,0.0,4.5361710162955715e-24,9959.330039424973,0.9964229676198357,1.7673188892096977e-17
46860,0.0,5.308081525286238e-24,9959.330057118703,0.9964229674349457,1.8799375709056886e-17
46920,0.0,6.138710098870258e-24,9959.33007402477,0.9964229672582836,1.9761207859854683e-17
46980,0.0,6.889564501344736e-24,9959.330090766349,0.9964229670833424,2.0808249799572643e-17
47040,0.0,7.447585191084819e-24,9959.330107846552,0.9964229669048684,2.2137956548262317e-17
47100,0.0,7.990591908694067e-24,9959.330124413584,0.9964229667317563,2.336896220942753e-17
47160,0.0,8.51252669617476e-24,9959.330140469274,0.9964229665639872,2.448301070210346e-17
47220,0.0,9.006889925082505e-24,9959.330156015743,0.9964229664015389,2.5460961909215804e-17
47280,0.0,9.466728626271495e-24,9959.330171055442,0.9964229662443861,2.6282777473109474e-17
47340,0.0,9.884624819639742e-24,9959.330185591212,0.9964229660924993,2.6927506591077333e-17
47400,0.0,1.0252683843874349e-23,9959.330199626322,0.9964229659458441,2.7373271810888942e-17
47460,0.0,1.056252268619675e-23,9959.330213164527,0.9964229658043819,2.7597254826319295e-17
47520,0.0,1.0805258312107979e-23,9959.330226210113,0.9964229656680681,2.7575682272677593e-17
47580,0.0,1.0971495995133914e-23,9959.330238767947,0.9964229655368517,2.7283811522335924e-17
47640,0.0,1.1051317646570535e-23,9959.330250843523,0.9964229654106759,2.669591648025807e-17
47700,0.0,1.1034270145229172e-23,9959.330262443013,0.9964229652894762,2.57852733795282e-17
47760,0.0,1.0909353667181768e-23,9959.330273573316,0.9964229651731807,2.4524146576879626e-17
47820,0.0,1.0665010015506124e-23,9959.330284242107,0.9964229650617098,2.288377434822356e-17
47880,0.0,1.028911095003116e-23,9959.330294457885,0.9964229649549746,2.0834354684177832e-17
47940,0.0,9.768946517082168e-24,9959.330304230021,0.9964229648528776,1.8345031085595637e-17
48000,0.0,9.091213379226057e-24,9959.330313568807,0.9964229647553117,1.5383878359094284e-17
48060,0.0,8.242003145016624e-24,9959.33032248551,0.9964229646621592,1.191788841258393e-17
48120,0.0,7.20679069873979e-24,9959.330330992412,0.9964229645732924,7.912956050796325e-18
48180,0.0,6.3621463511487184e-24,9959.33033913439,0.9964229644882349,4.5369970516371675e-18
48240,0.0,5.773584416107816e-24,9959.330346932462,0.996422964406766,2.0033967348722526e-18
48300,0.0,5.124138377656916e-24,9959.330354378071,0.9964229643289814,-6.483411238236751e-19
48360,0.0,4.414152632083915e-24,9959.330361489472,0.9964229642546902,-3.4032470582659944e-18
48420,0.0,3.644249491103569e-24,9959.330368286257,0.9964229641836878,-6.2445927314465415e-18
48480,0.0,2.815340046449495e-24,9959.330374789413,0.9964229641157551,-9.15383592695188e-18
48540,0.0,1.9286350344661933e-24,9959.330381021366,0.9964229640506577,-1.2110565540381582e-17
48600,0.0,9.856557007010576e-25,9959.330387006032,0.9964229639881458,-1.509244657076645e-17
48660,0.0,-1.175533550360955e-26,9959.330392768872,0.9964229639279533,-1.8075165111986837e-17
48720,0.0,-1.0614232164185876e-24,9959.330398336942,0.9964229638697976,-2.103237334419087e-17
48780,0.0,-2.1608299813357212e-24,9959.330403738939,0.9964229638133789,-2.393563452521276e-17
48840,0.0,-3.307103701975901e-24,9959.330409005253,0.9964229637583797,-2.6754367981991024e-17
48900,0.0,-4.497007617897056e-24,9959.330414168026,0.9964229637044641,-2.9455794101986785e-17
48960,0.0,-5.726929271902137e-24,9959.330419261189,0.9964229636512778,-3.200487932460203e-17
49020,0.0,-6.992869645447112e-24,9959.33042432052,0.9964229635984468,-3.4364281132597885e-17
49080,0.0,-8.29043229404893e-24,9959.330429383697,0.9964229635455776,-3.6494293043512844e-17
49140,0.0,-9.614812482693537e-24,9959.330434490346,0.9964229634922559,-3.8352789601081114e-17
49200,0.0,-1.0960786321243835e-23,9959.330439682088,0.996422963438047,-3.9895171366650784e-17
49260,0.0,-1.2322699899847686e-23,9959.330445002593,0.9964229633824946,-4.107430991060219e-17
49320,0.0,-1.369445842434589e-23,9959.330450497635,0.9964229633251205,-4.1840492803766105e-17
49380,0.0,-1.4900486608365144e-23,9959.330455067675,0.996422963277405,-4.311878104472377e-17
49440,0.0,-1.5964108871845566e-23,9959.330458968752,0.9964229632366743,-4.467872460445182e-17
49500,0.0,-1.695580512116034e-23,9959.330462782495,0.9964229631968551,-4.601170889093602e-17
49560,0.0,-1.7861496180980013e-23,9959.330466522086,0.9964229631578092,-4.709247931084812e-17
49620,0.0,-1.8666275119042643e-23,9959.3304702008,0.9964229631193976,-4.789484520417552e-17
49680,0.0,-1.9354388539919947e-23,9959.33047383201,0.9964229630814803,-4.839167018010618e-17
49740,0.0,-1.9909217878783461e-23,9959.330477429174,0.9964229630439162,-4.855486245291399e-17
49800,0.0,-2.031326069517065e-23,9959.330481005838,0.9964229630065633,-4.835536517784389e-17
49860,0.0,-2.0548111966751084e-23,9959.330484575637,0.9964229629692789,-4.7763146786997105e-17
49920,0.0,-2.0594445383092532e-23,9959.330488152282,0.9964229629319192,-4.674719132521624e-17
49980,0.0,-2.043199463942714e-23,9959.330491749564,0.9964229628943395,-4.527548878597054e-17
50040,0.0,-2.003953473041754e-23,9959.330495381359,0.9964229628563945,-4.331502544724108e-17
50100,0.0,-1.9394863243923008e-23,9959.330499061605,0.996422962817938,-4.083177420740592e-17
50160,0.0,-1.8474781654765592e-23,9959.330502804321,0.9964229627788228,-3.779068492112528e-17
50220,0.0,-1.725507661849626e-23,9959.330506623592,0.9964229627389013,-3.4155674735226774e-17
50280,0.0,-1.5710501265161014e-23,9959.330510533568,0.9964229626980251,-2.988961842459055e-17
50340,0.0,-1.3814756493067076e-23,9959.330514548463,0.9964229626560449,-2.4954338728034518e-17
50400,0.0,-1.1540472262548971e-23,9959.330518682555,0.9964229626128109,-1.9310596684199504e-17
50460,0.0,-8.85918888973471e-24,9959.330522950177,0.9964229625681728,-1.291808196743445e-17
50520,0.0,-5.741338340311899e-24,9959.33052736572,0.9964229625219793,-5.735403223681599e-18
50580,0.0,-3.586408280791972e-24,9959.330531321968,0.9964229624806047,-3.2059381486645685e-19
50640,0.0,-1.7239959907139936e-24,9959.33053511098,0.996422962440983,4.5310319999524324e-18
50700,0.0,2.366347864576207e-25,9959.330538902794,0.9964229624013292,9.51463232808555e-18
50760,0.0,2.286232621956509e-24,9959.330542693117,0.9964229623616881,1.459703203049054e-17
50820,0.0,4.414392931360251e-24,9959.330546476674,0.9964229623221151,1.9741903129626494e-17
50880,0.0,6.609521302944107e-24,9959.330550247183,0.9964229622826759,2.4909673779423462e-17
50940,0.0,8.858796826034897e-24,9959.330553997328,0.9964229622434471,3.0057437235252e-17
51000,0.0,1.1148135419364718e-23,9959.33055771873,0.9964229622045163,3.513886082389263e-17
51060,0.0,1.346215315942481e-23,9959.330561401926,0.9964229621659826,4.0104094913505435e-17
51120,0.0,1.5784129608819306e-23,9959.330565036338,0.9964229621279568,4.489968188359948e-17
51180,0.0,1.8095971144619096e-23,9959.330568610247,0.9964229620905615,4.946846509500238e-17
51240,0.0,2.0378174286715564e-23,9959.33057211076,0.9964229620539317,5.374949785982986e-17
51300,0.0,2.2609789026174426e-23,9959.330575523803,0.9964229620182147,5.767795241145516e-17
51360,0.0,2.476838215358953e-23,9959.330578834071,0.9964229619835707,6.118502887447865e-17
51420,0.0,2.683000058743665e-23,9959.330582025013,0.9964229619501731,6.419786423469728e-17
51480,0.0,2.8769134702427276e-23,9959.330585078807,0.9964229619182082,6.663944130907414e-17
51540,0.0,3.0558681657862455e-23,9959.330587976325,0.9964229618878765,6.842849771570796e-17
51600,0.0,3.216990872598654e-23,9959.330590697116,0.9964229618593919,6.947943484380261e-17
51660,0.0,3.357241662034103e-23,9959.330593219374,0.9964229618329828,6.970222682363662e-17
51720,0.0,3.473410282411837e-23,9959.33059551991,0.9964229618088919,6.900232949653275e-17
51780,0.0,3.6819569830649297e-23,9959.33059894111,0.9964229617730898,7.263641201566351e-17
51840,0.0,3.8968316986407653e-23,9959.330602516056,0.9964229617356826,7.681424346395893e-17
51900,0.0,4.101431109692569e-23,9959.330606070576,0.9964229616984911,8.085246393044292e-17
51960,0.0,4.293787057537456e-23,9959.330609598048,0.996422961661585,8.472514028524259e-17
52020,0.0,4.471827857015115e-23,9959.330613091302,0.9964229616250397,8.840517050580139e-17
52080,0.0,4.633376236915849e-23,9959.330616542627,0.9964229615889365,9.18642644897928e-17
52140,0.0,4.776147280408599e-23,9959.330619943745,0.9964229615533625,9.507292486803439e-17
52200,0.0,4.897746365469e-23,9959.330623285807,0.9964229615184106,9.800042781740196e-17
52260,0.0,4.9956671053073994e-23,9959.330626559395,0.9964229614841801,1.0061480387374329e-16
52320,0.0,5.067289288796902e-23,9959.330629754499,0.996422961450776,1.028828187447924e-16
52380,0.0,5.109876820901402e-23,9959.330632860521,0.99642296141831,1.0476995412308344e-16
52440,0.0,5.1205756631036265e-23,9959.330635866258,0.9964229613868999,1.0624038849886463e-16
52500,0.0,5.096411773833165e-23,9959.330638759897,0.9964229613566699,1.0725697797301233e-16
52560,0.0,5.034289048894507e-23,9959.330641529008,0.9964229613277505,1.0778123706994505e-16
52620,0.0,4.930987261895081e-23,9959.330644160533,0.9964229613002793,1.0777331955053742e-16
52680,0.0,4.783160004673289e-23,9959.330646640781,0.9964229612744002,1.071919992250342e-16
52740,0.0,4.587332627726541e-23,9959.330648955412,0.9964229612502639,1.0599465076596427e-16
52800,0.0,4.339900180639296e-23,9959.330651089442,0.996422961228028,1.0413723052105467e-16
52860,0.0,4.037125352511093e-23,9959.330653027222,0.9964229612078569,1.0157425732614454e-16
52920,0.0,3.6751364123845933e-23,9959.330654752433,0.9964229611899222,9.825879331809919e-17
52980,0.0,3.24992514967361e-23,9959.330656248083,0.9964229611744027,9.4142424747724e-17
53040,0.0,2.75734481459115e-23,9959.330657496494,0.996422961161484,8.917524279267858e-17
53100,0.0,2.1931080585774478e-23,9959.330658479294,0.9964229611513594,8.330582437039058e-17
53160,0.0,1.5527848747280013e-23,9959.330659177405,0.9964229611442295,7.648121295096984e-17
53220,0.0,8.318005382216106e-24,9959.33065957105,0.9964229611403019,6.864689937012232e-17
53280,0.0,4.8712455116571766e-24,9959.330660943533,0.9964229611260463,6.462996382416122e-17
53340,0.0,2.2109590097248554e-24,9959.330662446791,0.9964229611104033,6.127597905112198e-17
53400,0.0,-4.1681890129342595e-25,9959.330663860117,0.996422961095699,5.778132596575421e-17
53460,0.0,-2.9848922818020252e-24,9959.330665183092,0.996422961081937,5.4168583099757933e-17
53520,0.0,-5.464183717270007e-24,9959.330666415517,0.9964229610691188,5.046230994545019e-17
53580,0.0,-7.823690067453513e-24,9959.33066755742,0.996422961057243,4.668909635478855e-17
53640,0.0,-1.0030438215618242e-23,9959.330668609067,0.9964229610463065,4.2877611938394685e-17
53700,0.0,-1.2049440817761919e-23,9959.330669570967,0.9964229610363027,3.905865546457775e-17
53760,0.0,-1.3843652051836775e-23,9959.330670443891,0.9964229610272228,3.5265204258357947e-17
53820,0.0,-1.537392336697193e-23,9959.330671228872,0.9964229610190549,3.153246360049003e-17
53880,0.0,-1.6598959232695943e-23,9959.330671927226,0.9964229610117844,2.7897916126486754e-17
53940,0.0,-1.747527288815918e-23,9959.33067254055,0.9964229610053933,2.4401371225642403e-17
54000,0.0,-1.795714209135634e-23,9959.33067307074,0.9964229609998608,2.10850144400563e-17
54060,0.0,-1.7996564868348874e-23,9959.330673520002,0.9964229609951626,1.799345686365627e-17
54120,0.0,-1.7543215262487432e-23,9959.330673890854,0.996422960991271,1.517378454122216e-17
54180,0.0,-1.654439908363438e-23,9959.330674186143,0.9964229609881552,1.2675607867409316e-17
54240,0.0,-1.494500965738617e-23,9959.330674409053,0.9964229609857804,1.0551110985772122e-17
54300,0.0,-1.2687483574295879e-23,9959.330674563116,0.9964229609841082,8.855101187787426e-18
54360,0.0,-9.711756439095601e-24,9959.330674652216,0.9964229609830966,7.645058311878123e-18
54420,0.0,-5.955218619918959e-24,9959.330674680608,0.9964229609826994,6.981184142436578e-18
54480,0.0,-1.3526709975235074e-24,9959.330674652923,0.9964229609828668,6.926451808848168e-18
54540,0.0,4.163719285486768e-24,9959.330674574177,0.9964229609835445,7.546655184514754e-18
54600,0.0,1.0664463075439019e-23,9959.330674449784,0.9964229609846743,8.910458285878195e-18
54660,0.0,1.8222793458369055e-23,9959.330674285566,0.9964229609861934,1.1089444671443832e-17
54720,0.0,2.691471001079892e-23,9959.330674087754,0.996422960988035,1.4158166840803997e-17
54780,0.0,3.0219728359138474e-23,9959.330673662083,0.9964229609923939,1.3348030889638109e-17
54840,0.0,3.201464850959904e-23,9959.330673131202,0.9964229609978904,1.1526616854098765e-17
54900,0.0,3.3715050480996365e-23,9959.330672543185,0.9964229610039863,9.755106150070222e-18
54960,0.0,3.5290259594490367e-23,9959.330671902435,0.9964229610106365,8.033634036688074e-18
55020,0.0,3.670744659489851e-23,9959.330671213667,0.9964229610177926,6.361775467356509e-18
55080,0.0,3.7931574660434664e-23,9959.33067048191,0.996422961025403,4.738523080218177e-18
55140,0.0,3.8925346412449393e-23,9959.330669712519,0.9964229610334124,3.1622651886239986e-18
55200,0.0,3.964915092516934e-23,9959.33066891118,0.9964229610417628,1.6307637716029368e-18
55260,0.0,4.0061010735437e-23,9959.330668083912,0.9964229610503922,1.4113246433183317e-19
55320,0.0,4.0116528852450525e-23,9959.330667237087,0.9964229610592351,-1.3101854513947894e-18
55380,0.0,3.97688357675033e-23,9959.330666377422,0.9964229610682227,-2.727439056694907e-18
55440,0.0,3.8968536463723636e-23,9959.330665511996,0.9964229610772821,-4.1155918051292105e-18
55500,0.0,3.766365742581454e-23,9959.330664648252,0.9964229610863371,-5.4803435322312815e-18
55560,0.0,3.579959364979342e-23,9959.33066379401,0.9964229610953071,-6.828152465037772e-18
55620,0.0,3.331905565273171e-23,9959.330662957464,0.9964229611041083,-8.166257231618625e-18
55680,0.0,3.016201648249463e-23,9959.330662147197,0.9964229611126524,-9.502698870607238e-18
55740,0.0,2.626565872748085e-23,9959.330661372189,0.996422961120847,-1.0846342840730673e-17
55800,0.0,2.1564321526362206e-23,9959.330660641815,0.9964229611285961,-1.2206901030339827e-17
55860,0.0,1.598944757782342e-23,9959.330659965866,0.9964229611357991,-1.3594953766939652e-17
55920,0.0,9.469530150301751e-24,9959.33065935454,0.9964229611423511,-1.5021971826719326e-17
55980,0.0,1.930060091726697e-24,9959.330658818459,0.9964229611481432,-1.6500338444082438e-17
56040,0.0,-6.706527160740222e-24,9959.330658368677,0.9964229611530618,-1.8043371321177206e-17
56100,0.0,-1.6520904570965877e-23,9959.330658016683,0.9964229611569891,-1.966534463742664e-17
56160,0.0,-2.759690649410576e-23,9959.330657774404,0.9964229611598023,-2.1381511059058752e-17
56220,0.0,-4.002158166686431e-23,9959.330657654224,0.9964229611613746,-2.3208123748636735e-17
56280,0.0,-4.6058857375074895e-23,9959.33065704213,0.9964229611679244,-2.399605832596451e-17
56340,0.0,-4.9796263995913926e-23,9959.330656271311,0.9964229611760743,-2.435886198855003e-17
56400,0.0,-5.333192528369258e-23,9959.330655515821,0.9964229611840594,-2.4614155974473216e-17
56460,0.0,-5.661916188610179e-23,9959.330654778123,0.9964229611918525,-2.47604902749473e-17
56520,0.0,-5.960836679777298e-23,9959.330654060657,0.9964229611994271,-2.479657056478246e-17
56580,0.0,-6.224693710964914e-23,9959.330653365834,0.9964229612067566,-2.472126214287015e-17
56640,0.0,-6.447920575835703e-23,9959.330652696026,0.9964229612138147,-2.4533593872667515e-17
56700,0.0,-6.624637327557878e-23,9959.330652053572,0.9964229612205756,-2.423276212268167e-17
56760,0.0,-6.74864395374231e-23,9959.33065144077,0.9964229612270138,-2.381813470695407e-17
56820,0.0,-6.813413551379726e-23,9959.33065085988,0.9964229612331038,-2.32892548255449e-17
56880,0.0,-6.812085501777877e-23,9959.330650313113,0.9964229612388208,-2.264584500501735e-17
56940,0.0,-6.737458645498681e-23,9959.330649802638,0.9964229612441405,-2.1887811038922016e-17
57000,0.0,-6.581984457295407e-23,9959.33064933057,0.9964229612490388,-2.101524592828122e-17
57060,0.0,-6.337760221049818e-23,9959.330648898971,0.9964229612534922,-2.002843382207338e-17
57120,0.0,-5.996522204709356e-23,9959.33064850985,0.9964229612574773,-1.892785395771733e-17
57180,0.0,-5.549638835224298e-23,9959.330648165158,0.996422961260972,-1.7714184601556696e-17
57240,0.0,-4.988103873484913e-23,9959.330647866786,0.9964229612639539,-1.6388306989344226e-17
57300,0.0,-4.30252958925864e-23,9959.33064761656,0.9964229612664017,-1.4951309266726135e-17
57360,0.0,-3.4831399361272387e-23,9959.33064741624,0.9964229612682944,-1.3404490429726472e-17
57420,0.0,-2.519763726423966e-23,9959.330647267518,0.996422961269612,-1.1749364265231444e-17
57480,0.0,-1.4018278061707296e-23,9959.330647172013,0.9964229612703346,-9.987663291473782e-18
57540,0.0,-1.183502300152595e-24,9959.330647131274,0.9964229612704434,-8.121342698517075e-18
57600,0.0,1.3420665638317293e-23,9959.330647146768,0.9964229612699201,-6.1525842887401304e-18
57660,0.0,2.9912425786593786e-23,9959.330647219886,0.9964229612687473,-4.08380041732131e-18
57720,0.0,4.8414270843195136e-23,9959.330647351933,0.996422961266908,-1.9176379327228844e-18
57780,0.0,5.824902452590912e-23,9959.3306474294,0.9964229612658558,-4.847403520740122e-20
57840,0.0,6.429089495750729e-23,9959.330647503788,0.9964229612649305,1.69242698422496e-18
57900,0.0,7.008044863060322e-23,9959.3306476123,0.9964229612636544,3.4250660736407325e-18
57960,0.0,7.55443670672085e-23,9959.330647753619,0.9964229612620432,5.1380767229180005e-18
58020,0.0,8.060465210189689e-23,9959.33064792623,0.9964229612601146,6.819500740902638e-18
58080,0.0,8.517851776501879e-23,9959.330648128423,0.9964229612578887,8.456777924121903e-18
58140,0.0,8.917828216591742e-23,9959.330648358284,0.9964229612553872,1.003673572549806e-17
58200,0.0,9.251125937614507e-23,9959.330648613686,0.9964229612526349,1.1545578923061863e-17
58260,0.0,9.507965131267817e-23,9959.330648892295,0.9964229612496585,1.2968879288666212e-17
58320,0.0,9.678043962113331e-23,9959.330649191557,0.9964229612464871,1.429156525669973e-17
58380,0.0,9.750527755898333e-23,9959.330649508693,0.9964229612431525,1.549791159280032e-17
58440,0.0,9.714038187877266e-23,9959.3306498407,0.9964229612396889,1.657152906256879e-17
58500,0.0,9.556642471133337e-23,9959.330650184345,0.9964229612361328,1.7495354100282366e-17
58560,0.0,9.265842544900075e-23,9959.330650536158,0.9964229612325237,1.8251638477608343e-17
58620,0.0,8.828564262882929e-23,9959.330650892425,0.9964229612289035,1.8821938972317624e-17
58680,0.0,8.231146581580834e-23,9959.330651249193,0.9964229612253168,1.918710703699833e-17
58740,0.0,7.459330748607778e-23,9959.330651602257,0.9964229612218112,1.932727846776937e-17
58800,0.0,6.49824949101441e-23,9959.330651947153,0.9964229612184368,1.9221863072994013e-17
58860,0.0,5.332416203609589e-23,9959.330652279168,0.9964229612152466,1.8849534341993488e-17
58920,0.0,3.9457141372819774e-23,9959.330652593317,0.9964229612122969,1.818821911376056e-17
58980,0.0,2.3213855873216043e-23,9959.330652884351,0.9964229612096465,1.7215087245673114e-17
59040,0.0,4.4202108174146345e-24,9959.330653146748,0.9964229612073572,1.5906541282207727e-17
59100,0.0,-1.7104514304009238e-23,9959.330653374709,0.9964229612054941,1.423820612365327e-17
59160,0.0,-4.154777390681931e-23,9959.330653562154,0.9964229612041254,1.2184918694824475e-17
59220,0.0,-6.910386442990243e-23,9959.330653702715,0.9964229612033225,9.720717613775517e-18
59280,0.0,-7.249607023674104e-23,9959.330654076126,0.9964229611995045,9.929568933044698e-18
59340,0.0,-8.320819347307098e-23,9959.330654551086,0.996422961194799,9.131677889302606e-18
59400,0.0,-9.322076476402515e-23,9959.330655029811,0.9964229611900378,8.328468921880725e-18
59460,0.0,-1.0247002482800037e-22,9959.330655510435,0.9964229611852389,7.521623113154756e-18
59520,0.0,-1.1088155986319882e-22,9959.330655991034,0.9964229611804205,6.713977168164624e-18
59580,0.0,-1.1837030154762677e-22,9959.330656469629,0.9964229611756015,5.909523414614522e-18
59640,0.0,-1.2484052703909568e-22,9959.330656944183,0.9964229611708006,5.113409802872854e-18
59700,0.0,-1.301858589752216e-22,9959.33065741261,0.9964229611660375,4.331939905972291e-18
59760,0.0,-1.3428926547342554e-22,9959.330657872764,0.9964229611613313,3.572572919609711e-18
59820,0.0,-1.3702306013093275e-22,9959.330658322446,0.9964229611567025,2.843923662146256e-18
59880,0.0,-1.3824890202477378e-22,9959.330658759398,0.996422961152171,2.1557625746073112e-18
59940,0.0,-1.3781779571178363e-22,9959.330659181309,0.9964229611477576,1.5190157206824773e-18
60000,0.0,-1.3557009122860193e-22,9959.330659585816,0.9964229611434832,9.457647867256196e-19
60060,0.0,-1.3133548409167327e-22,9959.330659970494,0.996422961139369,4.492470817548272e-19
60120,0.0,-1.2493301529724691e-22,9959.330660332866,0.9964229611354367,4.3855537452436015e-20
60180,0.0,-1.161710713213768e-22,9959.3306606704,0.996422961131708,-2.548612918349764e-19
60240,0.0,-1.0484738411992171e-22,9959.330660980511,0.9964229611282054,-4.3019922909659754e-19
60300,0.0,-9.0749031128545e-23,9959.330661260554,0.9964229611249511,-4.642984746573772e-19
60360,0.0,-7.365243526271499e-23,9959.330661507829,0.9964229611219683,-3.381436061780163e-19
60420,0.0,-5.332336491770456e-23,9959.330661719583,0.9964229611192801,-3.1563578654985856e-20
60480,0.0,-2.951693396859137e-23,9959.330661893007,0.99642296111691,4.767682755794921e-19
60540,0.0,-1.9776017702578642e-24,9959.330662025239,0.9964229611148817,1.209334246857427e-18
60600,0.0,2.9560826842608804e-23,9959.330662113354,0.9964229611132196,2.1897722481750733e-18
60660,0.0,6.537520155551678e-23,9959.33066215438,0.9964229611119482,3.442875815192924e-18
60720,0.0,1.0575302657416941e-22,9959.330662145285,0.9964229611110921,4.994594106235711e-18
60780,0.0,5.753011314372123e-23,9959.330663009185,0.9964229611032263,-1.379433026147286e-18
60840,0.0,-4.0339172094893036e-23,9959.330664359966,0.9964229610914566,-1.2239063954760211e-17
60900,0.0,-1.408045968630726e-22,9959.330665731333,0.9964229610795341,-2.3429186318386023e-17
60960,0.0,-2.437335373484711e-22,9959.330667121994,0.9964229610674693,-3.4936664920013144e-17
61020,0.0,-3.4898467558476533e-22,9959.330668530614,0.9964229610552726,-4.6747382013864453e-17
61080,0.0,-4.5640799945164655e-22,9959.33066995583,0.9964229610429548,-5.884623730540092e-17
61140,0.0,-5.65844802674804e-22,9959.330671396237,0.9964229610305267,-7.121714795131797e-17
61200,0.0,-6.77127684825961e-22,9959.330672850398,0.9964229610179994,-8.384304855955011e-17
61260,0.0,-7.90080551322842e-22,9959.330674316836,0.9964229610053842,-9.670589118926461e-17
61320,0.0,-9.04518613429194e-22,9959.33067579404,0.9964229609926922,-1.0978664535086812e-16
61380,0.0,-1.0202483882547816e-21,9959.330677280468,0.9964229609799351,-1.2306529800600147e-16
61440,0.0,-1.1370676987553732e-21,9959.330678774533,0.9964229609671247,-1.365208535675421e-16
61500,0.0,-1.2547656737327547e-21,9959.33068027462,0.9964229609542727,-1.5013133389960443e-16
61560,0.0,-1.3731227478347346e-21,9959.330681779073,0.9964229609413914,-1.6387377831753903e-16
61620,0.0,-1.4919106615551352e-21,9959.3306832862,0.9964229609284927,-1.7772424358793216e-16
61680,0.0,-1.6108924612337797e-21,9959.330684794279,0.9964229609155891,-1.9165780392860634e-16
61740,0.0,-1.7298224990565177e-21,9959.330686301542,0.9964229609026933,-2.056485510086215e-16
61800,0.0,-1.8484464330552194e-21,9959.330687806198,0.996422960889818,-2.1966959394827183e-16
61860,0.0,-1.9665012271077536e-21,9959.330689306407,0.9964229608769758,-2.336930593190898e-16
61920,0.0,-2.0837151509380108e-21,9959.330690800303,0.99642296086418,-2.4769009114384266e-16
61980,0.0,-2.1998077801159036e-21,9959.33069228598,0.9964229608514438,-2.616308508965351e-16
62040,0.0,-2.314489996057344e-21,9959.330693761493,0.9964229608387806,-2.754845175024072e-16
62100,0.0,-2.427463986024278e-21,9959.330695224868,0.9964229608262037,-2.8921928733793545e-16
62160,0.0,-2.538423243124649e-21,9959.330696674087,0.9964229608137273,-3.028023742308325e-16
62220,0.0,-2.647052566312426e-21,9959.330698107105,0.9964229608013649,-3.162000094600482e-16
62280,0.0,-2.7530280603875854e-21,9959.330699521834,0.9964229607891307,-3.2937744175576743e-16
62340,0.0,-2.8560171359961184e-21,9959.330700916153,0.996422960777039,-3.422989372994119e-16
62400,0.0,-2.955678509630038e-21,9959.330702287905,0.996422960765104,-3.549277797236397e-16
62460,0.0,-3.0516622036273694e-21,9959.330703634896,0.9964229607533404,-3.6722627011234458e-16
62520,0.0,-3.1436095461721493e-21,9959.330704954897,0.9964229607417628,-3.7915572700065757e-16
62580,0.0,-3.2311531712944276e-21,9959.330706245644,0.9964229607303863,-3.9067648637494483e-16
62640,0.0,-3.3139170188702774e-21,9959.330707504834,0.9964229607192259,-4.017479016728096e-16
62700,0.0,-3.3915163346217734e-21,9959.33070873013,0.9964229607082967,-4.1232834378309073e-16
62760,0.0,-3.463557670117019e-21,9959.33070991916,0.9964229606976143,-4.22375201045864e-16
62820,0.0,-3.529638882770124e-21,9959.330711069515,0.996422960687194,-4.3184487925244113e-16
62880,0.0,-3.589349135841214e-21,9959.33071217875,0.9964229606770518,-4.4069280164537e-16
62940,0.0,-3.642268898436429e-21,9959.330713244382,0.9964229606672036,-4.488734089184347e-16
63000,0.0,-3.687969945507927e-21,9959.330714263899,0.9964229606576652,-4.563401592166559e-16
63060,0.0,-3.726015357853876e-21,9959.330715234744,0.9964229606484531,-4.630455281362903e-16
63120,0.0,-3.755959522118463e-21,9959.33071615433,0.9964229606395837,-4.689410087248309e-16
63180,0.0,-3.777348130791885e-21,9959.330717020033,0.9964229606310734,-4.739771114810069e-16
63240,0.0,-3.789718182210359e-21,9959.33071782919,0.996422960622939,-4.78103364354784e-16
63300,0.0,-3.792597980556114e-21,9959.330718579109,0.9964229606151974,-4.812683127473637e-16
63360,0.0,-3.78550713585739e-21,9959.330719267055,0.9964229606078658,-4.834195195111843e-16
63420,0.0,-3.7679565639884496e-21,9959.330719890258,0.9964229606009615,-4.8450356494992e-16
63480,0.0,-3.739448486669564e-21,9959.330720445918,0.9964229605945016,-4.844660468184813e-16
63540,0.0,-3.699476431467019e-21,9959.330720931192,0.9964229605885039,-4.832515803230149e-16
63600,0.0,-3.64752523179312e-21,9959.330721343202,0.9964229605829861,-4.808037981209041e-16
63660,0.0,-3.583071026906183e-21,9959.33072167904,0.9964229605779662,-4.770653503207681e-16
63720,0.0,-3.505581261910539e-21,9959.330721935756,0.9964229605734621,-4.719779044824627e-16
63780,0.0,-3.414514687756535e-21,9959.330722110366,0.9964229605694922,-4.654821456170794e-16
63840,0.0,-3.309321361240532e-21,9959.330722199851,0.9964229605660748,-4.575177761869464e-16
63900,0.0,-3.189442645004905e-21,9959.330722201155,0.9964229605632287,-4.480235161056283e-16
63960,0.0,-3.0543112075380455e-21,9959.330722111186,0.9964229605609725,-4.369371027379254e-16
64020,0.0,-2.903351023174358e-21,9959.330721926815,0.996422960559325,-4.2419529089987477e-16
64080,0.0,-2.7359773720942617e-21,9959.330721644881,0.9964229605583055,-4.097338528587495e-16
64140,0.0,-2.5515968403241922e-21,9959.330721262184,0.9964229605579331,-3.934875783330589e-16
64200,0.0,-2.349607319736597e-21,9959.330720775488,0.9964229605582274,-3.7539027449254873e-16
64260,0.0,-2.1293980080499416e-21,9959.33072018152,0.9964229605592079,-3.5537476595820087e-16
64320,0.0,-1.890349408828703e-21,9959.330719476975,0.9964229605608943,-3.3337289480223336e-16
64380,0.0,-1.631833331483375e-21,9959.33071865851,0.9964229605633066,-3.093155205481009e-16
64440,0.0,-1.3532128912704654e-21,9959.330717722742,0.996422960566465,-2.831325201704939e-16
64500,0.0,-1.0538425092924962e-21,9959.33071666626,0.9964229605703895,-2.5475278809533936e-16
64560,0.0,-7.330679124980048e-22,9959.330715485612,0.9964229605751007,-2.241042361998006e-16
64620,0.0,-3.9022613368154305e-22,9959.33071417731,0.9964229605806191,-1.9111379381227694e-16
64680,0.0,-2.464551148367727e-23,9959.330712737832,0.9964229605869657,-1.5570740771240417e-16
64740,0.0,-5.466053839556502e-23,9959.33071329065,0.9964229605819291,-1.6202357184807319e-16
64800,0.0,-1.1363861363470265e-22,9959.330713974543,0.9964229605762136,-1.7137270528176489e-16
64860,0.0,-1.7334677917879046e-22,9959.330714646103,0.9964229605706438,-1.807723516071576e-16
64920,0.0,-2.336998439542064e-22,9959.330715304817,0.9964229605652234,-1.9021008002226244e-16
64980,0.0,-2.9461007237891556e-22,9959.33071595017,0.9964229605599553,-1.9967312607346634e-16
65040,0.0,-3.5598718436246575e-22,9959.330716581633,0.996422960554843,-2.0914839165553525e-16
65100,0.0,-4.1773835530599035e-22,9959.330717198685,0.9964229605498898,-2.1862244501161222e-16
65160,0.0,-4.797682161022044e-22,9959.33071780079,0.9964229605450987,-2.2808152073321857e-16
65220,0.0,-5.419788531354108e-22,9959.330718387415,0.9964229605404732,-2.375115197602536e-16
65280,0.0,-6.042698082814918e-22,9959.330718958017,0.9964229605360164,-2.4689800938099415e-16
65340,0.0,-6.665380789079202e-22,9959.330719512049,0.9964229605317316,-2.562262232320941e-16
65400,0.0,-7.286781178737477e-22,9959.33072004896,0.996422960527622,-2.6548106129858637e-16
65460,0.0,-7.905818335296117e-22,9959.330720568196,0.9964229605236908,-2.746470899138809e-16
65520,0.0,-8.521385897177336e-22,9959.330721069195,0.9964229605199411,-2.8370854175976655e-16
65580,0.0,-9.132352057719217e-22,9959.330721551392,0.996422960516376,-2.926493158664082e-16
65640,0.0,-9.73755956517565e-22,9959.330722014221,0.996422960512999,-3.0145297761234987e-16
65700,0.0,-1.0335825722716383e-21,9959.330722457104,0.9964229605098128,-3.1010275872451303e-16
65760,0.0,-1.0925942388427001e-21,9959.330722879464,0.9964229605068209,-3.1858155727819697e-16
65820,0.0,-1.1506675975308933e-21,9959.330723280715,0.9964229605040261,-3.2687193769707907e-16
65880,0.0,-1.2076767451279456e-21,9959.330723660269,0.9964229605014319,-3.3495613075321354e-16
65940,0.0,-1.2634932339171689e-21,9959.330724017533,0.996422960499041,-3.428160335670334e-16
66000,0.0,-1.3179860716734565e-21,9959.33072435191,0.9964229604968567,-3.504332096073495e-16
66060,0.0,-1.3710217216632889e-21,9959.330724662796,0.9964229604948822,-3.577888886913496e-16
66120,0.0,-1.4224641026447309e-21,9959.330724949585,0.9964229604931203,-3.6486396698460024e-16
66180,0.0,-1.4721745888674308e-21,9959.330725211663,0.9964229604915742,-3.716390070010453e-16
66240,0.0,-1.5200120100726211e-21,9959.330725448415,0.9964229604902468,-3.780942376030062e-16
66300,0.0,-1.5658326514931179e-21,9959.330725659218,0.9964229604891414,-3.84209554001183e-16
66360,0.0,-1.6094902538533211e-21,9959.330725843447,0.9964229604882606,-3.899645177546526e-16
66420,0.0,-1.6508360133692169e-21,9959.33072600047,0.9964229604876079,-3.953383567708703e-16
66480,0.0,-1.689718581748374e-21,9959.33072612965,0.9964229604871859,-4.003099653056693e-16
66540,0.0,-1.7259840661899468e-21,9959.330726230348,0.9964229604869977,-4.048579039632601e-16
66600,0.0,-1.759476029384671e-21,9959.33072630192,0.9964229604870465,-4.089603996962316e-16
66660,0.0,-1.79003548951487e-21,9959.330726343715,0.9964229604873348,-4.125953458055499e-16
66720,0.0,-1.817500920254449e-21,9959.330726355078,0.9964229604878659,-4.157403019405595e-16
66780,0.0,-1.841708250768899e-21,9959.33072633535,0.9964229604886427,-4.183724940989822e-16
66840,0.0,-1.8624908657152935e-21,9959.330726283868,0.9964229604896679,-4.2046881462691777e-16
66900,0.0,-1.8796796052422915e-21,9959.330726199962,0.9964229604909447,-4.2200582221884425e-16
66960,0.0,-1.893102764990136e-21,9959.330726082959,0.9964229604924757,-4.229597419176168e-16
67020,0.0,-1.902586096090654e-21,9959.33072593218,0.996422960494264,-4.2330646511446866e-16
67080,0.0,-1.9079528051672558e-21,9959.33072574694,0.9964229604963125,-4.23021549549011e-16
67140,0.0,-1.9090235543349387e-21,9959.330725526557,0.9964229604986239,-4.2208021930923267e-16
67200,0.0,-1.905616461200281e-21,9959.330725270336,0.9964229605012012,-4.2045736483150046e-16
67260,0.0,-1.8975470988614464e-21,9959.330724977579,0.996422960504047,-4.181275429005586e-16
67320,0.0,-1.884628495908184e-21,9959.330724647585,0.9964229605071644,-4.1506497664952967e-16
67380,0.0,-1.8666711364218252e-21,9959.330724279647,0.9964229605105561,-4.112435555599137e-16
67440,0.0,-1.8434829599752866e-21,9959.330723873054,0.9964229605142249,-4.0663683546158866e-16
67500,0.0,-1.814869361633069e-21,9959.33072342709,0.9964229605181736,-4.012180385328101e-16
67560,0.0,-1.7806331919512572e-21,9959.330722941035,0.996422960522405,-3.9496005330021183e-16
67620,0.0,-1.7405747569775208e-21,9959.330722414163,0.9964229605269218,-3.87835434638805e-16
67680,0.0,-1.694491818251112e-21,9959.330721845745,0.9964229605317267,-3.7981640377197893e-16
67740,0.0,-1.6421795928028693e-21,9959.330721235045,0.9964229605368228,-3.708748482715004e-16
67800,0.0,-1.5834307531552137e-21,9959.330720581322,0.9964229605422124,-3.609823220575143e-16
67860,0.0,-1.5180354273221517e-21,9959.330719883834,0.9964229605478984,-3.501100453985433e-16
67920,0.0,-1.4457811988092727e-21,9959.330719141832,0.9964229605538835,-3.382289049114876e-16
67980,0.0,-1.3664531066137512e-21,9959.330718354562,0.9964229605601703,-3.253094535616256e-16
68040,0.0,-1.2798336452243464e-21,9959.330717521265,0.9964229605667617,-3.1132191066261323e-16
68100,0.0,-1.1857027646214e-21,9959.33071664118,0.9964229605736603,-2.962361618764843e-16
68160,0.0,-1.0838378702768399e-21,9959.330715713535,0.9964229605808687,-2.8002175921365047e-16
68220,0.0,-9.740138231541763e-22,9959.330714737562,0.9964229605883894,-2.6264792103290126e-16
68280,0.0,-8.560029397085048e-22,9959.33071371248,0.9964229605962254,-2.4408353204140377e-16
68340,0.0,-7.2957499188650515e-22,9959.33071263751,0.996422960604379,-2.2429714329470315e-16
68400,0.0,-5.94497207126441e-22,9959.330711511862,0.996422960612853,-2.032569721967222e-16
68460,0.0,-4.505342683581602e-22,9959.330710334747,0.9964229606216498,-1.8093090249976174e-16
68520,0.0,-2.9744831400309497e-22,9959.330709105368,0.9964229606307722,-1.5728648430450015e-16
68580,0.0,-1.3499893797426162e-22,9959.330707822926,0.9964229606402227,-1.3229093405999377e-16
68640,0.0,-3.594487574812042e-25,9959.330706656043,0.9964229606491376,-1.112005393062646e-16
68700,0.0,-1.5778358436522324e-24,9959.330706094286,0.996422960655012,-1.0929091762814166e-16
68760,0.0,-2.8171391152253956e-24,9959.330705522862,0.9964229606609879,-1.0736055645790028e-16
68820,0.0,-4.075576593267039e-24,9959.33070494208,0.9964229606670619,-1.0541050992044354e-16
68880,0.0,-5.3513024331087186e-24,9959.33070435225,0.996422960673231,-1.0344184916876968e-16
68940,0.0,-6.642406924347298e-24,9959.330703753696,0.9964229606794914,-1.0145566238397224e-16
69000,0.0,-7.946916490844856e-24,9959.330703146743,0.99642296068584,-9.945305477523997e-17
69060,0.0,-9.262793690728912e-24,9959.330702531723,0.9964229606922732,-9.743514857985691e-17
69120,0.0,-1.0587937216392246e-23,9959.330701908975,0.9964229606987874,-9.540308306320228e-17
69180,0.0,-1.1920181894492941e-23,9959.330701278848,0.996422960705379,-9.335801451875061e-17
69240,0.0,-1.3257298685954387e-23,9959.33070064169,0.9964229607120442,-9.130111626807162e-17
69300,0.0,-1.459699468596524e-23,9959.330699997865,0.9964229607187792,-8.92335786608303e-17
69360,0.0,-1.5936913123979465e-23,9959.330699347734,0.9964229607255803,-8.715660907478689e-17
69420,0.0,-1.727463336371648e-23,9959.330698691674,0.9964229607324434,-8.507143191579689e-17
69480,0.0,-1.860767090316075e-23,9959.330698030059,0.9964229607393646,-8.297928861781095e-17
69540,0.0,-1.9933477374562336e-23,9959.330697363275,0.9964229607463398,-8.08814376428751e-17
69600,0.0,-2.1249440544436355e-23,9959.330696691715,0.996422960753365,-7.877915448113052e-17
69660,0.0,-2.2552884313563335e-23,9959.330696015775,0.9964229607604359,-7.667373165081368e-17
69720,0.0,-2.384106871698911e-23,9959.330695335862,0.9964229607675481,-7.456647869825625e-17
69780,0.0,-2.511118992402485e-23,9959.330694652388,0.9964229607746975,-7.245872219788518e-17
69840,0.0,-2.6360380238246974e-23,9959.330693965767,0.9964229607818794,-7.035180575222265e-17
69900,0.0,-2.758570809749723e-23,9959.330693276426,0.9964229607890897,-6.824708999188612e-17
69960,0.0,-2.8784178073882633e-23,9959.330692584794,0.9964229607963235,-6.614595257558822e-17
70020,0.0,-2.995273087377556e-23,9959.330691891308,0.9964229608035764,-6.404978819013689e-17
70080,0.0,-3.108824333781374e-23,9959.330691196414,0.9964229608108436,-6.196000855043527e-17
70140,0.0,-3.2187528440900035e-23,9959.330690500561,0.9964229608181204,-5.987804239948181e-17
70200,0.0,-3.3247335292202806e-23,9959.330689804205,0.9964229608254019,-5.78053355083701e-17
70260,0.0,-3.4264349135155564e-23,9959.330689107808,0.9964229608326834,-5.574335067628908e-17
70320,0.0,-3.5235191347457226e-23,9959.330688411843,0.9964229608399597,-5.369356773052287e-17
70380,0.0,-3.6156419441071985e-23,9959.330687716785,0.996422960847226,-5.1657483526450866e-17
70440,0.0,-3.7024527062229316e-23,9959.330687023117,0.996422960854477,-4.963661194754766e-17
70500,0.0,-3.7835943991424045e-23,9959.330686331328,0.9964229608617076,-4.763248390538314e-17
70560,0.0,-3.8587036143416283e-23,9959.330685641913,0.9964229608689126,-4.5646647339622426e-17
70620,0.0,-3.927410556723141e-23,9959.330684955376,0.9964229608760866,-4.368066721802588e-17
70680,0.0,-3.989339044616017e-23,9959.330684272223,0.9964229608832242,-4.173612553644909e-17
70740,0.0,-4.0441065097758576e-23,9959.330683592972,0.9964229608903201,-3.981462131884292e-17
70800,0.0,-4.091323997384795e-23,9959.330682918146,0.9964229608973687,-3.791777061725343e-17
70860,0.0,-4.130596166051494e-23,9959.33068224827,0.9964229609043644,-3.604720651182199e-17
70920,0.0,-4.1615212878111485e-23,9959.33068158388,0.9964229609113017,-3.420457911078515e-17
70980,0.0,-4.183691248125483e-23,9959.330680925521,0.9964229609181746,-3.239155555047475e-17
71040,0.0,-4.196691545882751e-23,9959.330680273735,0.9964229609249774,-3.0609819995317847e-17
71100,0.0,-4.2001012933977407e-23,9959.33067962908,0.9964229609317043,-2.886107363783677e-17
71160,0.0,-4.193493216411768e-23,9959.330678992117,0.9964229609383495,-2.714703469864905e-17
71220,0.0,-4.1764336540926785e-23,9959.330678363413,0.9964229609449067,-2.5469438426467503e-17
71280,0.0,-4.1484825590348494e-23,9959.33067774354,0.99642296095137,-2.3830037098100162e-17
71340,0.0,-4.1091934972591893e-23,9959.33067713308,0.9964229609577332,-2.2230600018450325e-17
71400,0.0,-4.058113648213137e-23,9959.330676532623,0.9964229609639902,-2.0672913520516518e-17
71460,0.0,-3.994783804770661e-23,9959.33067594276,0.9964229609701345,-1.915878096539252e-17
71520,0.0,-3.918738373232261e-23,9959.330675364088,0.99642296097616,-1.7690022742267343e-17
71580,0.0,-3.829505373324968e-23,9959.330674797218,0.9964229609820602,-1.6268476268425264e-17
71640,0.0,-3.726606438202341e-23,9959.330674242763,0.9964229609878285,-1.489599598924578e-17
71700,0.0,-3.609556814444473e-23,9959.33067370134,0.9964229609934584,-1.3574453378203646e-17
71760,0.0,-3.477865362057986e-23,9959.330673173577,0.9964229609989433,-1.2305736936868863e-17
71820,0.0,-3.33103455447603e-23,9959.330672660106,0.9964229610042766,-1.1091752194906667e-17
71880,0.0,-3.1685604785582894e-23,9959.330672161565,0.9964229610094514,-9.934421710077546e-18
71940,0.0,-2.9899328345909786e-23,9959.330671678601,0.9964229610144608,-8.835685068237226e-18
72000,0.0,-2.79463493628684e-23,9959.330671211867,0.9964229610192982,-7.797498883336683e-18
72060,0.0,-2.5821437107851502e-23,9959.330670762021,0.9964229610239562,-6.821836797422131e-18
72120,0.0,-2.3519296986517123e-23,9959.330670329728,0.9964229610284281,-5.9106894806350334e-18
72180,0.0,-2.1034570538788633e-23,9959.330669915658,0.9964229610327067,-5.066064631212096e-18
72240,0.0,-1.836183543885469e-23,9959.330669520492,0.9964229610367847,-4.289986975485269e-18
72300,0.0,-1.5495605495169267e-23,9959.330669144912,0.9964229610406551,-3.5844982678817435e-18
72360,0.0,-1.2430330650451635e-23,9959.330668789613,0.9964229610443103,-2.9516572909239598e-18
72420,0.0,-9.160396981686376e-24,9959.33066845529,0.996422961047743,-2.393539855229598e-18
72480,0.0,-5.680126700123371e-24,9959.33066814265,0.9964229610509459,-1.9122387995115856e-18
72540,0.0,-1.9837781512778134e-24,9959.330667852399,0.9964229610539113,-1.5098639905780917e-18
72600,0.0,-7.680414586249888e-26,9959.330667413824,0.9964229610584572,-6.639004251513278e-19
72660,0.0,-2.312863291994656e-25,9959.330666803959,0.9964229610648284,6.960122137317484e-19
72720,0.0,-3.877999286011885e-25,9959.330666198563,0.9964229610711532,2.0320544407614456e-18
72780,0.0,-5.461194611453738e-25,9959.330665597883,0.996422961077429,3.343553822423156e-18
72840,0.0,-7.060129655030887e-25,9959.330665002168,0.996422961083653,4.629835866738759e-18
72900,0.0,-8.672420019387612e-25,9959.330664411664,0.996422961089823,5.89022402326673e-18
72960,0.0,-1.0295616523102023e-24,9959.330663826619,0.996422961095936,7.124039683102121e-18
73020,0.0,-1.1927205200685728e-24,9959.330663247287,0.9964229611019895,8.330602178876652e-18
73080,0.0,-1.3564607302584055e-24,9959.330662673921,0.9964229611079809,9.509228784758499e-18
73140,0.0,-1.5205179295176052e-24,9959.330662106775,0.9964229611139075,1.0659234716452495e-17
73200,0.0,-1.684621286077437e-24,9959.330661546106,0.9964229611197666,1.177993313120006e-17
73260,0.0,-1.848493489762529e-24,9959.33066099217,0.9964229611255555,1.2870635127779165e-17
73320,0.0,-2.0118507519908834e-24,9959.330660445228,0.9964229611312716,1.3930649746504404e-17
73380,0.0,-2.174402805773866e-24,9959.33065990554,0.996422961136912,1.4959283969226923e-17
73440,0.0,-2.3358529057162085e-24,9959.33065937337,0.9964229611424739,1.5955842719334468e-17
73500,0.0,-2.4958978280160132e-24,9959.330658848983,0.9964229611479547,1.6919628861751353e-17
73560,0.0,-2.654227870464739e-24,9959.330658332643,0.9964229611533515,1.7849943202938515e-17
73620,0.0,-2.8105268524472136e-24,9959.33065782462,0.9964229611586616,1.8746084490893403e-17
73680,0.0,-2.9644721149416485e-24,9959.330657325181,0.9964229611638821,1.9607349415150144e-17
73740,0.0,-3.1157345205196e-24,9959.330656834598,0.9964229611690101,2.0433032606779373e-17
73800,0.0,-3.2639784533459966e-24,9959.330656353144,0.9964229611740428,2.1222426638388342e-17
73860,0.0,-3.4088618191791396e-24,9959.330655881093,0.9964229611789774,2.1974822024120876e-17
73920,0.0,-3.550036045370689e-24,9959.330655418718,0.9964229611838109,2.26895072196574e-17
73980,0.0,-3.687146080865675e-24,9959.3306549663,0.9964229611885405,2.33657686222149e-17
74040,0.0,-3.819830396202496e-24,9959.330654524118,0.9964229611931631,2.4002890570546958e-17
74100,0.0,-3.9477209835129156e-24,9959.330654092448,0.9964229611976759,2.460015534494376e-17
74160,0.0,-4.070443356522061e-24,9959.330653671577,0.996422961202076,2.515684316723203e-17
74220,0.0,-4.1876165505484256e-24,9959.330653261788,0.9964229612063601,2.567223220077512e-17
74280,0.0,-4.298853122503875e-24,9959.330652863368,0.9964229612105255,2.6145598550472934e-17
74340,0.0,-4.403759150893638e-24,9959.330652476598,0.9964229612145693,2.657621626276198e-17
74400,0.0,-4.501934235816307e-24,9959.330652101773,0.9964229612184881,2.6963357325615358e-17
74460,0.0,-4.592971498963842e-24,9959.330651739181,0.9964229612222791,2.730629166854272e-17
74520,0.0,-4.676457583621574e-24,9959.330651389113,0.9964229612259391,2.7604287162590327e-17
74580,0.0,-4.751972654668199e-24,9959.330651051865,0.9964229612294652,2.785660962034102e-17
74640,0.0,-4.8190903985757715e-24,9959.330650727732,0.9964229612328541,2.806252279591422e-17
74700,0.0,-4.877378023409721e-24,9959.330650417009,0.9964229612361029,2.8221288384965927e-17
74760,0.0,-4.926396258828842e-24,9959.330650119995,0.9964229612392081,2.833216602468875e-17
74820,0.0,-4.965699356085294e-24,9959.33064983699,0.996422961242167,2.8394413293811844e-17
74880,0.0,-4.9948350880246054e-24,9959.330649568295,0.9964229612449762,2.840728571260097e-17
74940,0.0,-5.013344749085664e-24,9959.330649314217,0.9964229612476325,2.8370036742858476e-17
75000,0.0,-5.020763155300731e-24,9959.330649075058,0.9964229612501327,2.8281917787923285e-17
75060,0.0,-5.016618644295433e-24,9959.330648851126,0.9964229612524736,2.814217819267092e-17
75120,0.0,-5.000433075288761e-24,9959.330648642726,0.9964229612546521,2.7950065243513476e-17
75180,0.0,-4.971721829093074e-24,9959.330648450172,0.9964229612566647,2.7704824168399602e-17
75240,0.0,-4.929993808114096e-24,9959.330648273773,0.9964229612585084,2.7405698136814593e-17
75300,0.0,-4.874751436350918e-24,9959.330648113844,0.9964229612601797,2.705192825978028e-17
75360,0.0,-4.8054906593959994e-24,9959.330647970697,0.9964229612616753,2.66427535898551e-17
75420,0.0,-4.721700944435163e-24,9959.330647844652,0.996422961262992,2.617741112113407e-17
75480,0.0,-4.6228652802475975e-24,9959.330647736022,0.9964229612641264,2.5655135789248783e-17
75540,0.0,-4.508460177205864e-24,9959.330647645133,0.9964229612650751,2.5075160471367423e-17
75600,0.0,-4.377955667275882e-24,9959.330647572298,0.9964229612658349,2.443671598619476e-17
75660,0.0,-4.230815304016944e-24,9959.330647517849,0.9964229612664022,2.3739031093972145e-17
75720,0.0,-4.0664961625817036e-24,9959.330647482104,0.9964229612667737,2.298133249647751e-17
75780,0.0,-3.8844488397161856e-24,9959.33064746539,0.9964229612669459,2.2162844837025385e-17
75840,0.0,-3.684117453759778e-24,9959.330647468036,0.9964229612669153,2.1282790700466857e-17
75900,0.0,-3.4649396446452365e-24,9959.330647490373,0.9964229612666787,2.0340390613189623e-17
75960,0.0,-3.2263465738986827e-24,9959.330647532728,0.9964229612662324,1.9334863043117955e-17
76020,0.0,-2.9677629246396057e-24,9959.330647595436,0.996422961265573,1.8265424399712704e-17
76080,0.0,-2.688606901580859e-24,9959.330647678831,0.9964229612646969,1.713128903397131e-17
76140,0.0,-2.3882902310286648e-24,9959.330647783248,0.9964229612636007,1.5931669238427805e-17
76200,0.0,-2.0662181608826105e-24,9959.330647909028,0.9964229612622808,1.4665775247152786e-17
76260,0.0,-1.7217894606356497e-24,9959.330648056504,0.9964229612607335,1.3332815235753446e-17
76320,0.0,-1.3543964213741034e-24,9959.330648226021,0.9964229612589555,1.1931995321373565e-17
76380,0.0,-9.634248557776577e-25,9959.33064841792,0.9964229612569429,1.0462519562693502e-17
76440,0.0,-5.482540981193662e-25,9959.330648632545,0.9964229612546923,8.923589959930198e-18
76500,0.0,-1.0825700426564888e-25,9959.330648870242,0.9964229612522,7.314406454837182e-18
76560,0.0,9.481943951776078e-25,9959.330649521746,0.9964229612453673,4.2075606138078896e-18
76620,0.0,8.769144348935171e-25,9959.33064943484,0.9964229612462805,3.814098126708915e-18
76680,0.0,8.099246574090286e-25,9959.330649357218,0.9964229612470966,3.402177043852894e-18
76740,0.0,7.470275446703241e-25,9959.330649288671,0.9964229612478178,2.973042285383793e-18
76800,0.0,6.880317850851126e-25,9959.330649228988,0.9964229612484463,2.527937369432773e-18
76860,0.0,6.327521750992113e-25,9959.330649177968,0.9964229612489842,2.068104649703352e-18
76920,0.0,5.810095207731405e-25,9959.330649135398,0.9964229612494337,1.5947855530564721e-18
76980,0.0,5.326305393587073e-25,9959.330649101079,0.9964229612497969,1.1092208170956827e-18
77040,0.0,4.874477608755985e-25,9959.330649074805,0.9964229612500759,6.126507277521738e-19
77100,0.0,4.45299429687964e-25,9959.330649056374,0.996422961250273,1.0631535686993026e-19
77160,0.0,4.060294060810106e-25,9959.330649045587,0.99642296125039,-4.0854520020913156e-19
77220,0.0,3.694870678375856e-25,9959.33064904224,0.9964229612504291,-9.306905870600592e-19
77280,0.0,3.3552721181476976e-25,9959.330649046138,0.9964229612503925,-1.4588799485897797e-18
77340,0.0,3.0400995552046126e-25,9959.330649057081,0.9964229612502822,-1.9918716934519455e-18
77400,0.0,2.7480063868996876e-25,9959.330649074873,0.9964229612501002,-2.5284232564618337e-18
77460,0.0,2.477697248625957e-25,9959.330649099315,0.9964229612498486,-3.0672908610112277e-18
77520,0.0,2.2279270295823226e-25,9959.33064913021,0.9964229612495294,-3.607229281483285e-18
77580,0.0,1.9974998885394092e-25,9959.330649167365,0.9964229612491449,-4.146991605667468e-18
77640,0.0,1.785268269605473e-25,9959.330649210584,0.9964229612486967,-4.6853289971743755e-18
77700,0.0,1.590131917992271e-25,9959.330649259673,0.9964229612481872,-5.2209904578506505e-18
77760,0.0,1.4110368957809523e-25,9959.330649314437,0.9964229612476182,-5.752722590193849e-18
77820,0.0,1.2469745976879417e-25,9959.330649374684,0.9964229612469918,-6.2792693597673635e-18
77880,0.0,1.0969807668308243e-25,9959.330649440219,0.99642296124631,-6.799371857615253e-18
77940,0.0,9.6013451049423e-26,9959.33064951085,0.9964229612455748,-7.311768062677162e-18
78000,0.0,8.355573158957193e-26,9959.330649586382,0.9964229612447884,-7.815192604203196e-18
78060,0.0,7.224120659516666e-26,9959.330649666621,0.9964229612439526,-8.308376524168804e-18
78120,0.0,6.199020550431465e-26,9959.330649751379,0.9964229612430694,-8.790047039689666e-18
78180,0.0,5.272700047818173e-26,9959.330649840458,0.9964229612421409,-9.258927305436549e-18
78240,0.0,4.4379707977580623e-26,9959.330649933667,0.9964229612411691,-9.713736176050253e-18
78300,0.0,3.688019033955953e-26,9959.330650030812,0.9964229612401562,-1.0153187968556422e-17
78360,0.0,3.0163957353990343e-26,9959.330650131698,0.9964229612391038,-1.0575992224780483e-17
78420,0.0,2.4170067840157492e-26,9959.330650236134,0.9964229612380143,-1.0980853473762493e-17
78480,0.0,1.8841031223346057e-26,9959.330650343923,0.9964229612368896,-1.1366470994172055e-17
78540,0.0,1.4122709111430484e-26,9959.330650454873,0.9964229612357316,-1.1731538576723176e-17
78600,0.0,9.964216871462945e-27,9959.330650568787,0.9964229612345424,-1.207474428658915e-17
78660,0.0,6.317825206261887e-27,9959.33065068547,0.9964229612333242,-1.239477022581748e-17
78720,0.0,3.1388617310004734e-27,9959.330650804723,0.996422961232079,-1.2690292295744713e-17
78780,0.0,3.856125497950833e-28,9959.330650926351,0.9964229612308086,-1.2959979959411339e-17
78840,0.0,-1.980776167706264e-27,9959.330651050155,0.9964229612295153,-1.3202496003976689e-17
78900,0.0,-3.9963966097353635e-27,9959.330651175938,0.9964229612282013,-1.3416496303133819e-17
78960,0.0,-5.69467774581538e-27,9959.330651303499,0.9964229612268684,-1.3600629579524364e-17
79020,0.0,-7.106483750172372e-27,9959.330651432638,0.9964229612255188,-1.3753537167153459e-17
79080,0.0,-8.260212425146801e-27,9959.330651563152,0.9964229612241545,-1.3873852773804595e-17
79140,0.0,-9.18189362460507e-27,9959.33065169484,0.9964229612227777,-1.396020224345452e-17
79200,0.0,-9.895287677351041e-27,9959.330651827495,0.9964229612213907,-1.4011203318688113e-17
79260,0.0,-1.0421983810537541e-26,9959.330651960916,0.9964229612199953,-1.4025465403113278e-17
79320,0.0,-1.0781498573077904e-26,9959.330652094894,0.996422961218594,-1.40015893237758e-17
79380,0.0,-1.0991374259057493e-26,9959.330652229222,0.9964229612171887,-1.3938167093574284e-17
79440,0.0,-1.1067277331145206e-26,9959.330652363691,0.9964229612157816,-1.3833781673674973e-17
79500,0.0,-1.102309684400501e-26,9959.330652498089,0.9964229612143749,-1.3687006735926674e-17
79560,0.0,-1.0871042867707464e-26,9959.330652632205,0.9964229612129709,-1.3496406425275638e-17
79620,0.0,-1.0621744911141241e-26,9959.330652765824,0.9964229612115718,-1.3260535122180427e-17
79680,0.0,-1.0284350345424647e-26,9959.330652898732,0.9964229612101799,-1.2977937205026809e-17
79740,0.0,-9.866622827317138e-27,9959.330653030713,0.9964229612087974,-1.2647146812542645e-17
79800,0.0,-9.375040722630861e-27,9959.330653161544,0.9964229612074265,-1.226668760621276e-17
79860,0.0,-8.814895529642153e-27,9959.330653291006,0.9964229612060695,-1.183507253269384e-17
79920,0.0,-8.19039030250308e-27,9959.330653418876,0.996422961204729,-1.1350803586229306e-17
79980,0.0,-7.504738074652958e-27,9959.33065354493,0.996422961203407,-1.0812371571064208e-17
80040,0.0,-6.760260282229864e-27,9959.33065366894,0.996422961202106,-1.0218255863860099e-17
80100,0.0,-5.958485187482169e-27,9959.330653790677,0.9964229612008284,-9.56692417610992e-18
80160,0.0,-5.100246302180056e-27,9959.33065390991,0.9964229611995766,-8.856832316552889e-18
80220,0.0,-4.185780811027048e-27,9959.330654026408,0.996422961198353,-8.086423953589382e-18
80280,0.0,-3.2148279950715172e-27,9959.330654139929,0.9964229611971602,-7.254130377695814e-18
80340,0.0,-2.1867276551182248e-27,9959.33065425024,0.9964229611960005,-6.358370263839532e-18
80400,0.0,-1.1005185351398286e-27,9959.330654357098,0.9964229611948764,-5.397549433893682e-18
80460,0.0,5.564859427233783e-28,9959.330654466297,0.9964229611937279,-4.42912243710379e-18
80520,0.0,1.5212662893930348e-26,9959.330654724223,0.9964229611910335,-4.886336900719124e-18
80580,0.0,3.050883645866633e-26,9959.330654984778,0.9964229611883114,-5.340387100373233e-18
80640,0.0,4.645866820432051e-26,9959.330655247864,0.9964229611855631,-5.7910660816072466e-18
80700,0.0,6.307577477159746e-26,9959.330655513373,0.9964229611827892,-6.238169721924653e-18
80760,0.0,8.037363019755891e-26,9959.3306557812,0.9964229611799912,-6.681496579394581e-18
80820,0.0,9.836546823871294e-26,9959.330656051236,0.9964229611771699,-7.120847741255137e-18
80880,0.0,1.1706418469403784e-25,9959.330656323373,0.9964229611743267,-7.556026672516725e-18
80940,0.0,1.3648223972802115e-25,9959.330656597502,0.9964229611714626,-7.986839064565522e-18
81000,0.0,1.5663156019374742e-25,9959.330656873512,0.9964229611685788,-8.413092683766644e-18
81060,0.0,1.7752344195589116e-25,9959.33065715129,0.9964229611656765,-8.834597220067652e-18
81120,0.0,1.9916845221383347e-25,9959.33065743072,0.9964229611627569,-9.251164135601786e-18
81180,0.0,2.2157633182465557e-25,9959.330657711691,0.996422961159821,-9.662606513291353e-18
81240,0.0,2.4475589762621022e-25,9959.330657994084,0.9964229611568703,-1.0068738905451072e-17
81300,0.0,2.6871494476018367e-25,9959.330658277777,0.9964229611539059,-1.0469377182391414e-17
81360,0.0,2.9346014899512246e-25,9959.330658562654,0.9964229611509291,-1.0864338381021976e-17
81420,0.0,3.189969690494984e-25,9959.330658848592,0.9964229611479412,-1.125344055345475e-17
81480,0.0,3.453295489147504e-25,9959.330659135467,0.9964229611449434,-1.1636502615607582e-17
81540,0.0,3.724606201783322e-25,9959.330659423153,0.9964229611419371,-1.2013344195807418e-17
81600,0.0,4.0039140434678813e-25,9959.33065971152,0.9964229611389236,-1.2383785483393677e-17
81660,0.0,4.291215151687572e-25,9959.330660000443,0.9964229611359042,-1.2747647077321622e-17
81720,0.0,4.58648860958061e-25,9959.330660289788,0.9964229611328804,-1.3104749834765706e-17
81780,0.0,4.889695469167301e-25,9959.33066057942,0.9964229611298535,-1.3454914719722866e-17
81840,0.0,5.200777774580713e-25,9959.330660869206,0.9964229611268249,-1.3797962651615933e-17
81900,0.0,5.519657585296982e-25,9959.330661159007,0.9964229611237961,-1.4133714353896933e-17
81960,0.0,5.846235999366064e-25,9959.330661448683,0.9964229611207687,-1.4461990202650448e-17
82020,0.0,6.180392176642018e-25,9959.33066173809,0.9964229611177439,-1.4782610075196953e-17
82080,0.0,6.521982362013496e-25,9959.330662027083,0.9964229611147234,-1.5095393198696186e-17
82140,0.0,6.870838908634421e-25,9959.330662315519,0.9964229611117087,-1.540015799875048e-17
82200,0.0,7.226769301154304e-25,9959.330662603243,0.9964229611087013,-1.5696721948008084e-17
82260,0.0,7.589555178948811e-25,9959.330662890106,0.9964229611057029,-1.5984901414766535e-17
82320,0.0,7.958951359350297e-25,9959.330663175951,0.9964229611027151,-1.6264511511576024e-17
82380,0.0,8.334684860878282e-25,9959.330663460623,0.9964229610997395,-1.6535365943842675e-17
82440,0.0,8.716453926469862e-25,9959.330663743962,0.9964229610967777,-1.679727685843196e-17
82500,0.0,9.103927046710302e-25,9959.330664025802,0.9964229610938315,-1.7050054692272008e-17
82560,0.0,9.496741983063527e-25,9959.330664305979,0.9964229610909028,-1.7293508020956947e-17
82620,0.0,9.894504791102527e-25,9959.330664584326,0.9964229610879931,-1.752744340735028e-17
82680,0.0,1.0296788843739992e-24,9959.330664860669,0.9964229610851043,-1.7751665250188202e-17
82740,0.0,1.0703133854458766e-24,9959.330665134836,0.9964229610822382,-1.7965975632682944e-17
82800,0.0,1.1113044900542198e-24,9959.330665406647,0.9964229610793967,-1.8170174171126147e-17
82860,0.0,1.1525991446304864e-24,9959.330665675923,0.9964229610765815,-1.8364057863492176e-17
82920,0.0,1.1941406366322881e-24,9959.330665942482,0.9964229610737948,-1.8547420938041482e-17
82980,0.0,1.2358684968664532e-24,9959.330666206135,0.9964229610710383,-1.872005470192396e-17
83040,0.0,1.2777184018120681e-24,9959.33066646669,0.9964229610683143,-1.8881747389782244e-17
83100,0.0,1.3196220759435288e-24,9959.330666723958,0.9964229610656246,-1.9032284012355123e-17
83160,0.0,1.3615071940535953e-24,9959.33066697774,0.9964229610629712,-1.9171446205080828e-17
83220,0.0,1.4032972835764343e-24,9959.330667227834,0.9964229610603564,-1.9299012076700403e-17
83280,0.0,1.4449116269106687e-24,9959.33066747404,0.9964229610577822,-1.9414756057861064e-17
83340,0.0,1.4862651637424379e-24,9959.330667716149,0.9964229610552509,-1.951844874971951e-17
83400,0.0,1.5272683933684365e-24,9959.330667953951,0.9964229610527644,-1.9609856772545292e-17
83460,0.0,1.5678272770189664e-24,9959.33066818723,0.9964229610503252,-1.9688742614324154e-17
83520,0.0,1.6078431401809875e-24,9959.330668415769,0.9964229610479356,-1.9754864479361383e-17
83580,0.0,1.6472125749211677e-24,9959.330668639344,0.9964229610455978,-1.980797613688514e-17
83640,0.0,1.685827342208934e-24,9959.330668857734,0.9964229610433143,-1.9847826769649806e-17
83700,0.0,1.7235742742395184e-24,9959.330669070705,0.9964229610410873,-1.9874160822539368e-17
83760,0.0,1.7603351767570094e-24,9959.330669278026,0.9964229610389195,-1.98867178511707e-17
83820,0.0,1.795986731377403e-24,9959.330669479457,0.9964229610368132,-1.9885232370496954e-17
83880,0.0,1.830400397911648e-24,9959.33066967476,0.9964229610347709,-1.9869433703410895e-17
83940,0.0,1.8634423166887035e-24,9959.330669863688,0.9964229610327953,-1.9839045829348238e-17
84000,0.0,1.8949732108785808e-24,9959.330670045989,0.996422961030889,-1.9793787232890997e-17
84060,0.0,1.9248482888153957e-24,9959.330670221412,0.9964229610290546,-1.9733370752370843e-17
84120,0.0,1.9529171463204175e-24,9959.330670389698,0.9964229610272948,-1.9657503428472434e-17
84180,0.0,1.9790236690251236e-24,9959.330670550584,0.9964229610256125,-1.9565886352836756e-17
84240,0.0,2.0030059346942428e-24,9959.330670703803,0.9964229610240102,-1.9458214516664496e-17
84300,0.0,2.024696115548806e-24,9959.330670849085,0.996422961022491,-1.9334176659319356e-17
84360,0.0,2.0439203805891983e-24,9959.330670986152,0.9964229610210577,-1.9193455116931417e-17
84420,0.0,2.060498797918206e-24,9959.330671114725,0.9964229610197133,-1.9035725671000482e-17
84480,0.0,2.074245237064072e-24,9959.33067123452,0.9964229610184606,-1.8860657396999413e-17
84540,0.0,2.0849672713035354e-24,9959.330671345244,0.9964229610173029,-1.8667912512977486e-17
84600,0.0,2.0924660799848915e-24,9959.330671446607,0.9964229610162431,-1.845714622816373e-17
84660,0.0,2.0965363508510346e-24,9959.330671538306,0.9964229610152843,-1.8228006591570286e-17
84720,0.0,2.09696618236251e-24,9959.33067162004,0.9964229610144298,-1.798013434059573e-17
84780,0.0,2.0935369860205635e-24,9959.3306716915,0.9964229610136828,-1.7713162749628426e-17
84840,0.0,2.0860233886901924e-24,9959.33067175237,0.9964229610130466,-1.74267174786499e-17
84900,0.0,2.074193134923192e-24,9959.330671802332,0.9964229610125245,-1.712041642183813e-17
84960,0.0,2.0578069892812078e-24,9959.330671841064,0.9964229610121199,-1.6793869556170945e-17
85020,0.0,2.036618638658785e-24,9959.330671868236,0.9964229610118364,-1.6446678790029337e-17
85080,0.0,2.0103745946064168e-24,9959.330671883514,0.9964229610116773,-1.6078437811800834e-17
85140,0.0,1.9788140956535946e-24,9959.330671886559,0.9964229610116461,-1.56887319384828e-17
85200,0.0,1.9416690096318588e-24,9959.330671877025,0.9964229610117467,-1.5277137964285842e-17
85260,0.0,1.8986637359978467e-24,9959.330671854563,0.9964229610119825,-1.48432240092371e-17
85320,0.0,1.849515108156343e-24,9959.33067181882,0.9964229610123573,-1.4386549367783627e-17
85380,0.0,1.793932295783329e-24,9959.330671769432,0.9964229610128749,-1.3906664357395713e-17
85440,0.0,1.731616707149034e-24,9959.330671706033,0.9964229610135391,-1.3403110167170251e-17
85500,0.0,1.6622618914409826e-24,9959.330671628255,0.9964229610143539,-1.2875418706434072e-17
85560,0.0,1.585553441087045e-24,9959.330671535716,0.9964229610153232,-1.2323112453347279e-17
85620,0.0,1.5011688940784877e-24,9959.330671428037,0.996422961016451,-1.1745704303506616e-17
85680,0.0,1.4087776362930214e-24,9959.330671304826,0.9964229610177413,-1.1142697418548796e-17
85740,0.0,1.3080408038178532e-24,9959.33067116569,0.9964229610191984,-1.0513585074753853e-17
85800,0.0,1.1986111852727331e-24,9959.330671010228,0.9964229610208264,-9.857850511648484e-18
85860,0.0,1.080133124133006e-24,9959.330670838035,0.9964229610226295,-9.174966780609399e-18
85920,0.0,9.522424210526608e-25,9959.330670648696,0.9964229610246121,-8.464396593466666e-18
85980,0.0,8.145662361873796e-25,9959.330670441797,0.9964229610267787,-7.725592171107051e-18
86040,0.0,6.667229915175868e-25,9959.330670216912,0.9964229610291335,-6.957995092077369e-18
86100,0.0,5.083222731715007e-25,9959.330669973608,0.9964229610316812,-6.161036141187828e-18
86160,0.0,3.3896473374818135e-25,9959.330669711451,0.9964229610344263,-5.334135158115374e-18
86220,0.0,1.582419946405809e-25,9959.330669429999,0.9964229610373734,-4.476700886007035e-18
86280,0.0,3.145297957527537e-26,9959.330669208946,0.9964229610396874,-3.724981278148998e-18
86340,0.0,2.1378626296505604e-25,9959.330669359573,0.9964229610381063,-3.610665712952445e-18
86400,0.0,4.000648669382842e-25,9959.330669509769,0.9964229610365297,-3.498524365509713e-18
86460,0.0,5.902009587732761e-25,9959.330669659506,0.9964229610349578,-3.3886648579340034e-18
86520,0.0,7.8410137017766275e-25,9959.330669808747,0.9964229610333908,-3.2811916717920257e-18
86580,0.0,9.81667520968987e-25,9959.330669957459,0.9964229610318293,-3.176206041183096e-18
86640,0.0,1.1827953427551926e-24,9959.330670105604,0.9964229610302735,-3.0738058458182546e-18
86700,0.0,1.3873752026153575e-24,9959.330670253146,0.996422961028724,-2.97408550409941e-18
86760,0.0,1.5952918267802032e-24,9959.330670400044,0.996422961027181,-2.8771358661984338e-18
86820,0.0,1.806424224312693e-24,9959.330670546258,0.9964229610256451,-2.7830441071362313e-18
86880,0.0,2.0206456107886013e-24,9959.330670691746,0.9964229610241166,-2.6918936198619796e-18
86940,0.0,2.2378233319771613e-24,9959.330670836462,0.9964229610225962,-2.6037639083320854e-18
87000,0.0,2.4578187875215947e-24,9959.33067098036,0.9964229610210843,-2.518730480589442e-18
87060,0.0,2.6804873546197152e-24,9959.330671123394,0.9964229610195812,-2.436864741842446e-18
87120,0.0,2.905678311704541e-24,9959.330671265516,0.9964229610180876,-2.358233887544193e-18
87180,0.0,3.13323476212483e-24,9959.330671406671,0.9964229610166041,-2.2829007964714774e-18
87240,0.0,3.3629935578257195e-24,9959.33067154681,0.9964229610151311,-2.2109239238040505e-18
87300,0.0,3.594785223029322e-24,9959.330671685877,0.9964229610136692,-2.1423571942036516e-18
87360,0.0,3.828433877915225e-24,9959.330671823815,0.996422961012219,-2.077249894893131e-18
87420,0.0,4.0637571623011806e-24,9959.330671960566,0.9964229610107812,-2.0156465687355807e-18
87480,0.0,4.300566159323648e-24,9959.330672096072,0.9964229610093565,-1.9575869073134424e-18
87540,0.0,4.538665319118395e-24,9959.330672230268,0.9964229610079454,-1.9031056440076205e-18
87600,0.0,4.777852382501041e-24,9959.330672363092,0.9964229610065485,-1.8522324470766172e-18
87660,0.0,5.01791830464774e-24,9959.330672494476,0.9964229610051667,-1.804991812735617e-18
87720,0.0,5.2586471787756474e-24,9959.330672624355,0.9964229610038006,-1.7614029582356366e-18
87780,0.0,5.499816159823615e-24,9959.330672752656,0.996422961002451,-1.7214797149426134e-18
87840,0.0,5.741195388132719e-24,9959.330672879309,0.9964229610011186,-1.6852304214165276e-18
87900,0.0,5.982547913126859e-24,9959.330673004239,0.9964229609998042,-1.6526578164905287e-18
87960,0.0,6.223629616993345e-24,9959.33067312737,0.9964229609985087,-1.6237589323500463e-18
88020,0.0,6.4641891383635175e-24,9959.330673248622,0.9964229609972328,-1.598524987611897e-18
88080,0.0,6.703967795993277e-24,9959.330673367916,0.9964229609959775,-1.5769412804034132e-18
88140,0.0,6.942699512443719e-24,9959.330673485169,0.9964229609947435,-1.5589870814415484e-18
88200,0.0,7.180110737761712e-24,9959.330673600294,0.9964229609935318,-1.544635527111999e-18
88260,0.0,7.41592037316047e-24,9959.330673713206,0.9964229609923433,-1.5338535125483168e-18
88320,0.0,7.649839694700167e-24,9959.330673823815,0.996422960991179,-1.5266015847110395e-18
88380,0.0,7.881572276968472e-24,9959.330673932029,0.9964229609900398,-1.5228338354667676e-18
88440,0.0,8.110813916761201e-24,9959.33067403775,0.9964229609889267,-1.5224977946673295e-18
88500,0.0,8.33725255676287e-24,9959.330674140887,0.9964229609878408,-1.5255343232288617e-18
88560,0.0,8.560568209227301e-24,9959.330674241335,0.9964229609867831,-1.5318775062109422e-18
88620,0.0,8.780432879658196e-24,9959.330674338997,0.9964229609857546,-1.5414545458956988e-18
88680,0.0,8.99651049048971e-24,9959.330674433766,0.9964229609847566,-1.554185654866928e-18
88740,0.0,9.208456804767074e-24,9959.330674525534,0.99642296098379,-1.5699839490892066e-18
88800,0.0,9.41591934982717e-24,9959.330674614195,0.9964229609828561,-1.5887553409870145e-18
88860,0.0,9.618537340979081e-24,9959.330674699635,0.9964229609819559,-1.6103984325238398e-18
88920,0.0,9.815941605184762e-24,9959.33067478174,0.996422960981091,-1.634804408281312e-18
88980,0.0,1.0007754504739556e-23,9959.330674860394,0.9964229609802623,-1.6618569285382956e-18
89040,0.0,1.019358986095279e-23,9959.330674935476,0.996422960979471,-1.691432022350028e-18
89100,0.0,1.0373052877828408e-23,9959.330675006862,0.9964229609787187,-1.7233979806272173e-18
89160,0.0,1.0545740065745491e-23,9959.330675074429,0.9964229609780065,-1.7576152492151655e-18
89220,0.0,1.0711239165138917e-23,9959.330675138048,0.996422960977336,-1.79393632197289e-18
89280,0.0,1.086912907017991e-23,9959.330675197589,0.9964229609767082,-1.8322056338522303e-18
89340,0.0,1.1018979752456615e-23,9959.330675252917,0.9964229609761248,-1.872259453976963e-18
89400,0.0,1.1160352184654708e-23,9959.330675303896,0.9964229609755872,-1.9139257787219275e-18
89460,0.0,1.1292798264238001e-23,9959.330675350388,0.9964229609750969,-1.9570242247921344e-18
89520,0.0,1.1415860737128975e-23,9959.330675392248,0.9964229609746551,-2.001365922301882e-18
89580,0.0,1.152907312138942e-23,9959.330675429332,0.9964229609742637,-2.0467534078538742e-18
89640,0.0,1.1631959630901015e-23,9959.330675461491,0.9964229609739242,-2.0929805176183323e-18
89700,0.0,1.1724035099045885e-23,9959.330675488576,0.996422960973638,-2.139832280412116e-18
89760,0.0,1.1804804902387214e-23,9959.330675510431,0.996422960973407,-2.1870848107778353e-18
89820,0.0,1.187376488434984e-23,9959.3306755269,0.9964229609732327,-2.2345052020629686e-18
89880,0.0,1.1930401278900816e-23,9959.33067553782,0.9964229609731168,-2.2818514194989763e-18
89940,0.0,1.197419063423002e-23,9959.33067554303,0.996422960973061,-2.328872193280421e-18
90000,0.0,1.2004599736430744e-23,9959.330675542362,0.9964229609730672,-2.3753069116440758e-18
90060,0.0,1.202108553318025e-23,9959.330675535646,0.996422960973137,-2.4208855139480454e-18
90120,0.0,1.2023095057420411e-23,9959.33067552271,0.9964229609732724,-2.4653283837508842e-18
90180,0.0,1.2010065351038253e-23,9959.330675503374,0.9964229609734752,-2.5083462418907034e-18
90240,0.0,1.1981423388546562e-23,9959.330675477464,0.9964229609737473,-2.5496400395642972e-18
90300,0.0,1.1936586000764472e-23,9959.330675444793,0.9964229609740906,-2.5889008514062522e-18
90360,0.0,1.187495979849805e-23,9959.330675405175,0.996422960974507,-2.62580976856806e-18
90420,0.0,1.1795941096220886e-23,9959.330675358422,0.9964229609749987,-2.6600377917972425e-18
90480,0.0,1.1698915835754676e-23,9959.33067530434,0.9964229609755676,-2.6912457245164624e-18
90540,0.0,1.158325950994982e-23,9959.330675242732,0.9964229609762157,-2.719084065902636e-18
90600,0.0,1.1448337086365996e-23,9959.3306751734,0.9964229609769454,-2.7431929039660557e-18
90660,0.0,1.1293502930952761e-23,9959.330675096138,0.9964229609777586,-2.7632018086295006e-18
90720,0.0,1.1118100731730131e-23,9959.330675010742,0.9964229609786576,-2.7787297248073536e-18
90780,0.0,1.0921463422469174e-23,9959.330674916999,0.9964229609796444,-2.7893848654847176e-18
90840,0.0,1.0702913106372592e-23,9959.330674814693,0.9964229609807217,-2.7947646047965324e-18
90900,0.0,1.0461760979755314e-23,9959.330674703611,0.9964229609818913,-2.7944553711066884e-18
90960,0.0,1.0197307255725082e-23,9959.330674583529,0.9964229609831559,-2.7880325400871433e-18
91020,0.0,9.908841087863041e-24,9959.330674454224,0.9964229609845178,-2.775060327797039e-18
91080,0.0,9.595640493904323e-24,9959.330674315464,0.9964229609859792,-2.755091683761814e-18
91140,0.0,9.256972279418638e-24,9959.330674167019,0.9964229609875428,-2.7276681840523236e-18
91200,0.0,8.89209196149086e-24,9959.330674008652,0.9964229609892109,-2.6923199243639526e-18
91260,0.0,8.500243692401618e-24,9959.330673840122,0.9964229609909863,-2.6485654130957318e-18
91320,0.0,8.08066018330788e-24,9959.330673661188,0.9964229609928713,-2.5959114644294544e-18
91380,0.0,7.632562627923548e-24,9959.3306734716,0.9964229609948687,-2.533853091408792e-18
91440,0.0,7.155160626200032e-24,9959.330673271108,0.996422960996981,-2.4618733990184084e-18
91500,0.0,6.647652108006853e-24,9959.330673059456,0.9964229609992111,-2.3794434772630775e-18
91560,0.0,6.109223256812227e-24,9959.330672836382,0.9964229610015616,-2.286022294246798e-18
91620,0.0,5.5390484333636444e-24,9959.330672601627,0.9964229610040353,-2.1810565892519096e-18
91680,0.0,4.936290099368469e-24,9959.330672354921,0.996422961006635,-2.0639807658182093e-18
91740,0.0,4.300098741174518e-24,9959.330672095994,0.9964229610093635,-1.9342167848220652e-18
91800,0.0,3.629612793450657e-24,9959.330671824568,0.9964229610122238,-1.7911740575555356e-18
91860,0.0,2.9239585628673812e-24,9959.330671540365,0.996422961015219,-1.634249338805481e-18
91920,0.0,2.1822501517774073e-24,9959.330671243102,0.9964229610183518,-1.4628266199326824e-18
91980,0.0,1.4035893818962611e-24,9959.330670932492,0.9964229610216254,-1.2762770219509568e-18
92040,0.0,5.8706571798286395e-25,9959.33067060824,0.9964229610250429,-1.0739586886062718e-18
92100,0.0,2.88612265408501e-26,9959.330670370988,0.9964229610275426,-1.024093953178803e-18
92160,0.0,1.2153355899792867e-25,9959.330670354111,0.9964229610277169,-1.349679850008869e-18
92220,0.0,2.1575473763629367e-25,9959.330670337036,0.9964229610278933,-1.6814897575644449e-18
92280,0.0,3.1147293345127254e-25,9959.330670319761,0.9964229610280717,-2.0193454669916083e-18
92340,0.0,4.0863420239654862e-25,9959.330670302288,0.9964229610282522,-2.363061296067503e-18
92400,0.0,5.071824632556297e-25,9959.330670284611,0.9964229610284349,-2.7124440130820405e-18
92460,0.0,6.070594755132428e-25,9959.33067026673,0.9964229610286195,-3.0672927607196597e-18
92520,0.0,7.082048172268128e-25,9959.33067024864,0.9964229610288063,-3.427398979940864e-18
92580,0.0,8.105558628978353e-25,9959.33067023034,0.9964229610289954,-3.7925463338641216e-18
92640,0.0,9.140477613433383e-25,9959.330670211823,0.9964229610291867,-4.16251063164747e-18
92700,0.0,1.0186134135672945e-24,9959.330670193083,0.9964229610293802,-4.53705975237012e-18
92760,0.0,1.1241834506320715e-24,9959.330670174115,0.9964229610295762,-4.915953568914328e-18
92820,0.0,1.2306862115298377e-24,9959.330670154912,0.9964229610297746,-5.2989438718469425e-18
92880,0.0,1.338047721054003e-24,9959.330670135463,0.9964229610299755,-5.685774293301179e-18
92940,0.0,1.4461916676706352e-24,9959.330670115763,0.996422961030179,-6.076180230858234e-18
93000,0.0,1.5550393813899112e-24,9959.3306700958,0.9964229610303853,-6.469888771429193e-18
93060,0.0,1.664509811637513e-24,9959.330670075566,0.9964229610305944,-6.8666186151363826e-18
93120,0.0,1.7745195051260873e-24,9959.330670055046,0.9964229610308064,-7.266079999195367e-18
93180,0.0,1.884982583726668e-24,9959.33067003423,0.9964229610310216,-7.66797462179653e-18
93240,0.0,1.9958107223400724e-24,9959.330670013102,0.99642296103124,-8.071995565986695e-18
93300,0.0,2.1069131267683763e-24,9959.330669991652,0.9964229610314618,-8.477827223550981e-18
93360,0.0,2.2181965115863196e-24,9959.33066996986,0.996422961031687,-8.885145218894338e-18
93420,0.0,2.329565078012728e-24,9959.330669947716,0.9964229610319161,-9.293616332923376e-18
93480,0.0,2.440920491781959e-24,9959.330669925197,0.996422961032149,-9.702898426927968e-18
93540,0.0,2.5521618610153085e-24,9959.330669902289,0.9964229610323859,-1.0112640366462987e-17
93600,0.0,2.6631857140924644e-24,9959.330669878973,0.9964229610326273,-1.0522481945229981e-17
93660,0.0,2.773885977522916e-24,9959.330669855226,0.996422961032873,-1.0932053808958875e-17
93720,0.0,2.884153953817397e-24,9959.33066983103,0.9964229610331234,-1.1340977379289733e-17
93780,0.0,2.9938782993592925e-24,9959.330669806362,0.9964229610333789,-1.1748864777654267e-17
93840,0.0,3.102945002276092e-24,9959.3306697812,0.9964229610336395,-1.2155318749157779e-17
93900,0.0,3.2112373603108055e-24,9959.330669755518,0.9964229610339055,-1.2559932586460658e-17
93960,0.0,3.318635958693394e-24,9959.330669729294,0.9964229610341773,-1.2962290053660146e-17
94020,0.0,3.425018648012192e-24,9959.3306697025,0.9964229610344549,-1.3361965310172092e-17
94080,0.0,3.5302605220853446e-24,9959.330669675108,0.9964229610347389,-1.3758522834612562e-17
94140,0.0,3.634233895832234e-24,9959.330669647094,0.9964229610350295,-1.4151517348679528e-17
94200,0.0,3.7368082831449126e-24,9959.330669618423,0.9964229610353268,-1.454049374103464e-17
94260,0.0,3.837850374759508e-24,9959.330669589068,0.9964229610356314,-1.492498699118487e-17
94320,0.0,3.937224016127692e-24,9959.330669558998,0.9964229610359435,-1.5304522093364232e-17
94380,0.0,4.034790185288063e-24,9959.330669528179,0.9964229610362634,-1.567861398041543e-17
94440,0.0,4.130406970737621e-24,9959.330669496578,0.9964229610365916,-1.604676744767159e-17
94500,0.0,4.223929549303153e-24,9959.33066946416,0.9964229610369283,-1.640847707683799e-17
94560,0.0,4.315210164012695e-24,9959.330669430887,0.996422961037274,-1.6763227159873646e-17
94620,0.0,4.404098101966941e-24,9959.330669396726,0.9964229610376291,-1.711049162287314e-17
94680,0.0,4.490439672210675e-24,9959.330669361634,0.996422961037994,-1.7449733949948226e-17
94740,0.0,4.574078183604208e-24,9959.330669325574,0.9964229610383689,-1.7780407107109533e-17
94800,0.0,4.6548539226947944e-24,9959.330669288507,0.9964229610387545,-1.8101953466148316e-17
94860,0.0,4.73260413158807e-24,9959.330669250388,0.9964229610391512,-1.8413804728518085e-17
94920,0.0,4.8071629858194744e-24,9959.330669211175,0.9964229610395594,-1.8715381849216332e-17
94980,0.0,4.8783615722256856e-24,9959.330669170822,0.9964229610399795,-1.9006094960666215e-17
95040,0.0,4.946027866816042e-24,9959.330669129284,0.9964229610404121,-1.9285343296598283e-17
95100,0.0,5.009986712643972e-24,9959.330669086516,0.9964229610408576,-1.9552515115932116e-17
95160,0.0,5.070059797678426e-24,9959.330669042467,0.9964229610413166,-1.980698762665809e-17
95220,0.0,5.126065632675306e-24,9959.330668997089,0.9964229610417895,-2.004812690971899e-17
95280,0.0,5.177819529048885e-24,9959.330668950332,0.996422961042277,-2.0275287842891798e-17
95340,0.0,5.225133576743252e-24,9959.330668902141,0.9964229610427795,-2.0487814024669307e-17
95400,0.0,5.267816622103712e-24,9959.330668852464,0.9964229610432978,-2.0685037698141848e-17
95460,0.0,5.3056742457482494e-24,9959.330668801247,0.9964229610438321,-2.0866279674878995e-17
95520,0.0,5.3385087404389366e-24,9959.330668748433,0.9964229610443832,-2.1030849258811257e-17
95580,0.0,5.366119088953357e-24,9959.330668693965,0.9964229610449518,-2.1178044170111752e-17
95640,0.0,5.3883009419560494e-24,9959.330668637784,0.9964229610455384,-2.1307150469077923e-17
95700,0.0,5.40484659586993e-24,9959.330668579829,0.9964229610461436,-2.1417442480013232e-17
95760,0.0,5.4155449707477145e-24,9959.330668520039,0.9964229610467681,-2.1508182715108848e-17
95820,0.0,5.420181588143355e-24,9959.33066845835,0.9964229610474126,-2.1578621798325342e-17
95880,0.0,5.4185385489834674e-24,9959.330668394698,0.9964229610480777,-2.1627998389274375e-17
95940,0.0,5.410394511438754e-24,9959.330668329017,0.9964229610487643,-2.1655539107100426e-17
96000,0.0,5.395524668795437e-24,9959.330668261242,0.9964229610494727,-2.1660458454362445e-17
96060,0.0,5.37370072732669e-24,9959.3306681913,0.996422961050204,-2.1641958740915562e-17
96120,0.0,5.344690884164056e-24,9959.330668119124,0.9964229610509588,-2.159923000779281e-17
96180,0.0,5.308259805168887e-24,9959.33066804464,0.9964229610517379,-2.1531449951086778e-17
96240,0.0,5.264168602803767e-24,9959.330667967777,0.996422961052542,-2.1437783845831333e-17
96300,0.0,5.21217481400394e-24,9959.330667888458,0.9964229610533719,-2.1317384469883296e-17
96360,0.0,5.1520323780487415e-24,9959.330667806607,0.9964229610542285,-2.1169392027804162e-17
96420,0.0,5.083491614433023e-24,9959.33066772215,0.9964229610551124,-2.099293407474178e-17
96480,0.0,5.006299200738583e-24,9959.330667635002,0.9964229610560247,-2.0787125440312034e-17
96540,0.0,4.9201981505055996e-24,9959.330667545086,0.996422961056966,-2.0551068152480578e-17
96600,0.0,4.8249277911040486e-24,9959.330667452317,0.9964229610579374,-2.0283851361444485e-17
96660,0.0,4.720223741605141e-24,9959.330667356615,0.9964229610589397,-1.9984551263513973e-17
96720,0.0,4.605817890652748e-24,9959.33066725789,0.9964229610599736,-1.96522310249941e-17
96780,0.0,4.4814383743348304e-24,9959.330667156057,0.9964229610610404,-1.928594070606642e-17
96840,0.0,4.346809554054866e-24,9959.330667051026,0.9964229610621408,-1.8884717184670744e-17
96900,0.0,4.2016519944032776e-24,9959.33066694271,0.9964229610632757,-1.844758408038678e-17
96960,0.0,4.045682441028866e-24,9959.330666831012,0.9964229610644462,-1.797355167831585e-17
97020,0.0,3.87861379851023e-24,9959.330666715843,0.9964229610656531,-1.7461616852962588e-17
97080,0.0,3.700155108227206e-24,9959.330666597105,0.9964229610668977,-1.6910762992116613e-17
97140,0.0,3.510011526232285e-24,9959.3306664747,0.9964229610681807,-1.6319959920734258e-17
97200,0.0,3.307884301122051e-24,9959.330666348533,0.9964229610695033,-1.5688163824820246e-17
97260,0.0,3.093470751908601e-24,9959.3306662185,0.9964229610708666,-1.5014317175309377e-17
97320,0.0,2.8664642458909796e-24,9959.330666084501,0.9964229610722717,-1.4297348651948243e-17
97380,0.0,2.6265541765266048e-24,9959.330665946432,0.9964229610737194,-1.3536173067176906e-17
97440,0.0,2.3734259413026975e-24,9959.330665804187,0.9964229610752112,-1.2729691290010604e-17
97500,0.0,2.1067609196077092e-24,9959.33066565766,0.996422961076748,-1.1876790169921439e-17
97560,0.0,1.8262364506027506e-24,9959.33066550674,0.996422961078331,-1.097634246072008e-17
97620,0.0,1.5315258110930204e-24,9959.33066535132,0.9964229610799612,-1.002720674443745e-17
97680,0.0,1.2222981933992344e-24,9959.330665191283,0.9964229610816401,-9.028227355206424e-18
97740,0.0,8.98218683229052e-25,9959.330665026517,0.9964229610833686,-7.97823430314353e-18
97800,0.0,5.589482375485066e-25,9959.330664856905,0.9964229610851482,-6.876043198230632e-18
97860,0.0,2.041436624534333e-25,9959.330664682331,0.9964229610869798,-5.720455174196636e-18
97920,0.0,1.832927261578373e-27,9959.330664561638,0.9964229610882454,-5.0832014502673975e-18
97980,0.0,5.4988508154263184e-27,9959.330664513556,0.9964229610887476,-5.146240665355358e-18
98040,0.0,9.22407462381886e-27,9959.330664465977,0.9964229610892448,-5.20884873511791e-18
98100,0.0,1.3006518592474733e-26,9959.3306644189,0.9964229610897365,-5.270986114192354e-18
98160,0.0,1.6844021120478833e-26,9959.330664372326,0.9964229610902231,-5.332612624023966e-18
98220,0.0,2.073433827934935e-26,9959.330664326255,0.9964229610907044,-5.3936874492529554e-18
98280,0.0,2.4675142992100795e-26,9959.330664280682,0.9964229610911804,-5.454169134101398e-18
98340,0.0,2.866402421230971e-26,9959.330664235611,0.9964229610916514,-5.514015578760192e-18
98400,0.0,3.2698486103179776e-26,9959.330664191035,0.996422961092117,-5.5731840357760044e-18
98460,0.0,3.677594721660547e-26,9959.330664146955,0.9964229610925776,-5.631631106438199e-18
98520,0.0,4.0893739672237366e-26,9959.330664103367,0.9964229610930329,-5.6893127371658075e-18
98580,0.0,4.504910833654811e-26,9959.330664060268,0.996422961093483,-5.74618421589446e-18
98640,0.0,4.923921000189572e-26,9959.330664017654,0.9964229610939282,-5.8022001684633315e-18
98700,0.0,5.346111256558812e-26,9959.330663975523,0.9964229610943685,-5.857314555002088e-18
98760,0.0,5.771179420895033e-26,9959.330663933868,0.9964229610948035,-5.9114806663178496e-18
98820,0.0,6.198814257638622e-26,9959.330663892684,0.9964229610952338,-5.964651120282101e-18
98880,0.0,6.628695395444575e-26,9959.330663851968,0.9964229610956591,-6.01677785821768e-18
98940,0.0,7.060493245088833e-26,9959.330663811712,0.9964229610960796,-6.067812141285679e-18
99000,0.0,7.493868917374825e-26,9959.33066377191,0.9964229610964954,-6.1177045468724336e-18
99060,0.0,7.928474141039919e-26,9959.330663732557,0.9964229610969065,-6.166404964976438e-18
99120,0.0,8.363951180661947e-26,9959.330663693645,0.996422961097313,-6.213862594595302e-18
99180,0.0,8.799932754565627e-26,9959.330663655164,0.996422961097715,-6.260025940112698e-18
99240,0.0,9.236041952729107e-26,9959.33066361711,0.9964229610981125,-6.304842807685299e-18
99300,0.0,9.671892154690376e-26,9959.33066357947,0.9964229610985057,-6.348260301629742e-18
99360,0.0,1.0107086947453828e-25,9959.330663542238,0.9964229610988946,-6.3902248208095584e-18
99420,0.0,1.054122004339664e-25,9959.330663505401,0.9964229610992794,-6.430682055022113e-18
99480,0.0,1.0973875198175334e-25,9959.330663468954,0.9964229610996601,-6.469576981385577e-18
99540,0.0,1.140462612863225e-25,9959.330663432882,0.9964229611000369,-6.506853860725848e-18
99600,0.0,1.1833036430702006e-25,9959.330663397175,0.9964229611004098,-6.542456233963507e-18
99660,0.0,1.2258659497317966e-25,9959.330663361823,0.9964229611007792,-6.5763269185007655e-18
99720,0.0,1.2681038436318722e-25,9959.330663326813,0.9964229611011449,-6.608408004608406e-18
99780,0.0,1.309970598835463e-25,9959.33066329213,0.9964229611015072,-6.6386408518127334e-18
99840,0.0,1.3514184444794242e-25,9959.330663257764,0.9964229611018661,-6.666966085282517e-18
99900,0.0,1.3923985565630817e-25,9959.330663223698,0.996422961102222,-6.693323592215936e-18
99960,0.0,1.4328610497388681e-25,9959.330663189921,0.9964229611025748,-6.717652518227529e-18
100020,0.0,1.4727549691029924e-25,9959.33066315642,0.9964229611029248,-6.739891263735135e-18
100080,0.0,1.5120282819860693e-25,9959.330663123172,0.9964229611032721,-6.75997748034685e-18
100140,0.0,1.5506278697437808e-25,9959.330663090168,0.9964229611036168,-6.777848067247955e-18
100200,0.0,1.5884995195475102e-25,9959.33066305739,0.9964229611039592,-6.793439167587877e-18
100260,0.0,1.6255879161750038e-25,9959.330663024819,0.9964229611042995,-6.806686164867132e-18
100320,0.0,1.6618366338010106e-25,9959.33066299244,0.9964229611046377,-6.817523679324266e-18
100380,0.0,1.6971881277879327e-25,9959.330662960234,0.9964229611049741,-6.8258855643227986e-18
100440,0.0,1.7315837264764727e-25,9959.330662928181,0.9964229611053089,-6.8317049027381846e-18
100500,0.0,1.764963622976287e-25,9959.330662896265,0.9964229611056423,-6.834914003344743e-18
100560,0.0,1.7972668669566266e-25,9959.330662864464,0.9964229611059745,-6.835444397202608e-18
100620,0.0,1.8284313564369853e-25,9959.330662832757,0.9964229611063057,-6.833226834044681e-18
100680,0.0,1.858393829577754e-25,9959.330662801125,0.9964229611066362,-6.828191278663567e-18
100740,0.0,1.8870898564708644e-25,9959.330662769546,0.996422961106966,-6.820266907298526e-18
100800,0.0,1.9144538309304384e-25,9959.330662737997,0.9964229611072957,-6.8093821040224196e-18
100860,0.0,1.9404189622834349e-25,9959.330662706456,0.9964229611076252,-6.795464457128654e-18
100920,0.0,1.9649172671603012e-25,9959.3306626749,0.9964229611079548,-6.7784407555181265e-18
100980,0.0,1.9878795612856163e-25,9959.330662643304,0.9964229611082849,-6.758236985086175e-18
101040,0.0,2.0092354512687394e-25,9959.330662611645,0.9964229611086156,-6.734778325109516e-18
101100,0.0,2.0289133263944639e-25,9959.330662579896,0.9964229611089472,-6.707989144633201e-18
101160,0.0,2.0468403504136613e-25,9959.330662548033,0.9964229611092802,-6.677792998857551e-18
101220,0.0,2.0629424533339256e-25,9959.33066251603,0.9964229611096145,-6.6441126255251134e-18
101280,0.0,2.07714432321023e-25,9959.330662483859,0.9964229611099505,-6.6068699413076e-18
101340,0.0,2.0893693979355667e-25,9959.330662451492,0.9964229611102887,-6.565986038192836e-18
101400,0.0,2.0995398570316004e-25,9959.3306624189,0.9964229611106292,-6.521381179871704e-18
101460,0.0,2.107576613439313e-25,9959.330662386059,0.9964229611109724,-6.472974798125095e-18
101520,0.0,2.1133993053096553e-25,9959.330662352933,0.9964229611113185,-6.420685489210848e-18
101580,0.0,2.116926287794192e-25,9959.330662319497,0.9964229611116678,-6.3644310102506975e-18
101640,0.0,2.118074624835749e-25,9959.330662285716,0.9964229611120208,-6.304128275617224e-18
101700,0.0,2.116760080959066e-25,9959.330662251563,0.9964229611123776,-6.239693353320793e-18
101760,0.0,2.1128971130614405e-25,9959.330662217002,0.9964229611127388,-6.171041461396507e-18
101820,0.0,2.106398862203376e-25,9959.330662182003,0.9964229611131045,-6.0980869642911466e-18
101880,0.0,2.0971771453992344e-25,9959.33066214653,0.9964229611134751,-6.02074336925012e-18
101940,0.0,2.0851424474078778e-25,9959.330662110553,0.9964229611138511,-5.938923322704406e-18
102000,0.0,2.0702039125233215e-25,9959.330662074033,0.9964229611142327,-5.8525386066574995e-18
102060,0.0,2.0522693363653801e-25,9959.330662036937,0.9964229611146203,-5.761500135072365e-18
102120,0.0,2.0312451576703147e-25,9959.330661999227,0.9964229611150144,-5.665717950258371e-18
102180,0.0,2.0070364500814835e-25,9959.330661960868,0.9964229611154152,-5.565101219258244e-18
102240,0.0,1.9795469139399874e-25,9959.330661921822,0.9964229611158233,-5.459558230235011e-18
102300,0.0,1.9486788680753202e-25,9959.33066188205,0.9964229611162388,-5.348996388858946e-18
102360,0.0,1.9143332415960147e-25,9959.330661841514,0.9964229611166625,-5.233322214694518e-18
102420,0.0,1.8764095656802918e-25,9959.330661800173,0.9964229611170945,-5.112441337587334e-18
102480,0.0,1.8348059653667087e-25,9959.33066175799,0.9964229611175354,-4.9862584940510856e-18
102540,0.0,1.7894191513448073e-25,9959.330661714921,0.9964229611179856,-4.854677523654496e-18
102600,0.0,1.7401444117457612e-25,9959.330661670923,0.9964229611184453,-4.717601365408264e-18
102660,0.0,1.6868756039330234e-25,9959.330661625958,0.9964229611189153,-4.5749320541520124e-18
102720,0.0,1.629505146292977e-25,9959.33066157998,0.9964229611193959,-4.426570716941233e-18
102780,0.0,1.5679240100255809e-25,9959.330661532946,0.9964229611198875,-4.272417569434229e-18
102840,0.0,1.5020217109350177e-25,9959.33066148481,0.9964229611203905,-4.1123719122790675e-18
102900,0.0,1.4316863012203447e-25,9959.330661435526,0.9964229611209057,-3.9463321275005206e-18
102960,0.0,1.3568043612661375e-25,9959.330661385051,0.9964229611214332,-3.774195674887012e-18
103020,0.0,1.2772609914331427e-25,9959.330661333337,0.9964229611219738,-3.595859088377563e-18
103080,0.0,1.1929398038489218e-25,9959.330661280335,0.9964229611225278,-3.4112179724487414e-18
103140,0.0,1.1037229141985026e-25,9959.330661225997,0.9964229611230958,-3.2201669985016014e-18
103200,0.0,1.0094909335150261e-25,9959.330661170274,0.9964229611236782,-3.022599901248636e-18
103260,0.0,9.101229599703937e-26,9959.330661113117,0.9964229611242756,-2.8184094751007175e-18
103320,0.0,8.05496570665916e-26,9959.330661054475,0.9964229611248887,-2.607487570554047e-18
103380,0.0,6.954878134229613e-26,9959.330660994296,0.9964229611255178,-2.3897250905770983e-18
103440,0.0,5.799711985736033e-26,9959.330660932528,0.9964229611261634,-2.1650119869975654e-18
103500,0.0,4.588196907512689e-26,9959.330660869118,0.9964229611268263,-1.933237256889307e-18
103560,0.0,3.3190470068138666e-26,9959.330660804013,0.9964229611275068,-1.6942889389592927e-18
103620,0.0,1.9909607697203486e-26,9959.330660737156,0.9964229611282057,-1.448054109934549e-18
103680,0.0,6.026209790458934e-27,9959.330660668495,0.9964229611289235,-1.194418880949106e-18
103740,0.0,8.925546825059166e-30,9959.33066062989,0.9964229611293269,-1.0304664002910729e-18
103800,0.0,9.410019276363524e-30,9959.330660614381,0.996422961129489,-9.350545689720615e-19
103860,0.0,9.942050299879366e-30,9959.330660599318,0.9964229611296463,-8.392637794600635e-19
103920,0.0,1.0520687411449641e-29,9959.33066058469,0.9964229611297991,-7.431344701039515e-19
103980,0.0,1.1144942762302668e-29,9959.330660570493,0.9964229611299474,-6.467079417190241e-19
104040,0.0,1.1813792857630307e-29,9959.330660556718,0.9964229611300914,-5.500263633781462e-19
104100,0.0,1.2526178275167603e-29,9959.330660543357,0.996422961130231,-4.53132778202829e-19
104160,0.0,1.3281003383771038e-29,9959.330660530406,0.9964229611303662,-3.5607110915435593e-19
104220,0.0,1.4077136061997499e-29,9959.330660517853,0.9964229611304973,-2.5888616482488385e-19
104280,0.0,1.491340741668354e-29,9959.330660505695,0.9964229611306243,-1.6162364522855219e-19
104340,0.0,1.5788611501523685e-29,9959.330660493919,0.9964229611307474,-6.4330147592596e-20
104400,0.0,1.6701505035649688e-29,9959.330660482521,0.9964229611308665,3.29468278515587e-20
104460,0.0,1.765080712220932e-29,9959.330660471489,0.9964229611309817,1.3015887207716523e-19
104520,0.0,1.8635198966944996e-29,9959.330660460815,0.9964229611310932,2.272566614710719e-19
104580,0.0,1.9653323596773025e-29,9959.330660450492,0.996422961131201,3.241899520425929e-19
104640,0.0,2.0703785578362098e-29,9959.330660440508,0.9964229611313054,4.2090757363241475e-19
104700,0.0,2.1785150736712378e-29,9959.330660430855,0.9964229611314062,5.173574241214817e-19
104760,0.0,2.2895945873734497e-29,9959.330660421523,0.9964229611315036,6.13486463639888e-19
104820,0.0,2.4034658486827933e-29,9959.330660412503,0.9964229611315978,7.092407087757638e-19
104880,0.0,2.519973648746042e-29,9959.330660403784,0.9964229611316889,8.045652267841808e-19
104940,0.0,2.638958791974642e-29,9959.330660395355,0.996422961131777,8.99404129796032e-19
105000,0.0,2.7602580679026164e-29,9959.330660387206,0.996422961131862,9.937005690269298e-19
105060,0.0,2.8837042230444545e-29,9959.330660379328,0.9964229611319443,1.0873967289860876e-18
105120,0.0,3.0091259327529883e-29,9959.330660371706,0.9964229611320239,1.1804338216852299e-18
105180,0.0,3.13634777307729e-29,9959.330660364332,0.9964229611321009,1.2727520808474616e-18
105240,0.0,3.265190192620532e-29,9959.330660357195,0.9964229611321755,1.3642907561161796e-18
105300,0.0,3.395469484397913e-29,9959.330660350279,0.9964229611322477,1.4549881072639488e-18
105360,0.0,3.526997757694522e-29,9959.330660343576,0.9964229611323178,1.5447813984014094e-18
105420,0.0,3.6595829099232144e-29,9959.330660337071,0.9964229611323857,1.6336068921861516e-18
105480,0.0,3.793028598482513e-29,9959.330660330754,0.9964229611324517,1.7213998440316189e-18
105540,0.0,3.9271342126145106e-29,9959.330660324611,0.9964229611325158,1.8080944963159988e-18
105600,0.0,4.0616948452627094e-29,9959.33066031863,0.9964229611325782,1.8936240725911075e-18
105660,0.0,4.196501264929959e-29,9959.330660312797,0.9964229611326392,1.9779207717912925e-18
105720,0.0,4.3313398875363107e-29,9959.330660307098,0.9964229611326987,2.06091576244231e-18
105780,0.0,4.465992748276907e-29,9959.330660301519,0.996422961132757,2.142539176870231e-18
105840,0.0,4.600237473479891e-29,9959.330660296047,0.9964229611328141,2.2227201054103243e-18
105900,0.0,4.733847252464255e-29,9959.330660290669,0.9964229611328702,2.3013865906159503e-18
105960,0.0,4.866590809397759e-29,9959.330660285368,0.9964229611329256,2.3784656214674525e-18
106020,0.0,4.9982323751548126e-29,9959.330660280133,0.9964229611329803,2.453883127581051e-18
106080,0.0,5.128531659174338e-29,9959.330660274945,0.9964229611330345,2.527563973417728e-18
106140,0.0,5.257243821317678e-29,9959.33066026979,0.9964229611330883,2.599431952492131e-18
106200,0.0,5.384119443726481e-29,9959.330660264653,0.996422961133142,2.6694097815814544e-18
106260,0.0,5.508904502680593e-29,9959.33066025952,0.9964229611331956,2.7374190949343306e-18
106320,0.0,5.631340340455908e-29,9959.330660254373,0.9964229611332494,2.803380438479731e-18
106380,0.0,5.751163637182306e-29,9959.330660249194,0.9964229611333034,2.867213264035847e-18
106440,0.0,5.868106382701507e-29,9959.330660243972,0.9964229611333579,2.9288359235189926e-18
106500,0.0,5.981895848424956e-29,9959.330660238684,0.9964229611334132,2.9881656631524854e-18
106560,0.0,6.092254559191728e-29,9959.330660233318,0.9964229611334693,3.045118617675546e-18
106620,0.0,6.198900265126399e-29,9959.330660227854,0.9964229611335264,3.099609804552183e-18
106680,0.0,6.301545913496944e-29,9959.330660222273,0.9964229611335846,3.1515531181800912e-18
106740,0.0,6.399899620572614e-29,9959.330660216561,0.9964229611336443,3.200861324099541e-18
106800,0.0,6.493664643481821e-29,9959.3306602107,0.9964229611337055,3.2474460532022667e-18
106860,0.0,6.582539352070034e-29,9959.330660204669,0.9964229611337685,3.2912177959403634e-18
106920,0.0,6.666217200757665e-29,9959.33066019845,0.9964229611338334,3.3320858965351743e-18
106980,0.0,6.744386700397937e-29,9959.330660192023,0.9964229611339006,3.369958547186187e-18
107040,0.0,6.816731390134799e-29,9959.330660185373,0.9964229611339701,3.4047427822799198e-18
107100,0.0,6.88292980926079e-29,9959.330660178477,0.9964229611340422,3.4363444725988173e-18
107160,0.0,6.942655469074935e-29,9959.330660171316,0.9964229611341169,3.46466831953014e-18
107220,0.0,6.995576824740623e-29,9959.33066016387,0.9964229611341947,3.4896178492748575e-18
107280,0.0,7.041357247143513e-29,9959.330660156122,0.9964229611342756,3.511095407056539e-18
107340,0.0,7.079654994749394e-29,9959.330660148045,0.99642296113436,3.529002151330247e-18
107400,0.0,7.110123185462093e-29,9959.330660139623,0.9964229611344481,3.543238047991422e-18
107460,0.0,7.132409768481348e-29,9959.330660130836,0.9964229611345399,3.5537018645847876e-18
107520,0.0,7.146157496160703e-29,9959.330660121657,0.9964229611346358,3.5602911645132286e-18
107580,0.0,7.15100389586539e-29,9959.330660112071,0.9964229611347359,3.562902301246689e-18
107640,0.0,7.146581241830211e-29,9959.33066010205,0.9964229611348406,3.5614304125310635e-18
107700,0.0,7.13251652701744e-29,9959.330660091577,0.9964229611349501,3.5557694145970874e-18
107760,0.0,7.108431434974686e-29,9959.330660080626,0.9964229611350645,3.5458119963692326e-18
107820,0.0,7.073942311692804e-29,9959.330660069178,0.9964229611351841,3.531449613674591e-18
107880,0.0,7.028660137463761e-29,9959.330660057205,0.9964229611353093,3.512572483451775e-18
107940,0.0,6.972190498738533e-29,9959.330660044687,0.99642296113544,3.489069577959804e-18
108000,0.0,6.904133559984995e-29,9959.3306600316,0.9964229611355768,3.4608286189869973e-18
108060,0.0,6.824084035545795e-29,9959.330660017918,0.9964229611357198,3.427736072059867e-18
108120,0.0,6.731631161496251e-29,9959.33066000362,0.9964229611358691,3.389677140652006e-18
108180,0.0,6.626358667502233e-29,9959.330659988678,0.9964229611360254,3.3465357603929853e-18
108240,0.0,6.507844748678048e-29,9959.33065997307,0.9964229611361884,3.298194593277241e-18
108300,0.0,6.375662037444331e-29,9959.330659956771,0.9964229611363588,3.2445350218729672e-18
108360,0.0,6.229377575385924e-29,9959.330659939753,0.9964229611365366,3.1854371435310092e-18
108420,0.0,6.068552785109775e-29,9959.330659921994,0.9964229611367222,3.120779764593753e-18
108480,0.0,5.892743442102811e-29,9959.330659903464,0.9964229611369159,3.050440394604018e-18
108540,0.0,5.701499646589831e-29,9959.33065988414,0.9964229611371178,2.9742952405139492e-18
108600,0.0,5.494365795391391e-29,9959.330659863992,0.9964229611373283,2.8922192008939076e-18
108660,0.0,5.270880553781692e-29,9959.330659842997,0.9964229611375477,2.804085860141363e-18
108720,0.0,5.0305768273464624e-29,9959.330659821126,0.9964229611377763,2.7097674826897857e-18
108780,0.0,4.7729817338408504e-29,9959.33065979835,0.9964229611380143,2.6091350072175362e-18
108840,0.0,4.497616575047305e-29,9959.330659774643,0.9964229611382621,2.50205804085676e-18
108900,0.0,4.203996808633466e-29,9959.330659749978,0.9964229611385198,2.3884048534022758e-18
108960,0.0,3.891632020010046e-29,9959.330659724325,0.9964229611387879,2.2680423715204714e-18
109020,0.0,3.560025894188724e-29,9959.330659697653,0.9964229611390667,2.1408361729581902e-18
109080,0.0,3.2086761876400224e-29,9959.330659669937,0.9964229611393564,2.006650480751628e-18
109140,0.0,2.837074700151202e-29,9959.330659641146,0.9964229611396572,1.8653481574352204e-18
109200,0.0,2.4447072466841434e-29,9959.330659611249,0.9964229611399696,1.7167906992505375e-18
109260,0.0,2.0310536292332353e-29,9959.330659580219,0.9964229611402939,1.560838230355174e-18
109320,0.0,1.59558760868326e-29,9959.330659548023,0.9964229611406304,1.3973494970316418e-18
109380,0.0,1.1377768766672802e-29,9959.330659514631,0.9964229611409794,1.2261818618962603e-18
109440,0.0,6.570830274245255e-30,9959.330659480012,0.9964229611413412,1.047191298108049e-18
109500,0.0,1.529615296582786e-30,9959.330659444136,0.9964229611417161,8.6023238357762e-19
109560,0.0,2.9664393484971797e-30,9959.330659466965,0.9964229611414777,1.068094519539732e-18
109620,0.0,3.235747420504304e-30,9959.330659459,0.9964229611415609,1.033051315577576e-18
109680,0.0,3.510915000710027e-30,9959.330659451136,0.9964229611416431,9.97907799777789e-19
109740,0.0,3.791466396137517e-30,9959.330659443365,0.9964229611417242,9.626605760230534e-19
109800,0.0,4.076929693360804e-30,9959.330659435685,0.9964229611418045,9.273071377912739e-19
109860,0.0,4.3668367585047504e-30,9959.330659428088,0.9964229611418839,8.918458681555553e-19
109920,0.0,4.660723237245096e-30,9959.33065942057,0.9964229611419625,8.562760397842259e-19
109980,0.0,4.958128554808433e-30,9959.330659413125,0.9964229611420402,8.205978149408191e-19
110040,0.0,5.258595915972185e-30,9959.330659405747,0.9964229611421174,7.8481224548408625e-19
110100,0.0,5.561672305064664e-30,9959.330659398433,0.9964229611421938,7.489212728679906e-19
110160,0.0,5.8669084859649925e-30,9959.330659391177,0.9964229611422696,7.129277281417007e-19
110220,0.0,6.173859002103197e-30,9959.330659383973,0.9964229611423449,6.768353319496086e-19
110280,0.0,6.482082176460103e-30,9959.330659376817,0.9964229611424197,6.406486945313099e-19
110340,0.0,6.79114011156744e-30,9959.330659369705,0.996422961142494,6.043733157216204e-19
110400,0.0,7.10059868950777e-30,9959.330659362631,0.9964229611425679,5.680155849505622e-19
110460,0.0,7.410027571914496e-30,9959.33065935559,0.9964229611426415,5.315827812433724e-19
110520,0.0,7.719000199971894e-30,9959.330659348578,0.9964229611427148,4.950830732205022e-19
110580,0.0,8.027093794415094e-30,9959.330659341591,0.9964229611427877,4.585255190976155e-19
110640,0.0,8.333889355530055e-30,9959.330659334624,0.9964229611428606,4.219200666855846e-19
110700,0.0,8.63897166315363e-30,9959.330659327672,0.9964229611429332,3.852775533905e-19
110760,0.0,8.941929276673493e-30,9959.33065932073,0.9964229611430058,3.486097062136594e-19
110820,0.0,9.242354535028181e-30,9959.330659313799,0.9964229611430782,3.119291417515783e-19
110880,0.0,9.539843556707096e-30,9959.330659306866,0.9964229611431507,2.752493661959812e-19
110940,0.0,9.833996239750476e-30,9959.330659299934,0.996422961143223,2.385847753338061e-19
111000,0.0,1.0124416261749426e-29,9959.330659292997,0.9964229611432955,2.0195065454720505e-19
111060,0.0,1.0410711079845901e-29,9959.330659286048,0.9964229611433681,1.6536317881354044e-19
111120,0.0,1.0692491930732712e-29,9959.330659279087,0.9964229611434409,1.2883941270538954e-19
111180,0.0,1.0969373830653515e-29,9959.33065927211,0.9964229611435138,9.239731039053976e-20
111240,0.0,1.1240975575402832e-29,9959.330659265108,0.996422961143587,5.60557156319936e-20
111300,0.0,1.1506919740326019e-29,9959.330659258083,0.9964229611436604,1.9834361787965068e-20
111360,0.0,1.1766832680319318e-29,9959.33065925103,0.9964229611437341,-1.6246128188119357e-20
111420,0.0,1.2020344529829798e-29,9959.330659243944,0.9964229611438081,-5.216424174762041e-20
111480,0.0,1.2267089202855403e-29,9959.330659236823,0.9964229611438825,-8.789757674668732e-20
111540,0.0,1.25067043929449e-29,9959.330659229663,0.9964229611439573,-1.2342284144625368e-19
111600,0.0,1.273883157319794e-29,9959.33065922246,0.9964229611440326,-1.5871585451204334e-19
111660,0.0,1.2963115996265004e-29,9959.330659215211,0.9964229611441083,-1.9375154501456667e-19
111720,0.0,1.3179206694347457e-29,9959.330659207913,0.9964229611441846,-2.2850395242912087e-19
111780,0.0,1.3386756479197492e-29,9959.330659200563,0.9964229611442614,-2.6294622663579106e-19
111840,0.0,1.3585421942118163e-29,9959.330659193158,0.9964229611443388,-2.970506279194501e-19
111900,0.0,1.3774863453963378e-29,9959.330659185693,0.9964229611444168,-3.3078852696975698e-19
111960,0.0,1.3954745165137902e-29,9959.330659178167,0.9964229611444955,-3.6413040488115924e-19
112020,0.0,1.4124735005597344e-29,9959.330659170579,0.9964229611445747,-3.9704585315289116e-19
112080,0.0,1.4284504684848186e-29,9959.33065916292,0.9964229611446548,-4.2950357368897505e-19
112140,0.0,1.4433729691947756e-29,9959.330659155194,0.9964229611447355,-4.614713787982203e-19
112200,0.0,1.457208929550421e-29,9959.330659147396,0.996422961144817,-4.929161911942227e-19
112260,0.0,1.4699266543676605e-29,9959.330659139521,0.9964229611448993,-5.23804043995367e-19
112320,0.0,1.481494826417481e-29,9959.330659131569,0.9964229611449823,-5.541000807248251e-19
112380,0.0,1.4918825064259574e-29,9959.330659123536,0.9964229611450662,-5.837685553105543e-19
112440,0.0,1.501059133074249e-29,9959.330659115421,0.996422961145151,-6.127728320853018e-19
112500,0.0,1.5089945229985997e-29,9959.330659107221,0.9964229611452368,-6.410753857866015e-19
112560,0.0,1.5156588707903407e-29,9959.330659098934,0.9964229611453234,-6.68637801556773e-19
112620,0.0,1.5210227489958872e-29,9959.330659090556,0.9964229611454108,-6.954207749429262e-19
112680,0.0,1.5250571081167397e-29,9959.330659082088,0.9964229611454993,-7.213841118969556e-19
112740,0.0,1.5277332766094854e-29,9959.330659073526,0.9964229611455888,-7.4648672877554515e-19
112800,0.0,1.529022960885795e-29,9959.330659064868,0.9964229611456793,-7.70686652340164e-19
112860,0.0,1.528898245312426e-29,9959.330659056113,0.9964229611457708,-7.939410197570713e-19
112920,0.0,1.5273315922112216e-29,9959.330659047258,0.9964229611458633,-8.162060785973121e-19
112980,0.0,1.5242958418591084e-29,9959.330659038302,0.9964229611459569,-8.374371868367185e-19
113040,0.0,1.5197642124881005e-29,9959.330659029243,0.9964229611460516,-8.575888128559106e-19
113100,0.0,1.5137103002852966e-29,9959.33065902008,0.9964229611461473,-8.766145354402956e-19
113160,0.0,1.5061080793928798e-29,9959.33065901081,0.9964229611462441,-8.944670437800685e-19
113220,0.0,1.4969319019081207e-29,9959.330659001433,0.9964229611463421,-9.110981374702116e-19
113280,0.0,1.4861564978833734e-29,9959.330658991945,0.9964229611464412,-9.264587265104942e-19
113340,0.0,1.473756975326078e-29,9959.330658982348,0.9964229611465415,-9.404988313054726e-19
113400,0.0,1.4597088201987604e-29,9959.33065897264,0.996422961146643,-9.531675826644917e-19
113460,0.0,1.4439878964190317e-29,9959.330658962817,0.9964229611467456,-9.644132218016833e-19
113520,0.0,1.4265704458595878e-29,9959.330658952882,0.9964229611468494,-9.741831003359654e-19
113580,0.0,1.407433088348211e-29,9959.33065894283,0.9964229611469544,-9.824236802910456e-19
113640,0.0,1.386552821667768e-29,9959.330658932662,0.9964229611470606,-9.89080534095417e-19
113700,0.0,1.3639070215562113e-29,9959.330658922378,0.9964229611471681,-9.940983445823605e-19
113760,0.0,1.3394734417065793e-29,9959.330658911975,0.9964229611472768,-9.974209049899453e-19
113820,0.0,1.3132302137669944e-29,9959.330658901452,0.9964229611473867,-9.989911189610269e-19
113880,0.0,1.2851558473406663e-29,9959.33065889081,0.9964229611474978,-9.987510005432487e-19
113940,0.0,1.2552292299858883e-29,9959.330658880048,0.9964229611476103,-9.96641674189041e-19
114000,0.0,1.22342962721604e-29,9959.330658869165,0.996422961147724,-9.926033747556223e-19
114060,0.0,1.1897366824995868e-29,9959.33065885816,0.996422961147839,-9.86575447504998e-19
114120,0.0,1.1541304172600784e-29,9959.330658847033,0.9964229611479553,-9.784963481039606e-19
114180,0.0,1.1165912308761503e-29,9959.330658835785,0.9964229611480728,-9.683036426240906e-19
114240,0.0,1.077099900681524e-29,9959.330658824412,0.9964229611481916,-9.559340075417549e-19
114300,0.0,1.0356375819650054e-29,9959.330658812916,0.9964229611483116,-9.413232297381093e-19
114360,0.0,9.921858079704868e-30,9959.330658801298,0.9964229611484331,-9.244062064990957e-19
114420,0.0,9.467264898969449e-30,9959.330658789557,0.9964229611485558,-9.051169455154439e-19
114480,0.0,8.992419168984422e-30,9959.330658777693,0.9964229611486797,-8.833885648826705e-19
114540,0.0,8.497147560841275e-30,9959.330658765704,0.9964229611488049,-8.591532931010805e-19
114600,0.0,7.981280525182331e-30,9959.330658753594,0.9964229611489315,-8.323424690757657e-19
114660,0.0,7.444652292200784e-30,9959.330658741359,0.9964229611490593,-8.028865421166051e-19
114720,0.0,6.887100871640669e-30,9959.330658729,0.9964229611491884,-7.707150719382653e-19
114780,0.0,6.3084680527968874e-30,9959.33065871652,0.9964229611493188,-7.357567286602003e-19
114840,0.0,5.7085994045151834e-30,9959.330658703919,0.9964229611494504,-6.979392928066515e-19
114900,0.0,5.087344275192163e-30,9959.330658691195,0.9964229611495834,-6.571896553066477e-19
114960,0.0,4.44455579277528e-30,9959.33065867835,0.9964229611497175,-6.134338174940048e-19
115020,0.0,3.7800908647628456e-30,9959.330658665383,0.9964229611498531,-5.665968911073264e-19
115080,0.0,3.0938101782040262e-30,9959.330658652298,0.9964229611499897,-5.166030982900033e-19
115140,0.0,2.385578199698838e-30,9959.330658639092,0.9964229611501277,-4.633757715902139e-19
115200,0.0,1.655263175398153e-30,9959.330658625768,0.9964229611502669,-4.0683735396092363e-19
115260,0.0,9.027371310036978e-31,9959.330658612325,0.9964229611504073,-3.4690939875988563e-19
115320,0.0,1.2787587176805237e-31,9959.330658598767,0.996422961150549,-2.8351256974964025e-19
115380,0.0,-1.2069067894955808e-31,9959.330658581339,0.9964229611507311,-5.029297154850924e-19
115440,0.0,-2.844616617641723e-31,9959.330658563062,0.9964229611509221,-7.747461020908397e-19
115500,0.0,-4.593016084889521e-31,9959.330658544592,0.9964229611511152,-1.0489121121161861e-18
115560,0.0,-6.452276133526606e-31,9959.330658525929,0.9964229611513102,-1.3253928515299333e-18
115620,0.0,-8.422526944494783e-31,9959.330658507075,0.9964229611515073,-1.6041526914772762e-18
115680,0.0,-1.0503857937367966e-30,9959.330658488028,0.9964229611517064,-1.8851552682798243e-18
115740,0.0,-1.2696317770368907e-30,9959.330658468793,0.9964229611519075,-2.1683634834354834e-18
115800,0.0,-1.4999914340358709e-30,9959.330658449366,0.9964229611521105,-2.453739503618574e-18
115860,0.0,-1.7414614782844634e-30,9959.330658429752,0.9964229611523155,-2.7412447606797374e-18
115920,0.0,-1.9940345471972346e-30,9959.33065840995,0.9964229611525225,-3.0308399516460534e-18
115980,0.0,-2.2576992020537914e-30,9959.330658389961,0.9964229611527314,-3.3224850387209208e-18
116040,0.0,-2.5324399279971563e-30,9959.330658369787,0.9964229611529424,-3.616139249284107e-18
116100,0.0,-2.8182371340349634e-30,9959.330658349429,0.9964229611531551,-3.91176107589177e-18
116160,0.0,-3.1150671530392862e-30,9959.330658328887,0.9964229611533698,-4.209308276276367e-18
116220,0.0,-3.422902241746631e-30,9959.330658308163,0.9964229611535864,-4.508737873346814e-18
116280,0.0,-3.7417105807570235e-30,9959.33065828726,0.9964229611538049,-4.8100061551883696e-18
116340,0.0,-4.07145627453526e-30,9959.330658266175,0.9964229611540253,-5.113068675062618e-18
116400,0.0,-4.41209935141049e-30,9959.330658244915,0.9964229611542476,-5.417880251407555e-18
116460,0.0,-4.7635957635759656e-30,9959.330658223478,0.9964229611544716,-5.724394967837497e-18
116520,0.0,-5.1258973870892916e-30,9959.330658201869,0.9964229611546975,-6.032566173143175e-18
116580,0.0,-5.498952021872177e-30,9959.330658180084,0.9964229611549252,-6.3423464812917324e-18
116640,0.0,-5.882703391710769e-30,9959.330658158131,0.9964229611551546,-6.653687771426545e-18
116700,0.0,-6.277091144255319e-30,9959.330658136007,0.9964229611553859,-6.966541187867487e-18
116760,0.0,-6.682050851020668e-30,9959.330658113717,0.9964229611556189,-7.28085714011063e-18
116820,0.0,-7.097514007385689e-30,9959.330658091263,0.9964229611558536,-7.596585302828653e-18
116880,0.0,-7.523408032593367e-30,9959.330658068644,0.99642296115609,-7.91367461587042e-18
116940,0.0,-7.959656269751192e-30,9959.330658045865,0.9964229611563281,-8.232073284261217e-18
117000,0.0,-8.40617798583108e-30,9959.330658022927,0.9964229611565678,-8.551728778202731e-18
117060,0.0,-8.862888371668906e-30,9959.330657999833,0.9964229611568092,-8.872587833072918e-18
117120,0.0,-9.329698541964739e-30,9959.330657976585,0.9964229611570522,-9.194596449426246e-18
117180,0.0,-9.806515535283298e-30,9959.330657953185,0.9964229611572968,-9.517699892993465e-18
117240,0.0,-1.0293242314053274e-29,9959.330657929637,0.9964229611575429,-9.84184269468161e-18
117300,0.0,-1.0789777764567846e-29,9959.33065790594,0.9964229611577906,-1.0166968650574271e-17
117360,0.0,-1.1296016696984315e-29,9959.330657882101,0.9964229611580399,-1.0493020821931243e-17
117420,0.0,-1.1811849845324106e-29,9959.33065785812,0.9964229611582904,-1.0819941535188826e-17
117480,0.0,-1.233716386747321e-29,9959.330657833998,0.9964229611585426,-1.1147672381959572e-17
117540,0.0,-1.2871841345181885e-29,9959.330657809742,0.9964229611587961,-1.1476154219032435e-17
117600,0.0,-1.3415760784064438e-29,9959.330657785353,0.996422961159051,-1.180532716837276e-17
117660,0.0,-1.3968796613599447e-29,9959.330657760833,0.9964229611593073,-1.2135130617122261e-17
117720,0.0,-1.4530819187129908e-29,9959.330657736187,0.996422961159565,-1.2465503217598974e-17
117780,0.0,-1.5101694781863156e-29,9959.330657711416,0.9964229611598239,-1.2796382887297328e-17
117840,0.0,-1.5681285598870653e-29,9959.330657686523,0.996422961160084,-1.3127706808888158e-17
117900,0.0,-1.6269449763088058e-29,9959.330657661514,0.9964229611603455,-1.3459411430218585e-17
117960,0.0,-1.686604132331544e-29,9959.33065763639,0.996422961160608,-1.3791432464312198e-17
118020,0.0,-1.7470910252217005e-29,9959.330657611154,0.9964229611608718,-1.4123704889368878e-17
118080,0.0,-1.8083902446321573e-29,9959.330657585811,0.9964229611611367,-1.4456162948764868e-17
118140,0.0,-1.8704859726021812e-29,9959.330657560364,0.9964229611614026,-1.4788740151052834e-17
118200,0.0,-1.9333619835574662e-29,9959.330657534814,0.9964229611616697,-1.5121369269961802e-17
118260,0.0,-1.9970016443101825e-29,9959.330657509168,0.9964229611619377,-1.5453982344397083e-17
118320,0.0,-2.0613879140588716e-29,9959.33065748343,0.9964229611622067,-1.5786510678440522e-17
118380,0.0,-2.1265033443885422e-29,9959.3306574576,0.9964229611624768,-1.6118884841350107e-17
118440,0.0,-2.1923300792705978e-29,9959.330657431685,0.9964229611627476,-1.6451034667560357e-17
118500,0.0,-2.258849855062894e-29,9959.330657405688,0.9964229611630193,-1.678288925668217e-17
118560,0.0,-2.3260440005096945e-29,9959.330657379613,0.9964229611632919,-1.7114376973502704e-17
118620,0.0,-2.3938934367417092e-29,9959.330657353463,0.9964229611635652,-1.7445425447985566e-17
118680,0.0,-2.4623786772760563e-29,9959.330657327244,0.9964229611638392,-1.7775961575270643e-17
118740,0.0,-2.5314798280162925e-29,9959.330657300958,0.996422961164114,-1.81059115156743e-17
118800,0.0,-2.6011765872523896e-29,9959.33065727461,0.9964229611643893,-1.8435200694689262e-17
118860,0.0,-2.6714482456607723e-29,9959.330657248205,0.9964229611646653,-1.8763753802984472e-17
118920,0.0,-2.7422736863042595e-29,9959.330657221746,0.9964229611649419,-1.909149479640544e-17
118980,0.0,-2.8136313846321225e-29,9959.33065719524,0.9964229611652189,-1.9418346895973875e-17
119040,0.0,-2.8854994084800476e-29,9959.330657168688,0.9964229611654964,-1.9744232587887946e-17
119100,0.0,-2.9578554180701355e-29,9959.330657142098,0.9964229611657743,-2.0069073623522214e-17
119160,0.0,-3.0306766660109504e-29,9959.330657115472,0.9964229611660527,-2.0392791019427562e-17
119220,0.0,-3.103939997297447e-29,9959.330657088814,0.9964229611663312,-2.071530505733122e-17
119280,0.0,-3.177621849311032e-29,9959.330657062132,0.9964229611666101,-2.1036535284136793e-17
119340,0.0,-3.25169825181952e-29,9959.330657035429,0.9964229611668892,-2.1356400511924275e-17
119400,0.0,-3.3261448269771647e-29,9959.33065700871,0.9964229611671686,-2.1674818817950054e-17
119460,0.0,-3.400936789324635e-29,9959.33065698198,0.9964229611674479,-2.1991707544646817e-17
119520,0.0,-3.476048945789052e-29,9959.330656955242,0.9964229611677273,-2.2306983299623717e-17
119580,0.0,-3.551455695683936e-29,9959.330656928505,0.9964229611680068,-2.2620561955666135e-17
119640,0.0,-3.6271310307092394e-29,9959.330656901773,0.9964229611682862,-2.2932358650735972e-17
119700,0.0,-3.7030485349513617e-29,9959.330656875049,0.9964229611685655,-2.3242287787971345e-17
119760,0.0,-3.7791813848831066e-29,9959.33065684834,0.9964229611688447,-2.3550263035686888e-17
119820,0.0,-3.855502349363705e-29,9959.33065682165,0.9964229611691235,-2.385619732737348e-17
119880,0.0,-3.931983789638834e-29,9959.330656794988,0.9964229611694023,-2.4160002861698435e-17
119940,0.0,-4.008597659340594e-29,9959.330656768356,0.9964229611696807,-2.4461591102505423e-17
120000,0.0,-4.085315504487486e-29,9959.330656741759,0.9964229611699585,-2.47608727788145e-17
120060,0.0,-4.162108463484461e-29,9959.330656715205,0.9964229611702361,-2.5057757884822004e-17
120120,0.0,-4.238947267122913e-29,9959.330656688699,0.9964229611705132,-2.535215567990076e-17
120180,0.0,-4.315802238580619e-29,9959.330656662247,0.9964229611707897,-2.564397468859985e-17
120240,0.0,-4.392643293421814e-29,9959.330656635853,0.9964229611710654,-2.593312270064481e-17
120300,0.0,-4.469439939597153e-29,9959.330656609525,0.9964229611713407,-2.621950677093752e-17
120360,0.0,-4.546161277443721e-29,9959.330656583268,0.9964229611716151,-2.65030332195562e-17
120420,0.0,-4.6227759996850223e-29,9959.33065655709,0.9964229611718887,-2.678360763175547e-17
120480,0.0,-4.6992523914309985e-29,9959.330656530994,0.9964229611721614,-2.706113485796627e-17
120540,0.0,-4.775558330177999e-29,9959.330656504988,0.9964229611724332,-2.7335519013795965e-17
120600,0.0,-4.8516612858088423e-29,9959.330656479076,0.996422961172704,-2.7606663480028253e-17
120660,0.0,-4.927528320592708e-29,9959.330656453269,0.9964229611729738,-2.787447090262324e-17
120720,0.0,-5.0031260891852687e-29,9959.330656427568,0.9964229611732424,-2.8138843192717316e-17
120780,0.0,-5.078420838628571e-29,9959.330656401982,0.9964229611735097,-2.839968152662332e-17
120840,0.0,-5.153378408351137e-29,9959.330656376518,0.9964229611737759,-2.8656886345830416e-17
120900,0.0,-5.227964230167875e-29,9959.330656351183,0.9964229611740407,-2.891035735700417e-17
120960,0.0,-5.302143328280138e-29,9959.330656325981,0.9964229611743041,-2.9159993531986484e-17
121020,0.0,-5.375880319275713e-29,9959.330656300921,0.996422961174566,-2.940569310779565e-17
121080,0.0,-5.44913941212879e-29,9959.330656276008,0.9964229611748263,-2.964735358662629e-17
121140,0.0,-5.52188440820002e-29,9959.330656251252,0.9964229611750851,-2.988487173584944e-17
121200,0.0,-5.594078701236452e-29,9959.330656226655,0.9964229611753421,-3.011814358801249e-17
121260,0.0,-5.665685277371574e-29,9959.330656202228,0.9964229611755974,-3.034706444083916e-17
121320,0.0,-5.736666715125298e-29,9959.330656177977,0.9964229611758508,-3.0571528857229584e-17
121380,0.0,-5.806985185403965e-29,9959.330656153908,0.9964229611761024,-3.079143066526025e-17
121440,0.0,-5.876602451500344e-29,9959.33065613003,0.996422961176352,-3.100666295818403e-17
121500,0.0,-5.945479869093627e-29,9959.33065610635,0.9964229611765995,-3.1217118094430087e-17
121560,0.0,-6.013578386249441e-29,9959.330656082873,0.9964229611768448,-3.142268769760406e-17
121620,0.0,-6.080858543419824e-29,9959.330656059608,0.996422961177088,-3.1623262656487916e-17
121680,0.0,-6.147280473443256e-29,9959.330656036564,0.9964229611773288,-3.181873312503993e-17
121740,0.0,-6.21280390154465e-29,9959.330656013746,0.9964229611775672,-3.2008988522394824e-17
121800,0.0,-6.277388145335317e-29,9959.330655991162,0.9964229611778033,-3.219391753286364e-17
121860,0.0,-6.340992114813023e-29,9959.33065596882,0.9964229611780367,-3.237340810593381e-17
121920,0.0,-6.403574312361949e-29,9959.33065594673,0.9964229611782676,-3.254734745626915e-17
121980,0.0,-6.465092832752707e-29,9959.330655924894,0.9964229611784957,-3.271562206370979e-17
122040,0.0,-6.525505363142334e-29,9959.330655903326,0.9964229611787212,-3.287811767327227e-17
122100,0.0,-6.584769183074294e-29,9959.330655882031,0.9964229611789437,-3.3034719295149476e-17
122160,0.0,-6.642841164478474e-29,9959.330655861017,0.9964229611791633,-3.31853112047107e-17
122220,0.0,-6.699677771671195e-29,9959.330655840293,0.9964229611793799,-3.332977694250153e-17
122280,0.0,-6.755235061355199e-29,9959.330655819866,0.9964229611795934,-3.3467999314244005e-17
122340,0.0,-6.809468682619668e-29,9959.330655799744,0.9964229611798037,-3.359986039083647e-17
122400,0.0,-6.86233387694019e-29,9959.330655779937,0.9964229611800106,-3.372524150835367e-17
122460,0.0,-6.913785478178795e-29,9959.330655760452,0.9964229611802142,-3.384402326804669e-17
122520,0.0,-6.963777912583934e-29,9959.330655741298,0.9964229611804144,-3.395608553634301e-17
122580,0.0,-7.012265198790488e-29,9959.330655722482,0.996422961180611,-3.406130744484647e-17
122640,0.0,-7.059200947819765e-29,9959.330655704014,0.996422961180804,-3.415956739033726e-17
122700,0.0,-7.104538363079501e-29,9959.330655685902,0.9964229611809933,-3.4250743034771967e-17
122760,0.0,-7.148230240363848e-29,9959.330655668156,0.9964229611811787,-3.433471130528351e-17
122820,0.0,-7.190228967853404e-29,9959.330655650783,0.9964229611813602,-3.441134839418123e-17
122880,0.0,-7.230486526115177e-29,9959.330655633792,0.9964229611815377,-3.4480529758950767e-17
122940,0.0,-7.268954488102613e-29,9959.330655617194,0.9964229611817113,-3.454213012225417e-17
123000,0.0,-7.305584019155579e-29,9959.330655600994,0.9964229611818805,-3.459602347192987e-17
123060,0.0,-7.340325877000367e-29,9959.330655585205,0.9964229611820454,-3.464208306099261e-17
123120,0.0,-7.373130411749706e-29,9959.330655569833,0.9964229611822061,-3.468018140763355e-17
123180,0.0,-7.403947565902742e-29,9959.330655554888,0.9964229611823623,-3.4710190295220215e-17
123240,0.0,-7.432726874345051e-29,9959.33065554038,0.9964229611825138,-3.473198077229647e-17
123300,0.0,-7.459417464348641e-29,9959.330655526317,0.9964229611826607,-3.4745423152582554e-17
123360,0.0,-7.483968055571935e-29,9959.330655512711,0.9964229611828029,-3.47503870149751e-17
123420,0.0,-7.506326960059799e-29,9959.330655499569,0.9964229611829403,-3.474674120354708e-17
123480,0.0,-7.526442082243511e-29,9959.3306554869,0.9964229611830726,-3.473435382754785e-17
123540,0.0,-7.544260918940784e-29,9959.330655474714,0.9964229611832,-3.471309226140311e-17
123600,0.0,-7.559730559355757e-29,9959.330655463024,0.9964229611833221,-3.468282314471496e-17
123660,0.0,-7.572797685078999e-29,9959.330655451833,0.996422961183439,-3.4643412382261847e-17
123720,0.0,-7.583408570087496e-29,9959.330655441157,0.9964229611835504,-3.4594725143998594e-17
123780,0.0,-7.591509080744671e-29,9959.330655431002,0.9964229611836566,-3.453662586505638e-17
123840,0.0,-7.597044675800372e-29,9959.330655421381,0.9964229611837571,-3.4468978245742774e-17
123900,0.0,-7.599960406390867e-29,9959.330655412301,0.9964229611838519,-3.439164525154169e-17
123960,0.0,-7.60020091603886e-29,9959.330655403772,0.996422961183941,-3.430448911311341e-17
124020,0.0,-7.597710440653479e-29,9959.330655395806,0.9964229611840242,-3.42073713262946e-17
124080,0.0,-7.592432808530277e-29,9959.330655388414,0.9964229611841013,-3.410015265209828e-17
124140,0.0,-7.584311440351234e-29,9959.330655381602,0.9964229611841725,-3.3982693116713856e-17
124200,0.0,-7.573289349184759e-29,9959.330655375385,0.9964229611842375,-3.385485201150707e-17
124260,0.0,-7.559309140485689e-29,9959.33065536977,0.9964229611842961,-3.371648789302006e-17
124320,0.0,-7.542313012095285e-29,9959.330655364767,0.9964229611843483,-3.3567458582971317e-17
124380,0.0,-7.522242754241235e-29,9959.33065536039,0.996422961184394,-3.340762116825571e-17
124440,0.0,-7.499039749537657e-29,9959.330655356647,0.996422961184433,-3.323683200094446e-17
124500,0.0,-7.472644972985094e-29,9959.33065535355,0.9964229611844653,-3.3054946698285166e-17
124560,0.0,-7.442998991970514e-29,9959.330655351108,0.9964229611844908,-3.28618201427018e-17
124620,0.0,-7.410041966267314e-29,9959.330655349333,0.9964229611845092,-3.2657306481794687e-17
124680,0.0,-7.373713648035319e-29,9959.330655348234,0.9964229611845207,-3.2441259128340536e-17
124740,0.0,-7.333953381820782e-29,9959.330655347825,0.9964229611845249,-3.22135307602924e-17
124800,0.0,-7.290700104556378e-29,9959.330655348116,0.9964229611845218,-3.197397332077974e-17
124860,0.0,-7.243892345561214e-29,9959.330655349115,0.9964229611845112,-3.1722438018108324e-17
124920,0.0,-7.193468226540822e-29,9959.330655350836,0.9964229611844931,-3.1458775325760353e-17
124980,0.0,-7.139365461587157e-29,9959.33065535329,0.9964229611844674,-3.1182834982394353e-17
125040,0.0,-7.08152135717861e-29,9959.330655356487,0.996422961184434,-3.0894465991845224e-17
125100,0.0,-7.019872812179991e-29,9959.33065536044,0.9964229611843926,-3.059351662312424e-17
125160,0.0,-6.954356317842541e-29,9959.330655365158,0.9964229611843431,-3.0279834410419055e-17
125220,0.0,-6.884907957803926e-29,9959.330655370655,0.9964229611842856,-2.9953266153093666e-17
125280,0.0,-6.81146340808824e-29,9959.33065537694,0.9964229611842198,-2.961365791568845e-17
125340,0.0,-6.733957937106004e-29,9959.330655384027,0.9964229611841456,-2.926085502792014e-17
125400,0.0,-6.652326405654166e-29,9959.330655391925,0.996422961184063,-2.889470208468188e-17
125460,0.0,-6.566503266916099e-29,9959.330655400649,0.9964229611839718,-2.8515042946043105e-17
125520,0.0,-6.476422566461607e-29,9959.330655410207,0.9964229611838717,-2.812172073724969e-17
125580,0.0,-6.382017942246916e-29,9959.330655420614,0.996422961183763,-2.771457784872385e-17
125640,0.0,-6.283222624614685e-29,9959.330655431879,0.996422961183645,-2.7293455936064143e-17
125700,0.0,-6.179969436293996e-29,9959.330655444017,0.9964229611835181,-2.6858195920045536e-17
125760,0.0,-6.072190792400355e-29,9959.330655457037,0.9964229611833819,-2.6408637986619338e-17
125820,0.0,-5.959818700435701e-29,9959.330655470954,0.9964229611832364,-2.5944621586913232e-17
125880,0.0,-5.842784760288398e-29,9959.330655485777,0.9964229611830814,-2.546598543723127e-17
125940,0.0,-5.721020164233236e-29,9959.330655501522,0.9964229611829166,-2.497256751905388e-17
126000,0.0,-5.594455696931433e-29,9959.330655518199,0.9964229611827423,-2.446420507903783e-17
126060,0.0,-5.463021735430633e-29,9959.33065553582,0.996422961182558,-2.394073462901629e-17
126120,0.0,-5.326648249164907e-29,9959.330655554399,0.9964229611823637,-2.3401991945998773e-17
126180,0.0,-5.185264799954755e-29,9959.330655573945,0.9964229611821593,-2.284781207217117e-17
126240,0.0,-5.0388005420071e-29,9959.330655594476,0.9964229611819446,-2.2278029314895734e-17
126300,0.0,-4.8871842219152957e-29,9959.330655616,0.9964229611817195,-2.169247724671109e-17
126360,0.0,-4.730344178659122e-29,9959.330655638532,0.9964229611814839,-2.1090988705332235e-17
126420,0.0,-4.5682083436047843e-29,9959.330655662085,0.9964229611812376,-2.0473395793650522e-17
126480,0.0,-4.4007042405049156e-29,9959.33065568667,0.9964229611809805,-1.983952987973368e-17
126540,0.0,-4.2277589854985775e-29,9959.330655712301,0.9964229611807125,-1.9189221596825802e-17
126600,0.0,-4.049299287111257e-29,9959.330655738991,0.9964229611804335,-1.852230084334735e-17
126660,0.0,-3.865251446254866e-29,9959.330655766755,0.9964229611801432,-1.783859678289515e-17
126720,0.0,-3.675541356227749e-29,9959.330655795602,0.9964229611798415,-1.7137937844242402e-17
126780,0.0,-3.4800945027146714e-29,9959.330655825548,0.9964229611795284,-1.6420151721338673e-17
126840,0.0,-3.278835963786831e-29,9959.330655856606,0.9964229611792037,-1.5685065373309888e-17
126900,0.0,-3.071690409901848e-29,9959.330655888787,0.9964229611788672,-1.493250502445835e-17
126960,0.0,-2.858582103903772e-29,9959.330655922107,0.9964229611785188,-1.4162296164262728e-17
127020,0.0,-2.6394349010230794e-29,9959.330655956579,0.9964229611781584,-1.3374263547378052e-17
127080,0.0,-2.4141722488766728e-29,9959.330655992215,0.9964229611777858,-1.2568231193635725e-17
127140,0.0,-2.1827171874678826e-29,9959.330656029031,0.9964229611774009,-1.1744022388043516e-17
127200,0.0,-1.9449923491864658e-29,9959.330656067039,0.9964229611770036,-1.0901459680785565e-17
127260,0.0,-1.7009199588086063e-29,9959.330656106253,0.9964229611765936,-1.0040364887222372e-17
127320,0.0,-1.4504218334969145e-29,9959.330656146687,0.9964229611761708,-9.160559087890812e-18
127380,0.0,-1.1934193828004294e-29,9959.330656188353,0.9964229611757351,-8.261862628504124e-18
127440,0.0,-9.298336086546152e-30,9959.330656231268,0.9964229611752865,-7.344095119951915e-18
127500,0.0,-6.595851053813639e-30,9959.330656275444,0.9964229611748247,-6.40707543830016e-18
127560,0.0,-3.825940596889945e-30,9959.330656320897,0.9964229611743494,-5.450621724791202e-18
127620,0.0,-9.878025067225264e-31,9959.330656367638,0.9964229611738608,-4.474551385843747e-18
127680,0.0,-9.200545724167593e-31,9959.330656364415,0.9964229611738944,-4.235887743426152e-18
127740,0.0,-2.3213483352667588e-30,9959.330656334725,0.9964229611742047,-4.38762425530197e-18
127800,0.0,-3.729643751006022e-30,9959.330656304966,0.9964229611745157,-4.539902119740954e-18
127860,0.0,-5.144737811551869e-30,9959.33065627514,0.9964229611748273,-4.692699944501208e-18
127920,0.0,-6.566425418532517e-30,9959.33065624525,0.9964229611751397,-4.845996132095118e-18
127980,0.0,-7.994499383286376e-30,9959.330656215301,0.9964229611754527,-4.999768879789183e-18
128040,0.0,-9.428750426862405e-30,9959.330656185295,0.9964229611757662,-5.153996179604126e-18
128100,0.0,-1.0868967180019764e-29,9959.330656155236,0.9964229611760803,-5.308655818314843e-18
128160,0.0,-1.2314936183229368e-29,9959.330656125128,0.996422961176395,-5.463725377450449e-18
128220,0.0,-1.376644188667147e-29,9959.330656094973,0.9964229611767101,-5.619182233294156e-18
128280,0.0,-1.5223266650237218e-29,9959.330656064776,0.9964229611770257,-5.775003556883465e-18
128340,0.0,-1.6685190743528638e-29,9959.330656034539,0.9964229611773416,-5.931166314010027e-18
128400,0.0,-1.8151992345857802e-29,9959.330656004267,0.9964229611776579,-6.087647265219633e-18
128460,0.0,-1.9623447546247667e-29,9959.330655973963,0.9964229611779747,-6.244422965812321e-18
128520,0.0,-2.1099330343431892e-29,9959.33065594363,0.9964229611782917,-6.401469765842298e-18
128580,0.0,-2.257941264585402e-29,9959.330655913272,0.9964229611786088,-6.55876381011795e-18
128640,0.0,-2.4063464271668649e-29,9959.330655882894,0.9964229611789264,-6.716281038201837e-18
128700,0.0,-2.5551252948740914e-29,9959.330655852496,0.996422961179244,-6.873997184410738e-18
128760,0.0,-2.704254431464648e-29,9959.330655822087,0.9964229611795618,-7.031887777815582e-18
128820,0.0,-2.8537101916671276e-29,9959.330655791668,0.9964229611798797,-7.189928142241514e-18
128880,0.0,-3.0034687211812216e-29,9959.330655761241,0.9964229611801976,-7.348093396267846e-18
128940,0.0,-3.15350595667763e-29,9959.330655730813,0.9964229611805157,-7.506358453228081e-18
129000,0.0,-3.3037976257981386e-29,9959.330655700387,0.9964229611808335,-7.664698021209924e-18
129060,0.0,-3.45431924715559e-29,9959.330655669966,0.9964229611811515,-7.82308660305523e-18
129120,0.0,-3.605046130333863e-29,9959.330655639555,0.9964229611814692,-7.981498496360068e-18
129180,0.0,-3.755953375887891e-29,9959.330655609156,0.996422961181787,-8.139907793474696e-18
129240,0.0,-3.907015875343696e-29,9959.330655578775,0.9964229611821044,-8.298288381503541e-18
129300,0.0,-4.058208311198274e-29,9959.330655548416,0.9964229611824217,-8.456613942305217e-18
129360,0.0,-4.209505156919801e-29,9959.330655518082,0.9964229611827387,-8.614857952492541e-18
129420,0.0,-4.3608806769473987e-29,9959.330655487778,0.9964229611830554,-8.77299368343252e-18
129480,0.0,-4.512308926691275e-29,9959.330655457507,0.9964229611833717,-8.930994201246294e-18
129540,0.0,-4.663763752532724e-29,9959.330655427273,0.9964229611836877,-9.088832366809268e-18
129600,0.0,-4.815218791824029e-29,9959.330655397083,0.9964229611840031,-9.246480835750968e-18
129660,0.0,-4.96664747288861e-29,9959.330655366939,0.9964229611843182,-9.403912058455131e-18
129720,0.0,-5.118023015020877e-29,9959.330655336844,0.9964229611846326,-9.561098280059696e-18
129780,0.0,-5.269318428486341e-29,9959.330655306805,0.9964229611849466,-9.718011540456768e-18
129840,0.0,-5.420506514521522e-29,9959.330655276824,0.9964229611852599,-9.874623674292631e-18
129900,0.0,-5.571559865334026e-29,9959.330655246908,0.9964229611855725,-1.0030906310967773e-17
129960,0.0,-5.722450864102482e-29,9959.330655217058,0.9964229611858844,-1.0186830874636868e-17
130020,0.0,-5.873151684976634e-29,9959.330655187281,0.9964229611861956,-1.0342368584208754e-17
130080,0.0,-6.023634293077214e-29,9959.33065515758,0.996422961186506,-1.0497490453346483e-17
130140,0.0,-6.173870444496046e-29,9959.330655127962,0.9964229611868155,-1.0652167290467274e-17
130200,0.0,-6.323831686296006e-29,9959.330655098429,0.9964229611871241,-1.0806369698742546e-17
130260,0.0,-6.473489356511001e-29,9959.330655068985,0.9964229611874318,-1.0960068076097886e-17
130320,0.0,-6.62281458414603e-29,9959.330655039636,0.9964229611877385,-1.1113232615213091e-17
130380,0.0,-6.771778289177127e-29,9959.330655010386,0.9964229611880442,-1.126583330352212e-17
130440,0.0,-6.920351182551368e-29,9959.33065498124,0.9964229611883487,-1.1417839923213127e-17
130500,0.0,-7.068503766186897e-29,9959.330654952204,0.9964229611886521,-1.1569222051228469e-17
130560,0.0,-7.216206332972912e-29,9959.33065492328,0.9964229611889545,-1.1719949059264653e-17
130620,0.0,-7.363428966769672e-29,9959.330654894475,0.9964229611892554,-1.1869990113772417e-17
130680,0.0,-7.510141542408487e-29,9959.330654865791,0.9964229611895552,-1.2019314175956642e-17
130740,0.0,-7.656313725691695e-29,9959.330654837235,0.9964229611898536,-1.216789000177642e-17
130800,0.0,-7.801914973392736e-29,9959.330654808813,0.9964229611901506,-1.2315686141945026e-17
130860,0.0,-7.946914533256066e-29,9959.330654780526,0.9964229611904463,-1.246267094192992e-17
130920,0.0,-8.091281443997228e-29,9959.330654752383,0.9964229611907404,-1.2608812541952727e-17
130980,0.0,-8.234984535302791e-29,9959.330654724385,0.9964229611910329,-1.2754078876989298e-17
131040,0.0,-8.377992427830392e-29,9959.33065469654,0.9964229611913239,-1.2898437676769663e-17
131100,0.0,-8.52027353320871e-29,9959.330654668851,0.9964229611916132,-1.3041856465777985e-17
131160,0.0,-8.6617960540375e-29,9959.330654641324,0.9964229611919009,-1.3184302563252677e-17
131220,0.0,-8.802527983887548e-29,9959.330654613965,0.9964229611921869,-1.3325743083186324e-17
131280,0.0,-8.942437107300729e-29,9959.330654586778,0.996422961192471,-1.346614493432566e-17
131340,0.0,-9.08149099978993e-29,9959.330654559766,0.9964229611927532,-1.3605474820171635e-17
131400,0.0,-9.219657027839127e-29,9959.330654532938,0.9964229611930335,-1.3743699238979411e-17
131460,0.0,-9.35690234890332e-29,9959.330654506297,0.996422961193312,-1.3880784483758266e-17
131520,0.0,-9.4931939114086e-29,9959.330654479849,0.9964229611935884,-1.401669664227173e-17
131580,0.0,-9.62849845475208e-29,9959.330654453599,0.9964229611938626,-1.4151401597037504e-17
131640,0.0,-9.762782509301952e-29,9959.330654427551,0.9964229611941349,-1.4284865025327446e-17
131700,0.0,-9.896012396397437e-29,9959.33065440171,0.9964229611944049,-1.441705239916763e-17
131760,0.0,-1.0028154228348825e-28,9959.330654376086,0.9964229611946727,-1.4547928985338277e-17
131820,0.0,-1.0159173908437475e-28,9959.330654350679,0.9964229611949382,-1.4677459845373867e-17
131880,0.0,-1.0289037130915788e-28,9959.330654325497,0.9964229611952014,-1.4805609835562994e-17
131940,0.0,-1.041770938100719e-28,9959.330654300544,0.9964229611954621,-1.493234360694847e-17
132000,0.0,-1.0545155934906218e-28,9959.330654275827,0.9964229611957205,-1.5057625605327292e-17
132060,0.0,-1.0671341859778424e-28,9959.33065425135,0.9964229611959762,-1.518142007125063e-17
132120,0.0,-1.0796232013760427e-28,9959.33065422712,0.9964229611962294,-1.530369104002385e-17
132180,0.0,-1.0919791045959896e-28,9959.33065420314,0.99642296119648,-1.5424402341706516e-17
132240,0.0,-1.1041983396455563e-28,9959.330654179419,0.9964229611967279,-1.554351760111236e-17
132300,0.0,-1.1162773296297205e-28,9959.330654155961,0.996422961196973,-1.5661000237809312e-17
132360,0.0,-1.1282124767505661e-28,9959.330654132771,0.9964229611972154,-1.577681346611946e-17
132420,0.0,-1.1400001623072822e-28,9959.330654109855,0.9964229611974549,-1.5890920295119125e-17
132480,0.0,-1.151636746696163e-28,9959.33065408722,0.9964229611976914,-1.6003283528638775e-17
132540,0.0,-1.1631185694106087e-28,9959.33065406487,0.996422961197925,-1.6113865765263082e-17
132600,0.0,-1.1744419490411245e-28,9959.330654042811,0.9964229611981555,-1.62226293983309e-17
132660,0.0,-1.185603183275322e-28,9959.33065402105,0.9964229611983829,-1.6329536615935264e-17
132720,0.0,-1.1965985488979177e-28,9959.330653999592,0.9964229611986072,-1.643454940092341e-17
132780,0.0,-1.207424301790732e-28,9959.330653978443,0.9964229611988281,-1.6537629530896743e-17
132840,0.0,-1.2180766769326937e-28,9959.330653957608,0.9964229611990459,-1.6638738578210864e-17
132900,0.0,-1.2285518883998348e-28,9959.330653937093,0.9964229611992602,-1.673783790997555e-17
132960,0.0,-1.2388461293652934e-28,9959.330653916906,0.9964229611994713,-1.683488868805479e-17
133020,0.0,-1.2489555720993138e-28,9959.330653897052,0.9964229611996787,-1.692985186906672e-17
133080,0.0,-1.2588763679692452e-28,9959.330653877534,0.9964229611998826,-1.7022688204383696e-17
133140,0.0,-1.2686046474395409e-28,9959.330653858364,0.996422961200083,-1.7113358240132232e-17
133200,0.0,-1.278136520071762e-28,9959.330653839543,0.9964229612002797,-1.720182231719306e-17
133260,0.0,-1.2874680745245744e-28,9959.330653821078,0.9964229612004726,-1.728804057120108e-17
133320,0.0,-1.2965953785537488e-28,9959.330653802977,0.9964229612006618,-1.7371972932545363e-17
133380,0.0,-1.3055144790121613e-28,9959.330653785246,0.9964229612008471,-1.7453579126369188e-17
133440,0.0,-1.314221401849794e-28,9959.330653767889,0.9964229612010285,-1.7532818672570017e-17
133500,0.0,-1.3227121521137342e-28,9959.330653750916,0.9964229612012059,-1.7609650885799507e-17
133560,0.0,-1.330982713948175e-28,9959.330653734329,0.9964229612013792,-1.768403487546346e-17
133620,0.0,-1.3390290505944144e-28,9959.330653718136,0.9964229612015484,-1.7755929545721922e-17
133680,0.0,-1.3468471043908573e-28,9959.330653702344,0.9964229612017135,-1.7825293595489073e-17
133740,0.0,-1.3544327967730109e-28,9959.330653686959,0.9964229612018742,-1.7892085518433323e-17
133800,0.0,-1.361782028273491e-28,9959.330653671987,0.9964229612020307,-1.795626360297723e-17
133860,0.0,-1.368890678522018e-28,9959.330653657435,0.9964229612021828,-1.8017785932297566e-17
133920,0.0,-1.3757546062454174e-28,9959.330653643307,0.9964229612023303,-1.8076610384325273e-17
133980,0.0,-1.3823696492676199e-28,9959.330653629613,0.9964229612024734,-1.8132694631745487e-17
134040,0.0,-1.3887316245096621e-28,9959.33065361636,0.996422961202612,-1.8185996141997533e-17
134100,0.0,-1.3948363279896867e-28,9959.33065360355,0.9964229612027459,-1.823647217727491e-17
134160,0.0,-1.40067953482294e-28,9959.330653591194,0.996422961202875,-1.8284079794525305e-17
134220,0.0,-1.4062569992217756e-28,9959.330653579296,0.9964229612029993,-1.83287758454506e-17
134280,0.0,-1.411564454495652e-28,9959.330653567864,0.9964229612031188,-1.8370516976506868e-17
134340,0.0,-1.416597613051133e-28,9959.330653556903,0.9964229612032333,-1.840925962890434e-17
134400,0.0,-1.4213521663918875e-28,9959.330653546422,0.9964229612033428,-1.8444960038607467e-17
134460,0.0,-1.4258237851186904e-28,9959.330653536426,0.9964229612034473,-1.8477574236334865e-17
134520,0.0,-1.4300081189294226e-28,9959.330653526924,0.9964229612035466,-1.850705804755934e-17
134580,0.0,-1.4339007966190686e-28,9959.33065351792,0.9964229612036407,-1.85333670925079e-17
134640,0.0,-1.437497426079721e-28,9959.330653509422,0.9964229612037294,-1.855645678616171e-17
134700,0.0,-1.4407935943005754e-28,9959.330653501436,0.9964229612038129,-1.8576282338256137e-17
134760,0.0,-1.443784867367934e-28,9959.330653493971,0.996422961203891,-1.8592798753280745e-17
134820,0.0,-1.4464667904652043e-28,9959.330653487033,0.9964229612039635,-1.8605960830479255e-17
134880,0.0,-1.4488348878728994e-28,9959.330653480629,0.9964229612040304,-1.8615723163849604e-17
134940,0.0,-1.4508846629686378e-28,9959.330653474764,0.9964229612040916,-1.8622040142143898e-17
135000,0.0,-1.4526115982271442e-28,9959.330653469447,0.9964229612041472,-1.8624865948868438e-17
135060,0.0,-1.4540111552202462e-28,9959.330653464685,0.9964229612041969,-1.86241545622837e-17
135120,0.0,-1.4550787746168805e-28,9959.330653460485,0.9964229612042408,-1.8619859755404356e-17
135180,0.0,-1.4558098761830862e-28,9959.330653456855,0.9964229612042788,-1.8611935095999265e-17
135240,0.0,-1.4561998587820093e-28,9959.3306534538,0.9964229612043107,-1.860033394659146e-17
135300,0.0,-1.4562441003739015e-28,9959.330653451329,0.9964229612043365,-1.8585009464458172e-17
135360,0.0,-1.4559379580161194e-28,9959.330653449448,0.9964229612043561,-1.856591460163081e-17
135420,0.0,-1.4552767678631246e-28,9959.330653448164,0.9964229612043696,-1.854300210489498e-17
135480,0.0,-1.4542558451664855e-28,9959.330653447485,0.9964229612043767,-1.851622451579046e-17
135540,0.0,-1.4528704842748743e-28,9959.33065344742,0.9964229612043773,-1.8485534170611226e-17
135600,0.0,-1.4511159586340703e-28,9959.330653447973,0.9964229612043716,-1.845088320040543e-17
135660,0.0,-1.4489875207869573e-28,9959.330653449153,0.9964229612043592,-1.8412223530975423e-17
135720,0.0,-1.4464804023735245e-28,9959.330653450968,0.9964229612043403,-1.8369506882877722e-17
135780,0.0,-1.443589814130867e-28,9959.330653453424,0.9964229612043145,-1.8322684771423058e-17
135840,0.0,-1.4403109458931854e-28,9959.33065345653,0.9964229612042821,-1.827170850667632e-17
135900,0.0,-1.4366389665917852e-28,9959.330653460294,0.9964229612042428,-1.8216529193456598e-17
135960,0.0,-1.4325690242550778e-28,9959.330653464722,0.9964229612041965,-1.815709773133717e-17
136020,0.0,-1.4280962460085803e-28,9959.33065346982,0.9964229612041432,-1.8093364814645494e-17
136080,0.0,-1.4232157380749147e-28,9959.3306534756,0.9964229612040828,-1.802528093246321e-17
136140,0.0,-1.4179225857738087e-28,9959.330653482064,0.9964229612040152,-1.7952796368626157e-17
136200,0.0,-1.4122118535220951e-28,9959.330653489225,0.9964229612039404,-1.7875861201724347e-17
136260,0.0,-1.406078584833713e-28,9959.330653497087,0.9964229612038582,-1.7794425305101988e-17
136320,0.0,-1.3995178023197065e-28,9959.33065350566,0.9964229612037686,-1.770843834685747e-17
136380,0.0,-1.392524507688225e-28,9959.330653514951,0.9964229612036715,-1.7617849789843362e-17
136440,0.0,-1.3850936817445235e-28,9959.330653524969,0.9964229612035669,-1.7522608891666434e-17
136500,0.0,-1.3772202843909622e-28,9959.330653535719,0.9964229612034545,-1.7422664704687633e-17
136560,0.0,-1.3688992546270074e-28,9959.33065354721,0.9964229612033344,-1.731796607602209e-17
136620,0.0,-1.3601255105492307e-28,9959.33065355945,0.9964229612032065,-1.7208461647539125e-17
136680,0.0,-1.3508939493513086e-28,9959.330653572448,0.9964229612030706,-1.7094099855862246e-17
136740,0.0,-1.3411994473240234e-28,9959.33065358621,0.9964229612029268,-1.6974828932369145e-17
136800,0.0,-1.3310368598552628e-28,9959.330653600746,0.9964229612027748,-1.68505969031917e-17
136860,0.0,-1.3204010214300205e-28,9959.330653616062,0.9964229612026149,-1.6721351589215977e-17
136920,0.0,-1.3092867456303947e-28,9959.330653632169,0.9964229612024464,-1.658704060608222e-17
136980,0.0,-1.2976888251355898e-28,9959.33065364907,0.9964229612022698,-1.6447611364184876e-17
137040,0.0,-1.2856020317219157e-28,9959.330653666779,0.9964229612020847,-1.630301106867256e-17
137100,0.0,-1.273021116262787e-28,9959.3306536853,0.9964229612018912,-1.6153186719448087e-17
137160,0.0,-1.259940808728724e-28,9959.330653704643,0.996422961201689,-1.5998085111168446e-17
137220,0.0,-1.2463558181873535e-28,9959.330653724815,0.9964229612014782,-1.5837652833244816e-17
137280,0.0,-1.2322608328034065e-28,9959.330653745827,0.9964229612012587,-1.567183626984257e-17
137340,0.0,-1.2176505198387201e-28,9959.330653767682,0.9964229612010302,-1.5500581599881252e-17
137400,0.0,-1.202519525652237e-28,9959.330653790394,0.9964229612007929,-1.5323834797034614e-17
137460,0.0,-1.186862475700004e-28,9959.330653813968,0.9964229612005465,-1.5141541629730573e-17
137520,0.0,-1.1706739745351757e-28,9959.330653838411,0.9964229612002911,-1.495364766115124e-17
137580,0.0,-1.1539486058080102e-28,9959.330653863735,0.9964229612000265,-1.4760098249232912e-17
137640,0.0,-1.1366809322658717e-28,9959.330653889949,0.9964229611997525,-1.4560838546666072e-17
137700,0.0,-1.11886549575323e-28,9959.330653917057,0.9964229611994692,-1.4355813500895398e-17
137760,0.0,-1.1004968172116605e-28,9959.33065394507,0.9964229611991764,-1.414496785411973e-17
137820,0.0,-1.0815693966798436e-28,9959.330653973995,0.9964229611988742,-1.3928246143292123e-17
137880,0.0,-1.0620777132935653e-28,9959.330654003845,0.9964229611985622,-1.3705592700119794e-17
137940,0.0,-1.0420162252857176e-28,9959.330654034622,0.9964229611982406,-1.3476951651064167e-17
138000,0.0,-1.0213793699862967e-28,9959.33065406634,0.9964229611979091,-1.3242266917340831e-17
138060,0.0,-1.0001615638224059e-28,9959.330654099005,0.9964229611975677,-1.3001482214919578e-17
138120,0.0,-9.783572023182528e-29,9959.330654132627,0.9964229611972163,-1.275454105452438e-17
138180,0.0,-9.559606600951508e-29,9959.330654167214,0.9964229611968549,-1.2501386741633391e-17
138240,0.0,-9.329662908715188e-29,9959.330654202773,0.9964229611964832,-1.2241962376478957e-17
138300,0.0,-9.093684274628811e-29,9959.330654239317,0.9964229611961014,-1.1976210854047609e-17
138360,0.0,-8.851613817818673e-29,9959.33065427685,0.9964229611957092,-1.170407486408006e-17
138420,0.0,-8.603394448382131e-29,9959.330654315383,0.9964229611953064,-1.1425496891071214e-17
138480,0.0,-8.348968867387588e-29,9959.330654354926,0.9964229611948932,-1.1140419214270158e-17
138540,0.0,-8.088279566874508e-29,9959.330654395488,0.9964229611944693,-1.084878390768017e-17
138600,0.0,-7.821268829853404e-29,9959.330654437075,0.9964229611940346,-1.0550532840058703e-17
138660,0.0,-7.547878730305851e-29,9959.330654479698,0.9964229611935892,-1.024560767491741e-17
138720,0.0,-7.268051133184472e-29,9959.330654523365,0.9964229611931329,-9.933949870522117e-18
138780,0.0,-6.981727694412949e-29,9959.330654568086,0.9964229611926655,-9.61550067989285e-18
138840,0.0,-6.688849860886016e-29,9959.33065461387,0.9964229611921871,-9.290201150803809e-18
138900,0.0,-6.389358870469461e-29,9959.330654660725,0.9964229611916974,-8.957992125783382e-18
138960,0.0,-6.08319575200013e-29,9959.330654708661,0.9964229611911964,-8.618814242114149e-18
139020,0.0,-5.770301325285921e-29,9959.330654757689,0.9964229611906841,-8.272607931832874e-18
139080,0.0,-5.450616201105786e-29,9959.330654807814,0.9964229611901602,-7.919313421730502e-18
139140,0.0,-5.124080781209735e-29,9959.330654859048,0.9964229611896248,-7.558870733352171e-18
139200,0.0,-4.790635258318829e-29,9959.330654911399,0.9964229611890777,-7.191219682997199e-18
139260,0.0,-4.4502196161251856e-29,9959.330654964877,0.9964229611885188,-6.816299881719093e-18
139320,0.0,-4.102773629291977e-29,9959.330655019492,0.996422961187948,-6.434050735325549e-18
139380,0.0,-3.748236863453428e-29,9959.330655075251,0.9964229611873653,-6.044411444378442e-18
139440,0.0,-3.386548675214821e-29,9959.330655132166,0.9964229611867705,-5.647321004193839e-18
139500,0.0,-3.017648212152491e-29,9959.330655190246,0.9964229611861636,-5.2427182048419924e-18
139560,0.0,-2.641474412813829e-29,9959.330655249498,0.9964229611855443,-4.830541631147338e-18
139620,0.0,-2.2579660067172785e-29,9959.330655309934,0.9964229611849128,-4.410729662688498e-18
139680,0.0,-1.8670615143523395e-29,9959.330655371561,0.9964229611842687,-3.983220473798283e-18
139740,0.0,-1.4686992471795667e-29,9959.33065543439,0.9964229611836121,-3.547952033563688e-18
139800,0.0,-1.0628173076305676e-29,9959.330655498434,0.9964229611829428,-3.104862105825895e-18
139860,0.0,-6.493535891080061e-30,9959.330655563695,0.9964229611822608,-2.653888249180271e-18
139920,0.0,-2.2824577598560015e-30,9959.33065563019,0.9964229611815659,-2.194967816976369e-18
139980,0.0,-2.869423149438554e-32,9959.330655666792,0.9964229611811833,-1.9385524114801474e-18
140040,0.0,-8.493315012002366e-32,9959.330655668105,0.9964229611811697,-1.921139462473459e-18
140100,0.0,-1.4143306798366077e-31,9959.330655669479,0.9964229611811553,-1.9037225078899633e-18
140160,0.0,-1.9818585427027296e-31,9959.330655670907,0.9964229611811404,-1.8863025871397277e-18
140220,0.0,-2.551833003959378e-31,9959.330655672395,0.9964229611811248,-1.868880742639397e-18
140280,0.0,-3.124171200078674e-31,9959.330655673939,0.9964229611811087,-1.8514580198121964e-18
140340,0.0,-3.698789489843534e-31,9959.330655675541,0.996422961181092,-1.8340354670879273e-18
140400,0.0,-4.275603454348107e-31,9959.330655677202,0.9964229611810747,-1.81661413590297e-18
140460,0.0,-4.854527896997557e-31,9959.330655678921,0.9964229611810567,-1.7991950807002843e-18
140520,0.0,-5.435476843508118e-31,9959.3306556807,0.996422961181038,-1.7817793589294064e-18
140580,0.0,-6.018363541907042e-31,9959.330655682537,0.9964229611810189,-1.764368031046452e-18
140640,0.0,-6.603100462532647e-31,9959.330655684433,0.996422961180999,-1.7469621605141157e-18
140700,0.0,-7.1895992980345375e-31,9959.330655686388,0.9964229611809786,-1.7295628138016673e-18
140760,0.0,-7.777770963373118e-31,9959.330655688402,0.9964229611809576,-1.7121710603849588e-18
140820,0.0,-8.367525595819921e-31,9959.330655690475,0.9964229611809359,-1.6947879727464185e-18
140880,0.0,-8.958772554957755e-31,9959.33065569261,0.9964229611809137,-1.677414626375053e-18
140940,0.0,-9.551420422680183e-31,9959.330655694805,0.9964229611808907,-1.6600520997664464e-18
141000,0.0,-1.0145377003192002e-30,9959.330655697058,0.9964229611808672,-1.642701474422764e-18
141060,0.0,-1.0740549323009221e-30,9959.330655699372,0.996422961180843,-1.6253638348527469e-18
141120,0.0,-1.1336843630958619e-30,9959.330655701748,0.9964229611808182,-1.6080402685717132e-18
141180,0.0,-1.1934165398178297e-30,9959.330655704185,0.9964229611807927,-1.590731866101564e-18
141240,0.0,-1.2532419318117177e-30,9959.33065570668,0.9964229611807666,-1.573439720970774e-18
141300,0.0,-1.3131509306535544e-30,9959.33065570924,0.9964229611807399,-1.5561649297143994e-18
141360,0.0,-1.373133850150456e-30,9959.33065571186,0.9964229611807125,-1.5389085918740714e-18
141420,0.0,-1.4331809263406404e-30,9959.330655714542,0.9964229611806845,-1.5216718099980024e-18
141480,0.0,-1.4932823174934622e-30,9959.330655717285,0.9964229611806559,-1.5044556896409836e-18
141540,0.0,-1.5534281041093432e-30,9959.33065572009,0.9964229611806266,-1.4872613393643801e-18
141600,0.0,-1.613608288919847e-30,9959.330655722959,0.9964229611805966,-1.4700898707361407e-18
141660,0.0,-1.67381279688761e-30,9959.33065572589,0.996422961180566,-1.4529423983307884e-18
141720,0.0,-1.7340314752064145e-30,9959.330655728883,0.9964229611805346,-1.4358200397294272e-18
141780,0.0,-1.79425409330112e-30,9959.33065573194,0.9964229611805028,-1.4187239155197369e-18
141840,0.0,-1.8544703428277075e-30,9959.330655735059,0.9964229611804701,-1.4016551492959785e-18
141900,0.0,-1.9146698376732522e-30,9959.33065573824,0.9964229611804369,-1.3846148676589885e-18
141960,0.0,-1.974842113955953e-30,9959.330655741487,0.996422961180403,-1.3676042002161831e-18
142020,0.0,-2.0349766300251033e-30,9959.330655744798,0.9964229611803684,-1.3506242795815568e-18
142080,0.0,-2.095062766461112e-30,9959.330655748172,0.9964229611803331,-1.333676241375683e-18
142140,0.0,-2.1550898260754764e-30,9959.33065575161,0.9964229611802972,-1.3167612242257108e-18
142200,0.0,-2.2150470339108334e-30,9959.330655755113,0.9964229611802606,-1.299880369765371e-18
142260,0.0,-2.2749235372408903e-30,9959.33065575868,0.9964229611802233,-1.2830348226349703e-18
142320,0.0,-2.334708405570493e-30,9959.330655762313,0.9964229611801854,-1.2662257304813945e-18
142380,0.0,-2.3943906306355756e-30,9959.33065576601,0.9964229611801467,-1.2494542439581074e-18
142440,0.0,-2.4539591264031806e-30,9959.330655769774,0.9964229611801074,-1.2327215167251513e-18
142500,0.0,-2.513402729071461e-30,9959.330655773603,0.9964229611800675,-1.216028705449148e-18
142560,0.0,-2.5727101970696897e-30,9959.330655777498,0.9964229611800267,-1.1993769698032947e-18
142620,0.0,-2.6318702110582167e-30,9959.330655781458,0.9964229611799854,-1.1827674724673697e-18
142680,0.0,-2.690871373928525e-30,9959.330655785485,0.9964229611799433,-1.166201379127728e-18
142740,0.0,-2.74970221080319e-30,9959.330655789578,0.9964229611799005,-1.149679858477303e-18
142800,0.0,-2.8083511690359102e-30,9959.330655793738,0.9964229611798571,-1.1332040822156076e-18
142860,0.0,-2.866806618211462e-30,9959.330655797965,0.9964229611798129,-1.1167752250487321e-18
142920,0.0,-2.925056850145761e-30,9959.33065580226,0.996422961179768,-1.1003944646893447e-18
142980,0.0,-2.9830900788858193e-30,9959.330655806622,0.9964229611797225,-1.0840629818566915e-18
143040,0.0,-3.0408944407097367e-30,9959.33065581105,0.9964229611796762,-1.0677819602765992e-18
143100,0.0,-3.0984579941267482e-30,9959.330655815547,0.9964229611796293,-1.0515525866814704e-18
143160,0.0,-3.155768719877179e-30,9959.330655820113,0.9964229611795815,-1.0353760508102875e-18
143220,0.0,-3.212814520932467e-30,9959.330655824746,0.9964229611795331,-1.0192535454086096e-18
143280,0.0,-3.269583222495159e-30,9959.330655829448,0.9964229611794839,-1.0031862662285761e-18
143340,0.0,-3.3260625719988975e-30,9959.33065583422,0.9964229611794341,-9.871754120289022e-19
143400,0.0,-3.3822402391084484e-30,9959.330655839058,0.9964229611793836,-9.71222184574885e-19
143460,0.0,-3.4381038157196646e-30,9959.330655843967,0.9964229611793323,-9.553277886383957e-19
143520,0.0,-3.493640815959525e-30,9959.330655848946,0.9964229611792802,-9.39493431997887e-19
143580,0.0,-3.5488386761861124e-30,9959.330655853993,0.9964229611792275,-9.237203254383879e-19
143640,0.0,-3.6036847549886044e-30,9959.330655859112,0.9964229611791741,-9.080096827515068e-19
143700,0.0,-3.658166333187293e-30,9959.3306558643,0.9964229611791198,-8.923627207354306e-19
143760,0.0,-3.712270613833582e-30,9959.330655869559,0.9964229611790649,-8.767806591949224e-19
143820,0.0,-3.765984722209977e-30,9959.330655874888,0.9964229611790092,-8.612647209413274e-19
143880,0.0,-3.819295705830088e-30,9959.330655880289,0.9964229611789528,-8.458161317925652e-19
143940,0.0,-3.872190534438636e-30,9959.33065588576,0.9964229611788956,-8.304361205731354e-19
144000,0.0,-3.924656100011454e-30,9959.330655891305,0.9964229611788377,-8.151259191141162e-19
144060,0.0,-3.976679216755466e-30,9959.330655896918,0.996422961178779,-7.99886762253164e-19
144120,0.0,-4.028246621108714e-30,9959.330655902606,0.9964229611787196,-7.847198878345124e-19
144180,0.0,-4.079344971740355e-30,9959.330655908363,0.9964229611786595,-7.696265367089746e-19
144240,0.0,-4.129960849550635e-30,9959.330655914195,0.9964229611785985,-7.546079527339414e-19
144300,0.0,-4.1800807576709234e-30,9959.3306559201,0.9964229611785368,-7.396653827733821e-19
144360,0.0,-4.22969112146368e-30,9959.330655926075,0.9964229611784744,-7.248000766978439e-19
144420,0.0,-4.2787782885224895e-30,9959.330655932125,0.9964229611784112,-7.100132873844534e-19
144480,0.0,-4.327328528672031e-30,9959.330655938247,0.9964229611783472,-6.953062707169143e-19
144540,0.0,-4.3753280339680906e-30,9959.330655944445,0.9964229611782824,-6.806802855855086e-19
144600,0.0,-4.422762918697568e-30,9959.330655950715,0.9964229611782169,-6.661365938870973e-19
144660,0.0,-4.4696192193784694e-30,9959.33065595706,0.9964229611781507,-6.516764605251196e-19
144720,0.0,-4.5158828947599e-30,9959.330655963478,0.9964229611780836,-6.373011534095924e-19
144780,0.0,-4.5615398258220836e-30,9959.33065596997,0.9964229611780158,-6.230119434571112e-19
144840,0.0,-4.6065758157763364e-30,9959.330655976539,0.9964229611779472,-6.088101045908504e-19
144900,0.0,-4.650976590065101e-30,9959.330655983184,0.9964229611778778,-5.946969137405616e-19
144960,0.0,-4.6947277963619026e-30,9959.330655989901,0.9964229611778075,-5.806736508425751e-19
145020,0.0,-4.737815004571397e-30,9959.330655996697,0.9964229611777365,-5.667415988398001e-19
145080,0.0,-4.780223706829332e-30,9959.330656003565,0.9964229611776647,-5.529020436817238e-19
145140,0.0,-4.82193931750257e-30,9959.330656010512,0.9964229611775922,-5.391562743244107e-19
145200,0.0,-4.862947173189074e-30,9959.330656017535,0.9964229611775188,-5.255055827305043e-19
145260,0.0,-4.9032325327179184e-30,9959.330656024635,0.9964229611774447,-5.119512638692271e-19
145320,0.0,-4.942780577149284e-30,9959.33065603181,0.9964229611773696,-4.984946157163795e-19
145380,0.0,-4.981576409774458e-30,9959.330656039065,0.9964229611772939,-4.851369392543385e-19
145440,0.0,-5.019605056115834e-30,9959.330656046395,0.9964229611772173,-4.718795384720624e-19
145500,0.0,-5.0568514639269115e-30,9959.330656053804,0.9964229611771399,-4.587237203650857e-19
145560,0.0,-5.093300503192301e-30,9959.330656061291,0.9964229611770616,-4.456707949355212e-19
145620,0.0,-5.128936966127716e-30,9959.330656068854,0.9964229611769826,-4.3272207519206075e-19
145680,0.0,-5.163745567179982e-30,9959.330656076498,0.9964229611769028,-4.1987887714997423e-19
145740,0.0,-5.1977109430270234e-30,9959.33065608422,0.996422961176822,-4.0714251983111025e-19
145800,0.0,-5.2308176525778776e-30,9959.330656092021,0.9964229611767406,-3.9451432526389443e-19
145860,0.0,-5.263050176972689e-30,9959.3306560999,0.9964229611766582,-3.8199561848333224e-19
145920,0.0,-5.294392919582706e-30,9959.33065610786,0.996422961176575,-3.695877275310064e-19
145980,0.0,-5.324830206010284e-30,9959.330656115899,0.9964229611764911,-3.5729198345507817e-19
146040,0.0,-5.354346284088889e-30,9959.330656124019,0.9964229611764063,-3.451097203102873e-19
146100,0.0,-5.3829253238830935e-30,9959.330656132219,0.9964229611763206,-3.3304227515795165e-19
146160,0.0,-5.41055141768857e-30,9959.330656140499,0.9964229611762341,-3.210909880659671e-19
146220,0.0,-5.437208580032106e-30,9959.330656148859,0.9964229611761467,-3.0925720210880847e-19
146280,0.0,-5.4628807476715964e-30,9959.3306561573,0.9964229611760584,-2.9754226336752835e-19
146340,0.0,-5.487551779596034e-30,9959.330656165825,0.9964229611759694,-2.859475209297577e-19
146400,0.0,-5.511205457025527e-30,9959.33065617443,0.9964229611758796,-2.7447432688970627e-19
146460,0.0,-5.5338254834112874e-30,9959.330656183118,0.9964229611757888,-2.63124036348161e-19
146520,0.0,-5.555395484435637e-30,9959.330656191887,0.9964229611756972,-2.5189800741248845e-19
146580,0.0,-5.5758990080119996e-30,9959.330656200738,0.9964229611756047,-2.4079760119663237e-19
146640,0.0,-5.595319524284908e-30,9959.330656209673,0.9964229611755113,-2.298241818211153e-19
146700,0.0,-5.6136404256300056e-30,9959.33065621869,0.9964229611754171,-2.1897911641303843e-19
146760,0.0,-5.630845026654039e-30,9959.330656227792,0.996422961175322,-2.0826377510608014e-19
146820,0.0,-5.6469165641948584e-30,9959.330656236976,0.996422961175226,-1.976795310404984e-19
146880,0.0,-5.66183819732143e-30,9959.330656246244,0.9964229611751292,-1.8722776036312814e-19
146940,0.0,-5.67559300733382e-30,9959.330656255597,0.9964229611750315,-1.76909842227384e-19
147000,0.0,-5.688163997763203e-30,9959.330656265032,0.9964229611749329,-1.6672715879325798e-19
147060,0.0,-5.699534094371864e-30,9959.330656274555,0.9964229611748334,-1.5668109522732025e-19
147120,0.0,-5.709686145153189e-30,9959.33065628416,0.9964229611747331,-1.4677303970272013e-19
147180,0.0,-5.718602920331674e-30,9959.330656293852,0.9964229611746318,-1.3700438339918414e-19
147240,0.0,-5.7262671123629255e-30,9959.33065630363,0.9964229611745297,-1.2737652050301801e-19
147300,0.0,-5.7326613359336496e-30,9959.330656313492,0.9964229611744265,-1.1789084820710526e-19
147360,0.0,-5.737768127961665e-30,9959.330656323442,0.9964229611743226,-1.0854876671090764e-19
147420,0.0,-5.7415699475958956e-30,9959.330656333477,0.9964229611742178,-9.935167922046573e-20
147480,0.0,-5.7440491762163716e-30,9959.3306563436,0.996422961174112,-9.030099194839799e-20
147540,0.0,-5.745188117434232e-30,9959.330656353808,0.9964229611740053,-8.139811411390094e-20
147600,0.0,-5.7449689970917216e-30,9959.330656364104,0.9964229611738977,-7.264445794274999e-20
147660,0.0,-5.743373963262192e-30,9959.330656374488,0.9964229611737893,-6.404143866729836e-20
147720,0.0,-5.7403850862501016e-30,9959.33065638496,0.9964229611736799,-5.559047452647774e-20
147780,0.0,-5.7359843585910154e-30,9959.33065639552,0.9964229611735695,-4.729298676579806e-20
147840,0.0,-5.730153695051607e-30,9959.330656406168,0.9964229611734583,-3.9150399637347576e-20
147900,0.0,-5.7228749326296566e-30,9959.330656416903,0.9964229611733461,-3.1164140399792615e-20
147960,0.0,-5.714129830554049e-30,9959.33065642773,0.9964229611732329,-2.3335639318378417e-20
148020,0.0,-5.7039000702847795e-30,9959.330656438644,0.9964229611731189,-1.5666329664927818e-20
148080,0.0,-5.6921672555129466e-30,9959.330656449649,0.996422961173004,-8.157647717842209e-21
148140,0.0,-5.678912912160761e-30,9959.330656460743,0.9964229611728881,-8.110327621013485e-22
148200,0.0,-5.664118488381534e-30,9959.330656471928,0.9964229611727712,6.372072910736794e-21
148260,0.0,-5.6477653545596886e-30,9959.330656483202,0.9964229611726534,1.339022400253602e-20
148320,0.0,-5.629834803310754e-30,9959.330656494567,0.9964229611725346,2.024197220858165e-20
148380,0.0,-5.610308049481365e-30,9959.330656506023,0.9964229611724149,2.6925866217581037e-20
148440,0.0,-5.589166230149261e-30,9959.330656517572,0.9964229611722942,3.344045171166287e-20
148500,0.0,-5.566390404623295e-30,9959.330656529211,0.9964229611721727,3.978427136637798e-20
148560,0.0,-5.541961554443421e-30,9959.330656540942,0.9964229611720501,4.5955864850698466e-20
148620,0.0,-5.515860583380704e-30,9959.330656552766,0.9964229611719265,5.195376882701837e-20
148680,0.0,-5.488068317437312e-30,9959.330656564682,0.9964229611718021,5.777651695115345e-20
148740,0.0,-5.458565504846525e-30,9959.330656576689,0.9964229611716766,6.342263987234114e-20
148800,0.0,-5.4273328160727254e-30,9959.33065658879,0.9964229611715502,6.889066523324065e-20
148860,0.0,-5.3943508438114025e-30,9959.330656600987,0.9964229611714227,7.417911766993272e-20
148920,0.0,-5.359600102989158e-30,9959.330656613276,0.9964229611712944,7.928651881191999e-20
148980,0.0,-5.323061030763695e-30,9959.330656625658,0.9964229611711649,8.421138728212677e-20
149040,0.0,-5.284713986523825e-30,9959.330656638136,0.9964229611710346,8.895223869689898e-20
149100,0.0,-5.244539251889467e-30,9959.330656650707,0.9964229611709032,9.350758566600444e-20
149160,0.0,-5.202517030711648e-30,9959.330656663373,0.9964229611707709,9.787593779263243e-20
149220,0.0,-5.158627449072499e-30,9959.330656676135,0.9964229611706376,1.0205580167339415e-19
149280,0.0,-5.112850555285262e-30,9959.330656688993,0.9964229611705032,1.0604568089832249e-19
149340,0.0,-5.065166319894282e-30,9959.330656701946,0.9964229611703679,1.0984407605087202e-19
149400,0.0,-5.015554635675014e-30,9959.330656714996,0.9964229611702315,1.1344948470791887e-19
149460,0.0,-4.9639953176340176e-30,9959.33065672814,0.9964229611700941,1.168604014397611e-19
149520,0.0,-4.9104681030089615e-30,9959.330656741384,0.9964229611699558,1.2007531781011841e-19
149580,0.0,-4.854952651268618e-30,9959.330656754722,0.9964229611698164,1.2309272237613222e-19
149640,0.0,-4.797428544112873e-30,9959.33065676816,0.996422961169676,1.2591110068836563e-19
149700,0.0,-4.7378752854727105e-30,9959.330656781694,0.9964229611695345,1.2852893529080345e-19
149760,0.0,-4.676272301510228e-30,9959.330656795326,0.9964229611693922,1.3094470572085223e-19
149820,0.0,-4.6125989406186296e-30,9959.330656809057,0.9964229611692487,1.3315688850934022e-19
149880,0.0,-4.5468344734222224e-30,9959.330656822887,0.9964229611691042,1.351639571805174e-19
149940,0.0,-4.478958092776423e-30,9959.330656836815,0.9964229611689587,1.3696438225205541e-19
150000,0.0,-4.4089489137677554e-30,9959.330656850843,0.9964229611688121,1.385566312350477e-19
150060,0.0,-4.33678597371385e-30,9959.33065686497,0.9964229611686645,1.399391686340093e-19
150120,0.0,-4.262448232163444e-30,9959.330656879196,0.9964229611685158,1.4111045594687705e-19
150180,0.0,-4.185914570896381e-30,9959.330656893524,0.9964229611683662,1.420689516650095e-19
150240,0.0,-4.107163793923613e-30,9959.330656907952,0.9964229611682154,1.4281311127318683e-19
150300,0.0,-4.026174627487198e-30,9959.33065692248,0.9964229611680636,1.4334138724961102e-19
150360,0.0,-3.9429257200603016e-30,9959.33065693711,0.9964229611679107,1.436522290659057e-19
150420,0.0,-3.857395642347194e-30,9959.33065695184,0.9964229611677569,1.4374408318711627e-19
150480,0.0,-3.769562887283257e-30,9959.330656966675,0.9964229611676019,1.4361539307170983e-19
150540,0.0,-3.679405870034974e-30,9959.330656981609,0.9964229611674458,1.4326459917157514e-19
150600,0.0,-3.586902927999941e-30,9959.330656996646,0.9964229611672887,1.4269013893202269e-19
150660,0.0,-3.492032320806854e-30,9959.330657011787,0.9964229611671305,1.4189044679178474e-19
150720,0.0,-3.394772230315523e-30,9959.33065702703,0.9964229611669712,1.4086395418301518e-19
150780,0.0,-3.2951007606168615e-30,9959.330657042377,0.9964229611668108,1.396090895312897e-19
150840,0.0,-3.1929959380328905e-30,9959.330657057828,0.9964229611666494,1.3812427825560563e-19
150900,0.0,-3.088435711116736e-30,9959.330657073382,0.9964229611664869,1.3640794276838206e-19
150960,0.0,-2.9813979506526343e-30,9959.33065708904,0.9964229611663233,1.3445850247545968e-19
151020,0.0,-2.8718604496559265e-30,9959.330657104805,0.9964229611661586,1.3227437377610106e-19
151080,0.0,-2.759800923373062e-30,9959.330657120672,0.9964229611659928,1.298539700629904e-19
151140,0.0,-2.6451970092815964e-30,9959.330657136647,0.9964229611658258,1.271957017222336e-19
151200,0.0,-2.5280262670901915e-30,9959.330657152726,0.9964229611656579,1.2429797613335825e-19
151260,0.0,-2.408266178738618e-30,9959.330657168912,0.9964229611654888,1.2115919766931375e-19
151320,0.0,-2.2858941483977512e-30,9959.330657185204,0.9964229611653185,1.177777676964711e-19
151380,0.0,-2.1608875024695753e-30,9959.330657201603,0.9964229611651472,1.141520845746231e-19
151440,0.0,-2.033223489587181e-30,9959.33065721811,0.9964229611649748,1.1028054365698416e-19
151500,0.0,-1.9028792806147656e-30,9959.330657234723,0.9964229611648011,1.0616153729019055e-19
151560,0.0,-1.7698319686476334e-30,9959.330657251443,0.9964229611646264,1.0179345481430011e-19
151620,0.0,-1.634058569012196e-30,9959.330657268272,0.9964229611644506,9.717468256279246e-20
151680,0.0,-1.4955360192659713e-30,9959.330657285209,0.9964229611642736,9.230360386256891e-20
151740,0.0,-1.3542411791975848e-30,9959.330657302255,0.9964229611640955,8.71785990339525e-20
151800,0.0,-1.2101508308267687e-30,9959.33065731941,0.9964229611639163,8.1798045390688e-20
151860,0.0,-1.0632416784043628e-30,9959.330657336674,0.9964229611637359,7.616031723994184e-20
151920,0.0,-9.134903484123126e-31,9959.330657354049,0.9964229611635543,7.026378588230218e-20
151980,0.0,-7.608733895636713e-31,9959.330657371533,0.9964229611633717,6.410681961177893e-20
152040,0.0,-6.053672728025995e-31,9959.330657389128,0.9964229611631878,5.768778371580366e-20
152100,0.0,-4.469483913043639e-31,9959.330657406832,0.9964229611630028,5.100504047522967e-20
152160,0.0,-2.855930604753386e-31,9959.330657424649,0.9964229611628167,4.405694916433199e-20
152220,0.0,-1.2127751795300466e-31,9959.330657442577,0.9964229611626293,3.684186605080734e-20
152280,0.0,-1.193200220264206e-34,9959.330657458719,0.9964229611624608,3.2640100772255416e-20
152340,0.0,-1.0928334375218021e-34,9959.330657469867,0.9964229611623442,3.6999054445161106e-20
152400,0.0,-9.930635278832223e-35,9959.330657481005,0.9964229611622278,4.130172969057425e-20
152460,0.0,-8.938959052282375e-35,9959.33065749213,0.9964229611621116,4.5548183089698995e-20
152520,0.0,-7.953359730054405e-35,9959.33065750324,0.9964229611619956,4.973847374865122e-20
152580,0.0,-6.973891242322375e-35,9959.330657514338,0.9964229611618796,5.387266329845965e-20
152640,0.0,-6.000607414948453e-35,9959.33065752542,0.9964229611617638,5.795081589506456e-20
152700,0.0,-5.033561969483081e-35,9959.330657536486,0.9964229611616482,6.197299821931869e-20
152760,0.0,-4.072808523164844e-35,9959.330657547536,0.9964229611615327,6.593927947698632e-20
152820,0.0,-3.1184005889204603e-35,9959.33065755857,0.9964229611614174,6.984973139874426e-20
152880,0.0,-2.1703915753649255e-35,9959.330657569586,0.9964229611613024,7.37044282401816e-20
152940,0.0,-1.2288347868012424e-35,9959.330657580584,0.9964229611611874,7.7503446781799e-20
153000,0.0,-2.937834232207822e-36,9959.330657591563,0.9964229611610727,8.124686632900977e-20
153060,0.0,6.347094196971686e-36,9959.330657602522,0.9964229611609582,8.493476871213892e-20
153120,0.0,1.5565907505848293e-35,9959.330657613462,0.9964229611608438,8.856723828642364e-20
153180,0.0,2.4718076823865027e-35,9959.330657624381,0.9964229611607298,9.21443619320133e-20
153240,0.0,3.3803074323581904e-35,9959.330657635279,0.9964229611606159,9.566622905396953e-20
153300,0.0,4.282037322067753e-35,9959.330657646155,0.9964229611605023,9.913293158226593e-20
153360,0.0,5.17694477739491e-35,9959.330657657007,0.996422961160389,1.0254456397178782e-19
153420,0.0,6.064977328531207e-35,9959.330657667835,0.9964229611602757,1.0590122320233324e-19
153480,0.0,6.946082609979922e-35,9959.33065767864,0.9964229611601629,1.0920300877861214e-19
153540,0.0,7.820208360556256e-35,9959.33065768942,0.9964229611600502,1.124500227302462e-19
153600,0.0,8.687302423387205e-35,9959.330657700173,0.9964229611599379,1.156423696117698e-19
153660,0.0,9.547312745911619e-35,9959.330657710902,0.9964229611598258,1.187801565026289e-19
153720,0.0,1.0400187379880147e-34,9959.330657721603,0.996422961159714,1.21863493007182e-19
153780,0.0,1.124587448135524e-34,9959.330657732276,0.9964229611596025,1.2489249125469928e-19
153840,0.0,1.2084322310711227e-34,9959.330657742921,0.9964229611594912,1.2786726589936331e-19
153900,0.0,1.2915479232634268e-34,9959.330657753537,0.9964229611593803,1.30787934120269e-19
153960,0.0,1.3739293716122262e-34,9959.330657764123,0.9964229611592698,1.3365461562142249e-19
154020,0.0,1.4555714334485052e-34,9959.330657774679,0.9964229611591594,1.3646743263174295e-19
154080,0.0,1.5364689765344188e-34,9959.330657785202,0.9964229611590495,1.3922650990506128e-19
154140,0.0,1.6166168790633226e-34,9959.330657795696,0.9964229611589398,1.4193197472012036e-19
154200,0.0,1.6960100296597318e-34,9959.330657806155,0.9964229611588306,1.4458395688057545e-19
154260,0.0,1.774643327379361e-34,9959.330657816581,0.9964229611587216,1.4718258871499356e-19
154320,0.0,1.8525116817091049e-34,9959.330657826973,0.9964229611586131,1.4972800507685431e-19
154380,0.0,1.9296100125670327e-34,9959.33065783733,0.9964229611585048,1.5222034334454883e-19
154440,0.0,2.00593325030241e-34,9959.330657847653,0.996422961158397,1.5465974342138078e-19
154500,0.0,2.0814763356956675e-34,9959.33065785794,0.9964229611582895,1.570463477355659e-19
154560,0.0,2.156234219958435e-34,9959.330657868188,0.9964229611581824,1.5938030124023176e-19
154620,0.0,2.230201864733517e-34,9959.3306578784,0.9964229611580757,1.6166175141341829e-19
154680,0.0,2.303374242094901e-34,9959.330657888571,0.9964229611579695,1.6389084825807742e-19
154740,0.0,2.3757463345477593e-34,9959.330657898705,0.9964229611578636,1.660677443020731e-19
154800,0.0,2.4473131350284437e-34,9959.330657908798,0.9964229611577581,1.6819259459818167e-19
154860,0.0,2.5180696469044942e-34,9959.33065791885,0.996422961157653,1.702655567240912e-19
154920,0.0,2.588010883974626e-34,9959.330657928862,0.9964229611575485,1.7228679078240217e-19
154980,0.0,2.6571318704687443e-34,9959.330657938832,0.9964229611574443,1.7425645940062697e-19
155040,0.0,2.7254276410479295e-34,9959.330657948758,0.9964229611573406,1.7617472773119016e-19
155100,0.0,2.7928932408044574e-34,9959.33065795864,0.9964229611572374,1.7804176345142858e-19
155160,0.0,2.8595237252617667e-34,9959.33065796848,0.9964229611571346,1.7985773676359075e-19
155220,0.0,2.9253141603744976e-34,9959.330657978271,0.9964229611570322,1.8162282039483763e-19
155280,0.0,2.990259622528463e-34,9959.330657988019,0.9964229611569304,1.8333718959724225e-19
155340,0.0,3.054355198540664e-34,9959.33065799772,0.996422961156829,1.850010221477897e-19
155400,0.0,3.117595985659278e-34,9959.330658007371,0.9964229611567281,1.866144983483771e-19
155460,0.0,3.1799770915636674e-34,9959.330658016977,0.9964229611566278,1.8817780102581373e-19
155520,0.0,3.2414936343643818e-34,9959.330658026533,0.996422961156528,1.896911155318211e-19
155580,0.0,3.3021407426031492e-34,9959.330658036039,0.9964229611564287,1.9115462974303252e-19
155640,0.0,3.3619135552528793e-34,9959.330658045494,0.9964229611563299,1.9256853406099376e-19
155700,0.0,3.420807221717669e-34,9959.330658054898,0.9964229611562316,1.9393302141216244e-19
155760,0.0,3.478816901832792e-34,9959.33065806425,0.9964229611561339,1.9524828724790832e-19
155820,0.0,3.5359377658647106e-34,9959.330658073548,0.9964229611560367,1.9651452954451338e-19
155880,0.0,3.5921649945110664e-34,9959.330658082794,0.9964229611559401,1.977319488031716e-19
155940,0.0,3.6474937789006834e-34,9959.330658091983,0.9964229611558441,1.9890074804998914e-19
156000,0.0,3.7019193205935704e-34,9959.33065810112,0.9964229611557487,2.0002113283598416e-19
156060,0.0,3.7554368315809193e-34,9959.330658110199,0.9964229611556538,2.01093311237087e-19
156120,0.0,3.808041534285099e-34,9959.330658119221,0.9964229611555595,2.0211749385414015e-19
156180,0.0,3.859728661559669e-34,9959.330658128187,0.9964229611554658,2.0309389381289797e-19
156240,0.0,3.910493456689365e-34,9959.330658137093,0.9964229611553728,2.0402272676402726e-19
156300,0.0,3.960331173390111e-34,9959.33065814594,0.9964229611552804,2.0490421088310672e-19
156360,0.0,4.009237075809008e-34,9959.330658154728,0.9964229611551886,2.057385668706271e-19
156420,0.0,4.057206438524345e-34,9959.330658163453,0.9964229611550973,2.0652601795199147e-19
156480,0.0,4.1042345465455895e-34,9959.330658172119,0.9964229611550068,2.0726678987751474e-19
156540,0.0,4.150316695313394e-34,9959.330658180721,0.9964229611549169,2.0796111092242415e-19
156600,0.0,4.195448190699593e-34,9959.33065818926,0.9964229611548278,2.0860921188685898e-19
156660,0.0,4.239624349007204e-34,9959.330658197734,0.9964229611547392,2.0921132609587044e-19
156720,0.0,4.282840496970429e-34,9959.330658206143,0.9964229611546513,2.097676893994222e-19
156780,0.0,4.3250919717546445e-34,9959.330658214489,0.9964229611545641,2.1027854017238963e-19
156840,0.0,4.366374120956424e-34,9959.330658222765,0.9964229611544776,2.107441193145605e-19
156900,0.0,4.40668230260351e-34,9959.330658230976,0.9964229611543919,2.111646702506345e-19
156960,0.0,4.446011885154836e-34,9959.330658239118,0.9964229611543068,2.1154043893022357e-19
157020,0.0,4.484358247500513e-34,9959.33065824719,0.9964229611542225,2.1187167382785167e-19
157080,0.0,4.52171677896184e-34,9959.330658255192,0.9964229611541389,2.1215862594295486e-19
157140,0.0,4.558082879291294e-34,9959.330658263125,0.9964229611540559,2.1240154879988136e-19
157200,0.0,4.593451958672536e-34,9959.330658270987,0.9964229611539738,2.1260069844789145e-19
157260,0.0,4.627819437720411e-34,9959.330658278774,0.9964229611538924,2.1275633346115744e-19
157320,0.0,4.661180747480947e-34,9959.330658286488,0.9964229611538118,2.1286871493876392e-19
157380,0.0,4.693531329431353e-34,9959.33065829413,0.996422961153732,2.1293810650470742e-19
157440,0.0,4.724866635480021e-34,9959.330658301695,0.9964229611536529,2.129647743078967e-19
157500,0.0,4.755182127966524e-34,9959.330658309185,0.9964229611535746,2.129489870221525e-19
157560,0.0,4.784473279661624e-34,9959.330658316598,0.9964229611534973,2.128910158462078e-19
157620,0.0,4.812735573767258e-34,9959.330658323934,0.9964229611534205,2.1279113450370752e-19
157680,0.0,4.839964503916551e-34,9959.330658331191,0.9964229611533447,2.1264961924320882e-19
157740,0.0,4.866155574173808e-34,9959.33065833837,0.9964229611532698,2.1246674883818091e-19
157800,0.0,4.891304299034516e-34,9959.330658345469,0.9964229611531956,2.1224280458700515e-19
157860,0.0,4.91540620342535e-34,9959.330658352485,0.9964229611531222,2.119780703129749e-19
157920,0.0,4.938456822704159e-34,9959.33065835942,0.9964229611530498,2.1167283236429568e-19
157980,0.0,4.960451702659983e-34,9959.330658366272,0.9964229611529782,2.113273796140852e-19
158040,0.0,4.981386399513041e-34,9959.330658373041,0.9964229611529075,2.109420034603731e-19
158100,0.0,5.001256479914734e-34,9959.330658379726,0.9964229611528377,2.105169978261013e-19
158160,0.0,5.020057520947646e-34,9959.330658386325,0.9964229611527687,2.1005265915912365e-19
158220,0.0,5.037785110125545e-34,9959.330658392839,0.9964229611527007,2.0954928643220624e-19
158280,0.0,5.054434845393381e-34,9959.330658399263,0.9964229611526335,2.0900718114302724e-19
158340,0.0,5.070002335127288e-34,9959.3306584056,0.9964229611525673,2.084266473141769e-19
158400,0.0,5.08448319813458e-34,9959.33065841185,0.996422961152502,2.078079914931575e-19
158460,0.0,5.097873063653754e-34,9959.33065841801,0.9964229611524377,2.0715152275238358e-19
158520,0.0,5.110167571354493e-34,9959.330658424078,0.9964229611523743,2.0645755268918162e-19
158580,0.0,5.1213623713376595e-34,9959.330658430055,0.9964229611523118,2.0572639542579036e-19
158640,0.0,5.1314531241353e-34,9959.33065843594,0.9964229611522503,2.0495836760936054e-19
158700,0.0,5.140435500710643e-34,9959.330658441731,0.9964229611521898,2.04153788411955e-19
158760,0.0,5.148305182458099e-34,9959.330658447427,0.9964229611521302,2.0331297953054878e-19
158820,0.0,5.155057861203265e-34,9959.33065845303,0.9964229611520717,2.0243626518702886e-19
158880,0.0,5.1606892392029145e-34,9959.330658458535,0.9964229611520142,2.0152397212819448e-19
158940,0.0,5.1651950291450106e-34,9959.330658463943,0.9964229611519577,2.0057642962575695e-19
159000,0.0,5.168570954148693e-34,9959.330658469255,0.9964229611519022,1.995939694763396e-19
159060,0.0,5.170812747764288e-34,9959.330658474466,0.9964229611518478,1.9857692600147795e-19
159120,0.0,5.171916153973302e-34,9959.330658479577,0.9964229611517943,1.975256360476196e-19
159180,0.0,5.171876927188427e-34,9959.33065848459,0.996422961151742,1.9644043898612422e-19
159240,0.0,5.170690832253536e-34,9959.3306584895,0.9964229611516907,1.9532167671326362e-19
159300,0.0,5.168353644443684e-34,9959.330658494307,0.9964229611516404,1.941696936502217e-19
159360,0.0,5.164861149465109e-34,9959.330658499011,0.9964229611515913,1.929848367430945e-19
159420,0.0,5.160209143455234e-34,9959.33065850361,0.9964229611515433,1.9176745546289008e-19
159480,0.0,5.154393432982661e-34,9959.330658508105,0.9964229611514963,1.9051790180552871e-19
159540,0.0,5.147409835047176e-34,9959.330658512494,0.9964229611514505,1.8923653029184266e-19
159600,0.0,5.139254177079751e-34,9959.330658516774,0.9964229611514057,1.8792369796757633e-19
159660,0.0,5.129922296942537e-34,9959.330658520947,0.9964229611513621,1.8657976440338634e-19
159720,0.0,5.119410042928867e-34,9959.33065852501,0.9964229611513197,1.852050916948412e-19
159780,0.0,5.107713273763259e-34,9959.330658528965,0.9964229611512784,1.838000444624217e-19
159840,0.0,5.094827858601414e-34,9959.330658532808,0.9964229611512382,1.8236498985152072e-19
159900,0.0,5.080749677030215e-34,9959.330658536539,0.9964229611511992,1.809002975324431e-19
159960,0.0,5.065474619067725e-34,9959.330658540157,0.9964229611511614,1.7940633970040596e-19
160020,0.0,5.048998585163194e-34,9959.33065854366,0.9964229611511248,1.7788349107553838e-19
160080,0.0,5.031317486197053e-34,9959.330658547051,0.9964229611510893,1.763321289028817e-19
160140,0.0,5.012427243480914e-34,9959.330658550325,0.9964229611510551,1.7475263295238915e-19
160200,0.0,4.992323788757574e-34,9959.330658553481,0.9964229611510221,1.7314538551892627e-19
160260,0.0,4.971003064201012e-34,9959.33065855652,0.9964229611509904,1.7151077142227062e-19
160320,0.0,4.94846102241639e-34,9959.330658559442,0.9964229611509599,1.6984917800711178e-19
160380,0.0,4.9246936264400525e-34,9959.330658562243,0.9964229611509307,1.6816099514305163e-19
160440,0.0,4.899696849739524e-34,9959.330658564924,0.9964229611509026,1.6644661522460392e-19
160500,0.0,4.873466676213516e-34,9959.330658567484,0.9964229611508758,1.647064331711947e-19
160560,0.0,4.845999100191921e-34,9959.330658569921,0.9964229611508504,1.6294084642716202e-19
160620,0.0,4.8172901264358135e-34,9959.330658572233,0.9964229611508262,1.6115025496175606e-19
160680,0.0,4.787335770137451e-34,9959.330658574423,0.9964229611508033,1.593350612691391e-19
160740,0.0,4.756132056920275e-34,9959.330658576486,0.9964229611507818,1.5749567036838552e-19
160800,0.0,4.723675022838907e-34,9959.330658578423,0.9964229611507616,1.5563248980348182e-19
160860,0.0,4.689960714379153e-34,9959.330658580233,0.9964229611507427,1.5374592964332658e-19
160920,0.0,4.654985188458004e-34,9959.330658581914,0.996422961150725,1.5183640248173048e-19
160980,0.0,4.618744512423629e-34,9959.330658583465,0.9964229611507088,1.4990432343741635e-19
161040,0.0,4.581234764055381e-34,9959.330658584886,0.9964229611506941,1.4795011015401909e-19
161100,0.0,4.5424520315637974e-34,9959.330658586177,0.9964229611506805,1.459741828000857e-19
161160,0.0,4.502392413590598e-34,9959.330658587334,0.9964229611506684,1.4397696406907524e-19
161220,0.0,4.461052019208685e-34,9959.330658588358,0.9964229611506578,1.41958879179359e-19
161280,0.0,4.418426967922143e-34,9959.330658589248,0.9964229611506484,1.3992035587422024e-19
161340,0.0,4.374513389666237e-34,9959.330658590003,0.9964229611506406,1.3786182442185438e-19
161400,0.0,4.3293074248074205e-34,9959.33065859062,0.9964229611506341,1.35783717615369e-19
161460,0.0,4.282805224143324e-34,9959.3306585911,0.9964229611506291,1.3368647077278368e-19
161520,0.0,4.235002948902764e-34,9959.330658591442,0.9964229611506256,1.3157052173703012e-19
161580,0.0,4.185896770745737e-34,9959.330658591645,0.9964229611506233,1.294363108759522e-19
161640,0.0,4.135482871763426e-34,9959.330658591707,0.9964229611506228,1.2728428108230582e-19
161700,0.0,4.083757444478192e-34,9959.330658591627,0.9964229611506236,1.2511487777375904e-19
161760,0.0,4.030716691843583e-34,9959.330658591405,0.9964229611506259,1.22928548892892e-19
161820,0.0,3.976356827244328e-34,9959.33065859104,0.9964229611506297,1.2072574490719696e-19
161880,0.0,3.920674074496338e-34,9959.330658590528,0.996422961150635,1.1850691880907823e-19
161940,0.0,3.863664667846706e-34,9959.330658589872,0.9964229611506419,1.1627252611585233e-19
162000,0.0,3.8053248519737106e-34,9959.33065858907,0.9964229611506503,1.140230248697477e-19
162060,0.0,3.7456508819868115e-34,9959.330658588118,0.9964229611506602,1.117588756379051e-19
162120,0.0,3.68463902342665e-34,9959.33065858702,0.9964229611506717,1.0948054151237726e-19
162180,0.0,3.6222855522650516e-34,9959.33065858577,0.9964229611506847,1.0718848811012907e-19
162240,0.0,3.5585867549050247e-34,9959.330658584371,0.9964229611506994,1.0488318357303745e-19
162300,0.0,3.493538928180758e-34,9959.33065858282,0.9964229611507156,1.0256509856789148e-19
162360,0.0,3.427138379357626e-34,9959.330658581113,0.9964229611507334,1.0023470628639238e-19
162420,0.0,3.359381426132185e-34,9959.330658579256,0.9964229611507528,9.78924824451534e-20
162480,0.0,3.2902643966321717e-34,9959.33065857724,0.9964229611507739,9.553890528569992e-20
162540,0.0,3.219783629416509e-34,9959.33065857507,0.9964229611507965,9.317445557446942e-20
162600,0.0,3.1479354734752994e-34,9959.330658572744,0.9964229611508209,9.07996166028115e-20
162660,0.0,3.07471628822983e-34,9959.33065857026,0.9964229611508468,8.841487418698786e-20
162720,0.0,3.00012244353257e-34,9959.330658567615,0.9964229611508745,8.602071666817228e-20
162780,0.0,2.924150319667172e-34,9959.33065856481,0.9964229611509038,8.361763491245067e-20
162840,0.0,2.8467963073484693e-34,9959.330658561843,0.9964229611509348,8.120612231082105e-20
162900,0.0,2.768056807722481e-34,9959.330658558714,0.9964229611509674,7.878667477919348e-20
162960,0.0,2.6879282323664055e-34,9959.33065855542,0.9964229611510018,7.63597907583902e-20
163020,0.0,2.6064070032886263e-34,9959.330658551964,0.996422961151038,7.392597121414551e-20
163080,0.0,2.5234895529287085e-34,9959.33065854834,0.9964229611510758,7.148571963710585e-20
163140,0.0,2.4391723241574007e-34,9959.33065854455,0.9964229611511154,6.90395420428297e-20
163200,0.0,2.353451770276633e-34,9959.330658540592,0.9964229611511568,6.658794697178772e-20
163260,0.0,2.2663243550195198e-34,9959.330658536466,0.9964229611511999,6.413144548936263e-20
163320,0.0,2.1777865525503563e-34,9959.330658532168,0.9964229611512447,6.167055118584924e-20
163380,0.0,2.0878348474646217e-34,9959.3306585277,0.9964229611512915,5.92057801764545e-20
163440,0.0,1.9964657347889785e-34,9959.33065852306,0.99642296115134,5.673765110129744e-20
163500,0.0,1.9036757199812694e-34,9959.330658518245,0.9964229611513903,5.42666851254092e-20
163560,0.0,1.8094613189305223e-34,9959.330658513258,0.9964229611514424,5.179340593873303e-20
163620,0.0,1.7138190579569469e-34,9959.330658508094,0.9964229611514963,4.9318339756124264e-20
163680,0.0,1.6167454738119345e-34,9959.330658502753,0.9964229611515522,4.6842015317350356e-20
163740,0.0,1.5182371136780616e-34,9959.330658497234,0.9964229611516098,4.4364963887090864e-20
163800,0.0,1.4182905351690852e-34,9959.330658491537,0.9964229611516693,4.1887719254937444e-20
163860,0.0,1.3169023063299456e-34,9959.33065848566,0.9964229611517307,3.941081773539385e-20
163920,0.0,1.2140690056367662e-34,9959.330658479601,0.996422961151794,3.693479816787596e-20
163980,0.0,1.1097872219968524e-34,9959.33065847336,0.9964229611518592,3.446020191671172e-20
164040,0.0,1.004053554748693e-34,9959.330658466935,0.9964229611519263,3.198757287114122e-20
164100,0.0,8.968646136619593e-35,9959.330658460327,0.9964229611519954,2.951745744531661e-20
164160,0.0,7.88217018937505e-35,9959.330658453533,0.9964229611520664,2.7050404578302196e-20
164220,0.0,6.781074012073666e-35,9959.330658446552,0.9964229611521392,2.4586965734074336e-20
164280,0.0,5.665324015347634e-35,9959.330658439383,0.9964229611522142,2.212769490152152e-20
164340,0.0,4.534886714140974e-35,9959.330658432025,0.9964229611522911,1.9673148594444336e-20
164400,0.0,3.389728727709533e-35,9959.330658424476,0.99642296115237,1.7223885851555477e-20
164460,0.0,2.2298167796209836e-35,9959.330658416737,0.9964229611524508,1.4780468236479732e-20
164520,0.0,1.0551176977548263e-35,9959.330658408806,0.9964229611525337,1.2343459837754e-20
164580,0.0,-3.2633829379867808e-34,9959.330658276887,0.9964229611539119,-1.4686634923248175e-19
164640,0.0,-3.2471988120595417e-34,9959.330658280034,0.9964229611538791,-1.4712779478445486e-19
164700,0.0,-3.232110311873924e-34,9959.330658283112,0.996422961153847,-1.4744095687761645e-19
164760,0.0,-3.218101291619212e-34,9959.33065828612,0.9964229611538156,-1.4780495237791281e-19
164820,0.0,-3.2051556054846885e-34,9959.33065828906,0.9964229611537848,-1.482188981512894e-19
164880,0.0,-3.1932571076596244e-34,9959.330658291932,0.9964229611537548,-1.4868191106369244e-19
164940,0.0,-3.182389652333311e-34,9959.330658294737,0.9964229611537255,-1.4919310798106823e-19
165000,0.0,-3.172537093695034e-34,9959.330658297475,0.9964229611536969,-1.497516057693625e-19
165060,0.0,-3.1636832859340606e-34,9959.330658300145,0.996422961153669,-1.5035652129452097e-19
165120,0.0,-3.155812083239677e-34,9959.33065830275,0.9964229611536418,-1.5100697142249016e-19
165180,0.0,-3.148907339801173e-34,9959.330658305289,0.9964229611536153,-1.517020730192158e-19
165240,0.0,-3.142952909807822e-34,9959.330658307763,0.9964229611535894,-1.5244094295064364e-19
165300,0.0,-3.137932647448903e-34,9959.330658310171,0.9964229611535642,-1.5322269808272016e-19
165360,0.0,-3.1338304069137044e-34,9959.330658312516,0.9964229611535397,-1.5404645528139114e-19
165420,0.0,-3.1306300423915017e-34,9959.330658314797,0.9964229611535159,-1.5491133141260254e-19
165480,0.0,-3.1283154080715803e-34,9959.330658317014,0.9964229611534927,-1.5581644334230039e-19
165540,0.0,-3.1268703581432223e-34,9959.33065831917,0.9964229611534702,-1.5676090793643064e-19
165600,0.0,-3.1262787467956995e-34,9959.330658321263,0.9964229611534483,-1.5774384206093908e-19
165660,0.0,-3.1265244282183065e-34,9959.330658323293,0.9964229611534271,-1.5876436258177218e-19
165720,0.0,-3.1275912566003153e-34,9959.330658325263,0.9964229611534066,-1.5982158636487563e-19
165780,0.0,-3.1294630861310085e-34,9959.330658327171,0.9964229611533866,-1.6091463027619554e-19
165840,0.0,-3.1321237709996706e-34,9959.33065832902,0.9964229611533673,-1.6204261118167784e-19
165900,0.0,-3.1355571653955835e-34,9959.330658330808,0.9964229611533486,-1.6320464594726876e-19
165960,0.0,-3.139747123508019e-34,9959.330658332537,0.9964229611533305,-1.6439985143891385e-19
166020,0.0,-3.1446774995262725e-34,9959.330658334207,0.9964229611533131,-1.656273445225593e-19
166080,0.0,-3.150332147639615e-34,9959.330658335819,0.9964229611532962,-1.668862420641511e-19
166140,0.0,-3.1566949220373293e-34,9959.330658337372,0.99642296115328,-1.6817566092963557e-19
166200,0.0,-3.1637496769087046e-34,9959.330658338868,0.9964229611532643,-1.6949471798495813e-19
166260,0.0,-3.1714802664430097e-34,9959.330658340306,0.9964229611532494,-1.7084253009606485e-19
166320,0.0,-3.1798705448295336e-34,9959.330658341689,0.9964229611532349,-1.7221821412890236e-19
166380,0.0,-3.1889043662575584e-34,9959.330658343015,0.996422961153221,-1.7362088694941602e-19
166440,0.0,-3.1985655849163567e-34,9959.330658344285,0.9964229611532078,-1.7504966542355223e-19
166500,0.0,-3.2088380549952254e-34,9959.330658345501,0.9964229611531951,-1.7650366641725653e-19
166560,0.0,-3.2197056306834268e-34,9959.330658346662,0.996422961153183,-1.7798200679647541e-19
166620,0.0,-3.2311521661702575e-34,9959.330658347768,0.9964229611531714,-1.794838034271544e-19
166680,0.0,-3.2431615156449913e-34,9959.330658348821,0.9964229611531604,-1.8100817317523996e-19
166740,0.0,-3.255717533296913e-34,9959.33065834982,0.99642296115315,-1.825542329066776e-19
166800,0.0,-3.2688040733153e-34,9959.330658350767,0.9964229611531401,-1.841210994874138e-19
166860,0.0,-3.2824049898894337e-34,9959.330658351662,0.9964229611531307,-1.8570788978339428e-19
166920,0.0,-3.296504137208602e-34,9959.330658352505,0.9964229611531219,-1.8731372066056483e-19
166980,0.0,-3.3110853694620766e-34,9959.330658353296,0.9964229611531137,-1.889377089848719e-19
167040,0.0,-3.326132540839145e-34,9959.330658354038,0.9964229611531059,-1.9057897162226108e-19
167100,0.0,-3.341629505529089e-34,9959.330658354727,0.9964229611530987,-1.9223662543867875e-19
167160,0.0,-3.3575601177211864e-34,9959.330658355368,0.996422961153092,-1.939097873000707e-19
167220,0.0,-3.3739082316047216e-34,9959.330658355959,0.9964229611530858,-1.9559757407238293e-19
167280,0.0,-3.3906577013689715e-34,9959.3306583565,0.9964229611530802,-1.972991026215614e-19
167340,0.0,-3.4077923812032226e-34,9959.330658356996,0.9964229611530749,-1.990134898135524e-19
167400,0.0,-3.4252961252967516e-34,9959.330658357441,0.9964229611530703,-2.00739852514301e-19
167460,0.0,-3.44315278783884e-34,9959.33065835784,0.9964229611530662,-2.024773075897545e-19
167520,0.0,-3.4613462230187762e-34,9959.33065835819,0.9964229611530625,-2.0422497190585785e-19
167580,0.0,-3.479860285025831e-34,9959.330658358494,0.9964229611530593,-2.0598196232855782e-19
167640,0.0,-3.498678828049296e-34,9959.330658358753,0.9964229611530566,-2.0774739572379968e-19
167700,0.0,-3.5177857062784443e-34,9959.330658358967,0.9964229611530544,-2.0952038895752989e-19
167760,0.0,-3.5371647739025595e-34,9959.330658359135,0.9964229611530526,-2.113000588956948e-19
167820,0.0,-3.556799885110925e-34,9959.330658359258,0.9964229611530513,-2.1308552240423933e-19
167880,0.0,-3.5766748940928186e-34,9959.330658359337,0.9964229611530505,-2.1487589634911046e-19
167940,0.0,-3.5967736550375223e-34,9959.330658359373,0.9964229611530502,-2.1667029759625345e-19
168000,0.0,-3.617080022134323e-34,9959.330658359366,0.9964229611530502,-2.18467843011615e-19
168060,0.0,-3.637577849572496e-34,9959.330658359315,0.9964229611530507,-2.202676494611406e-19
168120,0.0,-3.6582509915413208e-34,9959.330658359222,0.9964229611530517,-2.220688338107764e-19
168180,0.0,-3.6790833022300863e-34,9959.33065835909,0.9964229611530531,-2.238705129264685e-19
168240,0.0,-3.7000586358280682e-34,9959.330658358913,0.996422961153055,-2.2567180367416287e-19
168300,0.0,-3.721160846524551e-34,9959.330658358696,0.9964229611530572,-2.274718229198052e-19
168360,0.0,-3.7423737885088066e-34,9959.33065835844,0.9964229611530598,-2.292696875293417e-19
168420,0.0,-3.763681315970129e-34,9959.330658358143,0.996422961153063,-2.310645143687186e-19
168480,0.0,-3.7850672830977935e-34,9959.330658357809,0.9964229611530665,-2.3285542030388153e-19
168540,0.0,-3.806515544081084e-34,9959.330658357434,0.9964229611530704,-2.3464152220077672e-19
168600,0.0,-3.828009953109276e-34,9959.330658357021,0.9964229611530747,-2.364219369253501e-19
168660,0.0,-3.8495343643716564e-34,9959.33065835657,0.9964229611530794,-2.3819578134354747e-19
168720,0.0,-3.871072632057503e-34,9959.33065835608,0.9964229611530845,-2.3996217232131513e-19
168780,0.0,-3.892608610356101e-34,9959.330658355557,0.99642296115309,-2.4172022672459877e-19
168840,0.0,-3.914126153456728e-34,9959.330658354995,0.9964229611530959,-2.434690614193449e-19
168900,0.0,-3.935609115548668e-34,9959.330658354396,0.9964229611531021,-2.4520779327149886e-19
168960,0.0,-3.957041350821195e-34,9959.330658353763,0.9964229611531088,-2.46935539147007e-19
169020,0.0,-3.9784067134636016e-34,9959.330658353094,0.9964229611531157,-2.486514159118154e-19
169080,0.0,-3.9996890576651626e-34,9959.330658352392,0.9964229611531231,-2.503545404318697e-19
169140,0.0,-4.02087223761516e-34,9959.330658351655,0.9964229611531308,-2.5204402957311636e-19
169200,0.0,-4.041940107502874e-34,9959.330658350884,0.9964229611531389,-2.537190002015011e-19
169260,0.0,-4.062876521517588e-34,9959.33065835008,0.9964229611531472,-2.553785691829698e-19
169320,0.0,-4.0836653338485805e-34,9959.330658349245,0.996422961153156,-2.570218533834687e-19
169380,0.0,-4.104290398685139e-34,9959.330658348375,0.9964229611531651,-2.5864796966894375e-19
169440,0.0,-4.1247355702165375e-34,9959.330658347475,0.9964229611531744,-2.602560349053407e-19
169500,0.0,-4.144984702632061e-34,9959.330658346544,0.9964229611531842,-2.6184516595860585e-19
169560,0.0,-4.1650216501209885e-34,9959.330658345581,0.9964229611531943,-2.6341447969468513e-19
169620,0.0,-4.184830266872601e-34,9959.330658344588,0.9964229611532046,-2.6496309297952445e-19
169680,0.0,-4.204394407076186e-34,9959.330658343566,0.9964229611532153,-2.6649012267906986e-19
169740,0.0,-4.223697924921017e-34,9959.330658342515,0.9964229611532263,-2.679946856592673e-19
169800,0.0,-4.242724674596379e-34,9959.330658341434,0.9964229611532376,-2.694758987860629e-19
169860,0.0,-4.261458510291555e-34,9959.330658340326,0.9964229611532491,-2.709328789254023e-19
169920,0.0,-4.279883286195822e-34,9959.33065833919,0.996422961153261,-2.7236474294323207e-19
169980,0.0,-4.297982856498462e-34,9959.330658338025,0.9964229611532732,-2.7377060770549763e-19
170040,0.0,-4.3157410753887595e-34,9959.330658336834,0.9964229611532857,-2.7514959007814536e-19
170100,0.0,-4.333141797055993e-34,9959.330658335617,0.9964229611532983,-2.7650080692712104e-19
170160,0.0,-4.3501688756894445e-34,9959.330658334373,0.9964229611533113,-2.7782337511837086e-19
170220,0.0,-4.366806165478394e-34,9959.330658333105,0.9964229611533246,-2.7911641151784066e-19
170280,0.0,-4.3830375206121255e-34,9959.33065833181,0.9964229611533382,-2.8037903299147646e-19
170340,0.0,-4.3988467952799195e-34,9959.330658330493,0.9964229611533519,-2.8161035640522424e-19
170400,0.0,-4.4142178436710545e-34,9959.33065832915,0.9964229611533659,-2.8280949862503006e-19
170460,0.0,-4.429134519974816e-34,9959.330658327784,0.9964229611533802,-2.8397557651684e-19
170520,0.0,-4.443580678380482e-34,9959.330658326395,0.9964229611533947,-2.851077069465997e-19
170580,0.0,-4.457540173077335e-34,9959.330658324983,0.9964229611534094,-2.8620500678025556e-19
170640,0.0,-4.470996858254657e-34,9959.33065832355,0.9964229611534244,-2.8726659288375334e-19
170700,0.0,-4.483934588101727e-34,9959.330658322095,0.9964229611534396,-2.882915821230392e-19
170760,0.0,-4.4963372168078276e-34,9959.330658320618,0.9964229611534551,-2.8927909136405897e-19
170820,0.0,-4.508188598562239e-34,9959.33065831912,0.9964229611534707,-2.9022823747275866e-19
170880,0.0,-4.519472587554246e-34,9959.330658317602,0.9964229611534866,-2.9113813731508445e-19
170940,0.0,-4.530173037973127e-34,9959.330658316065,0.9964229611535026,-2.9200790775698203e-19
171000,0.0,-4.540273804008163e-34,9959.33065831451,0.9964229611535189,-2.9283666566439764e-19
171060,0.0,-4.549758739848636e-34,9959.330658312934,0.9964229611535353,-2.9362352790327725e-19
171120,0.0,-4.558611699683828e-34,9959.33065831134,0.996422961153552,-2.943676113395667e-19
171180,0.0,-4.566816537703018e-34,9959.33065830973,0.9964229611535689,-2.9506803283921227e-19
171240,0.0,-4.57435710809549e-34,9959.3306583081,0.9964229611535859,-2.9572390926815965e-19
171300,0.0,-4.581217265050524e-34,9959.330658306453,0.9964229611536031,-2.9633435749235497e-19
171360,0.0,-4.587380862757401e-34,9959.330658304792,0.9964229611536204,-2.9689849437774417e-19
171420,0.0,-4.592831755405403e-34,9959.330658303114,0.9964229611536379,-2.9741543679027337e-19
171480,0.0,-4.597553797183809e-34,9959.33065830142,0.9964229611536557,-2.9788430159588836e-19
171540,0.0,-4.601530842281904e-34,9959.330658299712,0.9964229611536736,-2.9830420566053543e-19
171600,0.0,-4.6047467448889665e-34,9959.33065829799,0.9964229611536916,-2.986742658501603e-19
171660,0.0,-4.607185359194278e-34,9959.330658296252,0.9964229611537097,-2.989935990307091e-19
171720,0.0,-4.608830539387121e-34,9959.330658294502,0.996422961153728,-2.9926132206812775e-19
171780,0.0,-4.609666139656776e-34,9959.33065829274,0.9964229611537464,-2.994765518283624e-19
171840,0.0,-4.609676014192525e-34,9959.330658290963,0.9964229611537649,-2.9963840517735886e-19
171900,0.0,-4.608844017183649e-34,9959.330658289175,0.9964229611537836,-2.997459989810631e-19
171960,0.0,-4.607154002819427e-34,9959.330658287376,0.9964229611538025,-2.997984501054213e-19
172020,0.0,-4.604589825289143e-34,9959.330658285564,0.9964229611538213,-2.997948754163794e-19
172080,0.0,-4.6011353387820775e-34,9959.330658283743,0.9964229611538403,-2.9973439177988333e-19
172140,0.0,-4.596774397487512e-34,9959.330658281911,0.9964229611538595,-2.9961611606187917e-19
172200,0.0,-4.5914908555947275e-34,9959.33065828007,0.9964229611538787,-2.994391651283128e-19
172260,0.0,-4.585268567293004e-34,9959.33065827822,0.9964229611538981,-2.992026558451303e-19
172320,0.0,-4.578091386771626e-34,9959.330658276362,0.9964229611539175,-2.989057050782776e-19
172380,0.0,-4.56994316821987e-34,9959.330658274494,0.996422961153937,-2.9854742969370076e-19
172440,0.0,-4.560807765827023e-34,9959.330658272618,0.9964229611539567,-2.9812694655734574e-19
172500,0.0,-4.550669033782361e-34,9959.330658270736,0.9964229611539763,-2.9764337253515857e-19
172560,0.0,-4.5395108262751685e-34,9959.330658268846,0.9964229611539961,-2.970958244930852e-19
172620,0.0,-4.527316997494726e-34,9959.33065826695,0.9964229611540159,-2.9648341929707166e-19
172680,0.0,-4.514071401630314e-34,9959.33065826505,0.9964229611540357,-2.958052738130639e-19
172740,0.0,-4.499757892871215e-34,9959.330658263141,0.9964229611540556,-2.95060504907008e-19
172800,0.0,-4.484360325406709e-34,9959.33065826123,0.9964229611540756,-2.942482294448499e-19
172860,0.0,-4.467862553426077e-34,9959.330658259314,0.9964229611540957,-2.933675642925355e-19
172920,0.0,-4.450248431118603e-34,9959.330658257393,0.9964229611541157,-2.92417626316011e-19
172980,0.0,-4.4315018126735645e-34,9959.33065825547,0.9964229611541358,-2.913975323812222e-19
173040,0.0,-4.411606552280246e-34,9959.330658253542,0.996422961154156,-2.9030639935411516e-19
173100,0.0,-4.390546504127927e-34,9959.330658251614,0.9964229611541761,-2.8914334410063595e-19
173160,0.0,-4.3683055224058885e-34,9959.330658249683,0.9964229611541963,-2.8790748348673054e-19
173220,0.0,-4.344867461303413e-34,9959.330658247749,0.9964229611542165,-2.865979343783448e-19
173280,0.0,-4.320216175009781e-34,9959.330658245815,0.9964229611542367,-2.852138136414249e-19
173340,0.0,-4.294335517714274e-34,9959.330658243882,0.9964229611542569,-2.837542381419167e-19
173400,0.0,-4.2672093436061734e-34,9959.330658241946,0.9964229611542771,-2.8221832474576627e-19
173460,0.0,-4.2388215068747596e-34,9959.330658240013,0.9964229611542973,-2.806051903189196e-19
173520,0.0,-4.209155861709315e-34,9959.33065823808,0.9964229611543175,-2.7891395172732266e-19
173580,0.0,-4.17819626229912e-34,9959.330658236146,0.9964229611543377,-2.771437258369214e-19
173640,0.0,-4.145926562833457e-34,9959.330658234216,0.9964229611543579,-2.752936295136619e-19
173700,0.0,-4.112330617501607e-34,9959.330658232288,0.996422961154378,-2.7336277962349014e-19
173760,0.0,-4.0773922804928495e-34,9959.330658230363,0.9964229611543981,-2.713502930323521e-19
173820,0.0,-4.041095405996468e-34,9959.33065822844,0.9964229611544182,-2.692552866061937e-19
173880,0.0,-4.003423848201741e-34,9959.330658226521,0.9964229611544383,-2.670768772109611e-19
173940,0.0,-3.9643614612979535e-34,9959.330658224608,0.9964229611544583,-2.648141817126001e-19
174000,0.0,-3.923892099474384e-34,9959.330658222698,0.9964229611544783,-2.624663169770569e-19
174060,0.0,-3.8819996169203145e-34,9959.330658220793,0.9964229611544981,-2.600323998702773e-19
174120,0.0,-3.8386678678250262e-34,9959.330658218894,0.996422961154518,-2.5751154725820743e-19
174180,0.0,-3.793880706377801e-34,9959.330658217003,0.9964229611545378,-2.5490287600679324e-19
174240,0.0,-3.7476219867679194e-34,9959.330658215116,0.9964229611545575,-2.522055029819807e-19
174300,0.0,-3.6998755631846632e-34,9959.330658213237,0.9964229611545771,-2.4941854504971585e-19
174360,0.0,-3.6506252898173135e-34,9959.330658211366,0.9964229611545967,-2.465411190759447e-19
174420,0.0,-3.5998550208551507e-34,9959.330658209501,0.9964229611546161,-2.4357234192661313e-19
174480,0.0,-3.547548610487458e-34,9959.330658207646,0.9964229611546356,-2.4051133046766726e-19
174540,0.0,-3.4936899129035146e-34,9959.3306582058,0.9964229611546548,-2.37357201565053e-19
174600,0.0,-3.438262782292603e-34,9959.330658203964,0.996422961154674,-2.341090720847164e-19
174660,0.0,-3.3812510728440043e-34,9959.330658202136,0.9964229611546931,-2.3076605889260347e-19
174720,0.0,-3.322638638746999e-34,9959.33065820032,0.9964229611547121,-2.273272788546601e-19
174780,0.0,-3.262409334190869e-34,9959.330658198514,0.996422961154731,-2.237918488368324e-19
174840,0.0,-3.2005470133648957e-34,9959.33065819672,0.9964229611547497,-2.201588857050663e-19
174900,0.0,-3.13703553045836e-34,9959.330658194938,0.9964229611547684,-2.1642750632530783e-19
174960,0.0,-3.0718587396605435e-34,9959.330658193168,0.9964229611547868,-2.12596827563503e-19
175020,0.0,-3.0050004951607277e-34,9959.330658191411,0.9964229611548052,-2.0866596628559776e-19
175080,0.0,-2.936444651148193e-34,9959.330658189667,0.9964229611548234,-2.046340393575381e-19
175140,0.0,-2.8661750618122207e-34,9959.330658187937,0.9964229611548415,-2.0050016364527004e-19
175200,0.0,-2.7941755813420933e-34,9959.33065818622,0.9964229611548594,-1.962634560147396e-19
175260,0.0,-2.720430063927091e-34,9959.330658184519,0.9964229611548772,-1.919230333318927e-19
175320,0.0,-2.6449223637564945e-34,9959.330658182833,0.9964229611548948,-1.874780124626754e-19
175380,0.0,-2.567636335019587e-34,9959.330658181163,0.9964229611549122,-1.829275102730337e-19
175440,0.0,-2.4885558319056485e-34,9959.330658179508,0.9964229611549296,-1.7827064362891353e-19
175500,0.0,-2.4076647086039595e-34,9959.33065817787,0.9964229611549467,-1.7350652939626093e-19
175560,0.0,-2.3249468193038027e-34,9959.33065817625,0.9964229611549636,-1.6863428444102189e-19
175620,0.0,-2.2403860181944585e-34,9959.330658174647,0.9964229611549804,-1.6365302562914243e-19
175680,0.0,-2.1539661594652092e-34,9959.330658173061,0.996422961154997,-1.585618698265685e-19
175740,0.0,-2.065671097305335e-34,9959.330658171495,0.9964229611550133,-1.533599338992461e-19
175800,0.0,-1.9754846859041173e-34,9959.330658169947,0.9964229611550295,-1.4804633471312124e-19
175860,0.0,-1.8833907794508376e-34,9959.33065816842,0.9964229611550455,-1.4262018913413994e-19
175920,0.0,-1.789373232134777e-34,9959.330658166911,0.9964229611550612,-1.3708061402824813e-19
175980,0.0,-1.6934158981452175e-34,9959.330658165425,0.9964229611550768,-1.3142672626139185e-19
176040,0.0,-1.5955026316714391e-34,9959.330658163957,0.9964229611550921,-1.256576426995171e-19
176100,0.0,-1.495617286902724e-34,9959.330658162513,0.9964229611551072,-1.1977248020856986e-19
176160,0.0,-1.3937437180283532e-34,9959.330658161089,0.9964229611551221,-1.1377035565449612e-19
176220,0.0,-1.289865779237608e-34,9959.330658159688,0.9964229611551367,-1.0765038590324189e-19
176280,0.0,-1.1839673247197695e-34,9959.33065815831,0.996422961155151,-1.0141168782075314e-19
176340,0.0,-1.076032208664119e-34,9959.330658156954,0.9964229611551653,-9.50533782729759e-20
176400,0.0,-9.660442852599378e-35,9959.330658155624,0.9964229611551791,-8.857457412585613e-20
176460,0.0,-8.539874086965074e-35,9959.330658154317,0.9964229611551928,-8.197439224533983e-20
176520,0.0,-7.398454331631086e-35,9959.330658153034,0.9964229611552062,-7.525194949737303e-20
176580,0.0,-6.236022128490232e-35,9959.330658151779,0.9964229611552193,-6.840636274790169e-20
176640,0.0,-5.052416019435319e-35,9959.330658150548,0.9964229611552322,-6.143674886287182e-20
176700,0.0,-3.847474546359164e-35,9959.330658149342,0.9964229611552448,-5.43422247082294e-20
176760,0.0,-2.621036251154578e-35,9959.330658148165,0.9964229611552571,-4.712190714992043e-20
176820,0.0,-1.3729396757143737e-35,9959.330658147013,0.9964229611552692,-3.977491305389092e-20
176880,0.0,-1.0302336193136322e-36,9959.33065814589,0.996422961155281,-3.2300359286086844e-20
176940,0.0,-3.936833737975056e-35,9959.33065813374,0.9964229611554077,-5.372409150547657e-20
177000,0.0,-8.40995569075661e-35,9959.330658120196,0.9964229611555492,-7.876429309884935e-20
177060,0.0,-1.288997188649077e-34,9959.330658106615,0.9964229611556911,-1.038396350233778e-19
177120,0.0,-1.7376770004585937e-34,9959.330658093004,0.9964229611558333,-1.289495124092731e-19
177180,0.0,-2.18702377244516e-34,9959.330658079358,0.996422961155976,-1.5409332038675877e-19
177240,0.0,-2.6370262725496166e-34,9959.330658065679,0.9964229611561188,-1.7927045408605212e-19
177300,0.0,-3.0876732687131297e-34,9959.330658051967,0.996422961156262,-2.0448030863735835e-19
177360,0.0,-3.538953528876539e-34,9959.330658038225,0.9964229611564056,-2.2972227917091917e-19
177420,0.0,-3.990855820980794e-34,9959.33065802445,0.9964229611565496,-2.5499576081693974e-19
177480,0.0,-4.4433689129668445e-34,9959.330658010644,0.9964229611566938,-2.803001487056313e-19
177540,0.0,-4.896481572775638e-34,9959.330657996807,0.9964229611568384,-3.0563483796721736e-19
177600,0.0,-5.350182568348126e-34,9959.330657982939,0.9964229611569833,-3.309992237319091e-19
177660,0.0,-5.804460667625362e-34,9959.330657969042,0.9964229611571285,-3.5639270112993005e-19
177720,0.0,-6.259304638547975e-34,9959.330657955114,0.996422961157274,-3.8181466529149747e-19
177780,0.0,-6.714703249057342e-34,9959.330657941156,0.9964229611574198,-4.0726451134682873e-19
177840,0.0,-7.170645267094197e-34,9959.33065792717,0.9964229611575659,-4.327416344261412e-19
177900,0.0,-7.627119460599279e-34,9959.330657913155,0.9964229611577123,-4.582454296596461e-19
177960,0.0,-8.084114597514066e-34,9959.330657899112,0.9964229611578591,-4.837752921775671e-19
178020,0.0,-8.541619445778976e-34,9959.33065788504,0.9964229611580061,-5.093306171101212e-19
178080,0.0,-8.999622773335276e-34,9959.330657870943,0.9964229611581534,-5.34910799587526e-19
178140,0.0,-9.458113348123812e-34,9959.330657856817,0.996422961158301,-5.605152347399926e-19
178200,0.0,-9.917079938085426e-34,9959.330657842664,0.9964229611584489,-5.861433176977565e-19
178260,0.0,-1.0376511311161381e-33,9959.330657828485,0.996422961158597,-6.1179444359101115e-19
178320,0.0,-1.0836396235292208e-33,9959.33065781428,0.9964229611587454,-6.374680075499798e-19
178380,0.0,-1.129672347841917e-33,9959.330657800048,0.9964229611588941,-6.631634047048918e-19
178440,0.0,-1.1757481808483217e-33,9959.330657785793,0.996422961159043,-6.888800301859583e-19
178500,0.0,-1.2218659993425086e-33,9959.330657771512,0.9964229611591923,-7.146172791233911e-19
178560,0.0,-1.2680246801185834e-33,9959.330657757206,0.9964229611593417,-7.4037454664741315e-19
178620,0.0,-1.3142230999706407e-33,9959.330657742876,0.9964229611594915,-7.6615122788824195e-19
178680,0.0,-1.3604601356927755e-33,9959.330657728522,0.9964229611596415,-7.919467179760949e-19
178740,0.0,-1.4067346640791037e-33,9959.330657714145,0.9964229611597917,-8.177604120411833e-19
178800,0.0,-1.4530455619236781e-33,9959.330657699744,0.9964229611599421,-8.4359170521373055e-19
178860,0.0,-1.4993917060206152e-33,9959.330657685321,0.9964229611600928,-8.69439992623954e-19
178920,0.0,-1.5457719731640195e-33,9959.330657670875,0.9964229611602438,-8.953046694020765e-19
178980,0.0,-1.5921852401479655e-33,9959.330657656408,0.9964229611603949,-9.211851306782985e-19
179040,0.0,-1.638630383766569e-33,9959.330657641918,0.9964229611605463,-9.470807715828483e-19
179100,0.0,-1.685106280813914e-33,9959.330657627408,0.9964229611606978,-9.729909872459497e-19
179160,0.0,-1.7316118080840857e-33,9959.330657612876,0.9964229611608497,-9.989151727978082e-19
179220,0.0,-1.77814584237122e-33,9959.330657598324,0.9964229611610017,-1.0248527233686465e-18
179280,0.0,-1.8247072604693395e-33,9959.330657583752,0.9964229611611539,-1.0508030340886828e-18
179340,0.0,-1.8712949391726114e-33,9959.330657569162,0.9964229611613065,-1.076765500088128e-18
179400,0.0,-1.9179077552750895e-33,9959.33065755455,0.9964229611614591,-1.1027395164972e-18
179460,0.0,-1.9645445855708785e-33,9959.33065753992,0.9964229611616119,-1.128724478446127e-18
179520,0.0,-2.011204306854084e-33,9959.330657525272,0.996422961161765,-1.154719781065121e-18
179580,0.0,-2.0578857959187805e-33,9959.330657510605,0.9964229611619182,-1.1807248194843995e-18
179640,0.0,-2.104587929559073e-33,9959.33065749592,0.9964229611620716,-1.2067389888341796e-18
179700,0.0,-2.1513095845690663e-33,9959.330657481218,0.9964229611622253,-1.2327616842446673e-18
179760,0.0,-2.1980496377428354e-33,9959.330657466498,0.996422961162379,-1.258792300846097e-18
179820,0.0,-2.244806965874495e-33,9959.330657451761,0.996422961162533,-1.2848302337686803e-18
179880,0.0,-2.2915804457581304e-33,9959.330657437009,0.9964229611626871,-1.3108748781426347e-18
179940,0.0,-2.3383689541878265e-33,9959.33065742224,0.9964229611628415,-1.3369256290981719e-18
180000,0.0,-2.3851713679577078e-33,9959.330657407456,0.9964229611629959,-1.362981881765515e-18
180060,0.0,-2.4319865638618293e-33,9959.330657392657,0.9964229611631505,-1.3890430312748808e-18
180120,0.0,-2.478813418694316e-33,9959.33065737784,0.9964229611633053,-1.4151084727564816e-18
180180,0.0,-2.5256508092492628e-33,9959.330657363013,0.9964229611634603,-1.4411776013405458e-18
180240,0.0,-2.5724976123207343e-33,9959.33065734817,0.9964229611636153,-1.4672498121572794e-18
180300,0.0,-2.6193527047028662e-33,9959.330657333312,0.9964229611637706,-1.4933245003369058e-18
180360,0.0,-2.6662149631897225e-33,9959.330657318442,0.9964229611639259,-1.5194010610096474e-18
180420,0.0,-2.7130832645754086e-33,9959.330657303559,0.9964229611640815,-1.545478889305705e-18
180480,0.0,-2.7599564856540293e-33,9959.330657288661,0.9964229611642371,-1.5715573803553072e-18
180540,0.0,-2.80683350321965e-33,9959.330657273753,0.9964229611643929,-1.597635929288666e-18
180600,0.0,-2.8537131940664042e-33,9959.330657258834,0.9964229611645488,-1.6237139312360147e-18
180660,0.0,-2.900594434988378e-33,9959.330657243901,0.9964229611647047,-1.6497907813275545e-18
180720,0.0,-2.9474761027796263e-33,9959.330657228958,0.9964229611648608,-1.6758658746935084e-18
180780,0.0,-2.994357074234303e-33,9959.330657214003,0.996422961165017,-1.701938606464088e-18
180840,0.0,-3.0412362261464546e-33,9959.33065719904,0.9964229611651735,-1.7280083717695163e-18
180900,0.0,-3.0881124353102046e-33,9959.330657184064,0.9964229611653299,-1.7540745657400046e-18
180960,0.0,-3.134984578519638e-33,9959.330657169081,0.9964229611654865,-1.7801365835057826e-18
181020,0.0,-3.181851532568841e-33,9959.330657154087,0.9964229611656431,-1.8061938201970604e-18
181080,0.0,-3.2287121742519374e-33,9959.330657139084,0.9964229611657999,-1.8322456709440565e-18
181140,0.0,-3.275565380362992e-33,9959.330657124074,0.9964229611659567,-1.858291530876977e-18
181200,0.0,-3.32241002769611e-33,9959.330657109054,0.9964229611661136,-1.8843307951260563e-18
181260,0.0,-3.369244993045396e-33,9959.330657094026,0.9964229611662706,-1.9103628588214994e-18
181320,0.0,-3.416069153204926e-33,9959.330657078992,0.9964229611664277,-1.9363871170935355e-18
181380,0.0,-3.462881384968814e-33,9959.33065706395,0.9964229611665849,-1.9624029650723766e-18
181440,0.0,-3.509680565131134e-33,9959.330657048902,0.9964229611667421,-1.9884097978882346e-18
181500,0.0,-3.556465570485993e-33,9959.330657033846,0.9964229611668993,-2.0144070106713316e-18
181560,0.0,-3.6032352778274944e-33,9959.330657018787,0.9964229611670568,-2.0403939985518804e-18
181620,0.0,-3.649988563949713e-33,9959.33065700372,0.9964229611672142,-2.066370156660103e-18
181680,0.0,-3.6967243056467655e-33,9959.330656988648,0.9964229611673716,-2.0923348801262174e-18
181740,0.0,-3.743441379712734e-33,9959.330656973572,0.9964229611675292,-2.1182875640804402e-18
181800,0.0,-3.790138662941715e-33,9959.330656958491,0.9964229611676867,-2.1442276036529947e-18
181860,0.0,-3.8368150321278044e-33,9959.330656943406,0.9964229611678443,-2.1701543939740823e-18
181920,0.0,-3.883469364065096e-33,9959.330656928318,0.996422961168002,-2.1960673301739306e-18
181980,0.0,-3.930100535547684e-33,9959.330656913226,0.9964229611681596,-2.2219658073827576e-18
182040,0.0,-3.9767074233696646e-33,9959.33065689813,0.9964229611683173,-2.2478492207307744e-18
182100,0.0,-4.0232889043251225e-33,9959.330656883032,0.9964229611684751,-2.273716965348215e-18
182160,0.0,-4.069843855208181e-33,9959.330656867933,0.9964229611686328,-2.2995684363652806e-18
182220,0.0,-4.116371152812916e-33,9959.33065685283,0.9964229611687906,-2.3254030289121883e-18
182280,0.0,-4.162869673933405e-33,9959.330656837727,0.9964229611689485,-2.351220138119156e-18
182340,0.0,-4.209338295363787e-33,9959.330656822622,0.9964229611691062,-2.377019159116411e-18
182400,0.0,-4.255775893898104e-33,9959.330656807517,0.9964229611692641,-2.402799487034166e-18
182460,0.0,-4.302181346330495e-33,9959.330656792412,0.9964229611694219,-2.4285605170026326e-18
182520,0.0,-4.348553529455038e-33,9959.330656777305,0.9964229611695797,-2.454301644152039e-18
182580,0.0,-4.394891320065817e-33,9959.3306567622,0.9964229611697375,-2.4800222636125917e-18
182640,0.0,-4.441193594956947e-33,9959.330656747095,0.9964229611698954,-2.5057217705145134e-18
182700,0.0,-4.487459230922513e-33,9959.330656731992,0.9964229611700531,-2.5313995599880167e-18
182760,0.0,-4.53368710475661e-33,9959.33065671689,0.9964229611702109,-2.5570550271633237e-18
182820,0.0,-4.579876093253332e-33,9959.33065670179,0.9964229611703687,-2.582687567170657e-18
182880,0.0,-4.626025073206775e-33,9959.330656686692,0.9964229611705264,-2.6082965751402234e-18
182940,0.0,-4.6721329214110436e-33,9959.330656671596,0.9964229611706842,-2.6338814462022405e-18
183000,0.0,-4.718198514660203e-33,9959.330656656504,0.9964229611708418,-2.659441575486936e-18
183060,0.0,-4.7642207297483776e-33,9959.330656641414,0.9964229611709995,-2.6849763581245166e-18
183120,0.0,-4.810198443469662e-33,9959.330656626329,0.9964229611711571,-2.710485189245206e-18
183180,0.0,-4.856130532618132e-33,9959.330656611248,0.9964229611713147,-2.7359674639792194e-18
183240,0.0,-4.9020158739879014e-33,9959.33065659617,0.9964229611714722,-2.7614225774567762e-18
183300,0.0,-4.947853344373056e-33,9959.3306565811,0.9964229611716297,-2.7868499248080926e-18
183360,0.0,-4.993641820567672e-33,9959.330656566031,0.9964229611717871,-2.8122489011633764e-18
183420,0.0,-5.0393801793658904e-33,9959.33065655097,0.9964229611719445,-2.8376189016528594e-18
183480,0.0,-5.0850672975617593e-33,9959.330656535916,0.9964229611721017,-2.8629593214067546e-18
183540,0.0,-5.130702051949403e-33,9959.330656520866,0.996422961172259,-2.8882695555552844e-18
183600,0.0,-5.176283319322906e-33,9959.330656505825,0.9964229611724161,-2.9135489992286503e-18
183660,0.0,-5.221809976476355e-33,9959.330656490789,0.9964229611725732,-2.9387970475570806e-18
183720,0.0,-5.26728090020387e-33,9959.33065647576,0.9964229611727302,-2.964013095670792e-18
183780,0.0,-5.31269496729952e-33,9959.330656460741,0.9964229611728872,-2.989196538699997e-18
183840,0.0,-5.358051054557401e-33,9959.330656445729,0.9964229611730441,-3.0143467717749234e-18
183900,0.0,-5.403348038771643e-33,9959.330656430726,0.9964229611732007,-3.039463190025783e-18
183960,0.0,-5.4485847967362875e-33,9959.330656415732,0.9964229611733575,-3.0645451885827886e-18
184020,0.0,-5.493760205245472e-33,9959.330656400747,0.996422961173514,-3.089592162576162e-18
184080,0.0,-5.5388731410932684e-33,9959.330656385771,0.9964229611736705,-3.114603507136116e-18
184140,0.0,-5.583922481073777e-33,9959.330656370805,0.9964229611738268,-3.1395786173928776e-18
184200,0.0,-5.628907101981103e-33,9959.33065635585,0.9964229611739831,-3.1645168884766548e-18
184260,0.0,-5.6738258806093246e-33,9959.330656340906,0.9964229611741392,-3.189417715517674e-18
184320,0.0,-5.718677693752552e-33,9959.330656325974,0.9964229611742952,-3.214280493646143e-18
184380,0.0,-5.7634614182048746e-33,9959.330656311053,0.9964229611744512,-3.2391046179922803e-18
184440,0.0,-5.808175930760375e-33,9959.330656296142,0.9964229611746069,-3.263889483686306e-18
184500,0.0,-5.8528201082131766e-33,9959.330656281245,0.9964229611747626,-3.2886344858584392e-18
184560,0.0,-5.897392827357338e-33,9959.33065626636,0.996422961174918,-3.313339019638901e-18
184620,0.0,-5.941892964986981e-33,9959.330656251488,0.9964229611750735,-3.3380024801579e-18
184680,0.0,-5.986319397896201e-33,9959.33065623663,0.9964229611752287,-3.362624262545653e-18
184740,0.0,-6.030671002879066e-33,9959.330656221786,0.9964229611753838,-3.387203761932387e-18
184800,0.0,-6.074946656729698e-33,9959.330656206956,0.9964229611755387,-3.4117403734483054e-18
184860,0.0,-6.11914523624219e-33,9959.33065619214,0.9964229611756935,-3.436233492223639e-18
184920,0.0,-6.163265618210613e-33,9959.330656177339,0.9964229611758482,-3.4606825133886013e-18
184980,0.0,-6.207306679429103e-33,9959.330656162552,0.9964229611760026,-3.485086832073414e-18
185040,0.0,-6.251267296691713e-33,9959.330656147782,0.9964229611761569,-3.50944584340828e-18
185100,0.0,-6.295146346792557e-33,9959.330656133028,0.9964229611763111,-3.533758942523427e-18
185160,0.0,-6.338942706525743e-33,9959.33065611829,0.9964229611764651,-3.558025524549071e-18
185220,0.0,-6.382655252685326e-33,9959.33065610357,0.9964229611766189,-3.5822449846154255e-18
185280,0.0,-6.426282862065443e-33,9959.330656088865,0.9964229611767725,-3.6064167178527166e-18
185340,0.0,-6.469824411460172e-33,9959.330656074178,0.996422961176926,-3.6305401193911534e-18
185400,0.0,-6.513278777663598e-33,9959.33065605951,0.9964229611770792,-3.654614584360961e-18
185460,0.0,-6.55664483746985e-33,9959.33065604486,0.9964229611772323,-3.67863950789235e-18
185520,0.0,-6.599921467672976e-33,9959.330656030228,0.9964229611773852,-3.7026142851155356e-18
185580,0.0,-6.6431075450671e-33,9959.330656015616,0.9964229611775378,-3.72653831116074e-18
185640,0.0,-6.68620194644631e-33,9959.330656001022,0.9964229611776904,-3.750410981158181e-18
185700,0.0,-6.729203548604702e-33,9959.330655986449,0.9964229611778426,-3.77423169023808e-18
185760,0.0,-6.772111228336378e-33,9959.330655971895,0.9964229611779947,-3.797999833530642e-18
185820,0.0,-6.814923862435416e-33,9959.330655957361,0.9964229611781464,-3.8217148061660964e-18
185880,0.0,-6.85764032769592e-33,9959.33065594285,0.9964229611782981,-3.845376003274657e-18
185940,0.0,-6.900259500911994e-33,9959.33065592836,0.9964229611784495,-3.868982819986532e-18
186000,0.0,-6.942780258877713e-33,9959.33065591389,0.9964229611786007,-3.892534651431956e-18
186060,0.0,-6.985201478387193e-33,9959.33065589944,0.9964229611787516,-3.916030892741134e-18
186120,0.0,-7.027522036234509e-33,9959.330655885016,0.9964229611789024,-3.939470939044282e-18
186180,0.0,-7.069740809213773e-33,9959.330655870614,0.9964229611790528,-3.962854185471627e-18
186240,0.0,-7.111856674119074e-33,9959.330655856234,0.996422961179203,-3.9861800271533744e-18
186300,0.0,-7.153868507744504e-33,9959.330655841879,0.996422961179353,-4.009447859219753e-18
186360,0.0,-7.195775186884152e-33,9959.330655827545,0.9964229611795028,-4.032657076800976e-18
186420,0.0,-7.237575588332135e-33,9959.330655813239,0.9964229611796523,-4.055807075027261e-18
186480,0.0,-7.279268588882517e-33,9959.330655798954,0.9964229611798016,-4.0788972490288214e-18
186540,0.0,-7.320853065329425e-33,9959.330655784695,0.9964229611799506,-4.101926993935878e-18
186600,0.0,-7.362327894466928e-33,9959.330655770464,0.9964229611800992,-4.124895704878648e-18
186660,0.0,-7.403691953089133e-33,9959.330655756256,0.9964229611802476,-4.147802776987346e-18
186720,0.0,-7.444944117990138e-33,9959.330655742075,0.9964229611803959,-4.170647605392201e-18
186780,0.0,-7.48608326596402e-33,9959.33065572792,0.9964229611805437,-4.1934295852234144e-18
186840,0.0,-7.527108273804899e-33,9959.330655713791,0.9964229611806913,-4.216148111611211e-18
186900,0.0,-7.56801801830685e-33,9959.33065569969,0.9964229611808386,-4.238802579685803e-18
186960,0.0,-7.608811376263983e-33,9959.330655685617,0.9964229611809857,-4.2613923845774185e-18
187020,0.0,-7.649487224470392e-33,9959.33065567157,0.9964229611811324,-4.2839169214162645e-18
187080,0.0,-7.690044439720142e-33,9959.330655657554,0.9964229611812789,-4.306375585332568e-18
187140,0.0,-7.730481898807375e-33,9959.330655643565,0.996422961181425,-4.328767771456537e-18
187200,0.0,-7.770798478526146e-33,9959.330655629605,0.9964229611815709,-4.35109287491839e-18
187260,0.0,-7.810993055670572e-33,9959.330655615675,0.9964229611817165,-4.373350290848352e-18
187320,0.0,-7.851064507034742e-33,9959.330655601774,0.9964229611818617,-4.3955394143766316e-18
187380,0.0,-7.89101170941275e-33,9959.330655587904,0.9964229611820066,-4.4176596406334504e-18
187440,0.0,-7.930833539598692e-33,9959.330655574064,0.9964229611821512,-4.439710364749031e-18
187500,0.0,-7.970528874386671e-33,9959.330655560256,0.9964229611822955,-4.461690981853578e-18
187560,0.0,-8.010096590570764e-33,9959.330655546477,0.9964229611824394,-4.4836008870773194e-18
187620,0.0,-8.049535564945075e-33,9959.33065553273,0.996422961182583,-4.505439475550467e-18
187680,0.0,-8.088844674303706e-33,9959.330655519017,0.9964229611827263,-4.52720614240324e-18
187740,0.0,-8.128022795440739e-33,9959.330655505337,0.9964229611828692,-4.548900282765858e-18
187800,0.0,-8.167068805150279e-33,9959.330655491687,0.9964229611830119,-4.570521291768535e-18
187860,0.0,-8.205981580226411e-33,9959.330655478072,0.9964229611831541,-4.5920685645414866e-18
187920,0.0,-8.244759997463244e-33,9959.33065546449,0.996422961183296,-4.613541496214935e-18
187980,0.0,-8.283402933654862e-33,9959.33065545094,0.9964229611834375,-4.6349394819191e-18
188040,0.0,-8.321909265595357e-33,9959.330655437427,0.9964229611835788,-4.6562619167841876e-18
188100,0.0,-8.360277870078843e-33,9959.330655423948,0.9964229611837196,-4.677508195940422e-18
188160,0.0,-8.398507623899386e-33,9959.330655410502,0.9964229611838601,-4.698677714518031e-18
188220,0.0,-8.436597403851104e-33,9959.330655397094,0.9964229611840002,-4.719769867647214e-18
188280,0.0,-8.474546086728083e-33,9959.33065538372,0.9964229611841399,-4.740784050458196e-18
188340,0.0,-8.512352549324422e-33,9959.330655370382,0.9964229611842793,-4.761719658081192e-18
188400,0.0,-8.550015668434208e-33,9959.330655357082,0.9964229611844182,-4.782576085646426e-18
188460,0.0,-8.587534320851545e-33,9959.330655343818,0.9964229611845568,-4.803352728284108e-18
188520,0.0,-8.624907383370521e-33,9959.330655330592,0.996422961184695,-4.824048981124459e-18
188580,0.0,-8.662133732785248e-33,9959.330655317402,0.9964229611848328,-4.844664239297697e-18
188640,0.0,-8.699212245889785e-33,9959.330655304251,0.9964229611849702,-4.865197897934039e-18
188700,0.0,-8.736141799478262e-33,9959.330655291138,0.9964229611851072,-4.885649352163702e-18
188760,0.0,-8.772921270344762e-33,9959.330655278063,0.9964229611852438,-4.9060179971168956e-18
188820,0.0,-8.809549535283369e-33,9959.330655265028,0.99642296118538,-4.9263032279238486e-18
188880,0.0,-8.846025471088196e-33,9959.330655252033,0.9964229611855158,-4.946504439714776e-18
188940,0.0,-8.882347954553326e-33,9959.330655239077,0.9964229611856511,-4.966621027619897e-18
189000,0.0,-8.918515862472858e-33,9959.330655226162,0.9964229611857861,-4.986652386769418e-18
189060,0.0,-8.954528071640886e-33,9959.330655213287,0.9964229611859206,-5.006597912293565e-18
189120,0.0,-8.990383458851504e-33,9959.330655200452,0.9964229611860547,-5.0264569993225545e-18
189180,0.0,-9.026080900898809e-33,9959.33065518766,0.9964229611861883,-5.0462290429866045e-18
189240,0.0,-9.061619274576893e-33,9959.330655174908,0.9964229611863216,-5.065913438415931e-18
189300,0.0,-9.096997456679852e-33,9959.3306551622,0.9964229611864543,-5.085509580740749e-18
189360,0.0,-9.13221432400179e-33,9959.330655149533,0.9964229611865867,-5.105016865091279e-18
189420,0.0,-9.167268753336783e-33,9959.33065513691,0.9964229611867186,-5.1244346865977374e-18
189480,0.0,-9.202159621478938e-33,9959.33065512433,0.99642296118685,-5.143762440390342e-18
189540,0.0,-9.236885805222354e-33,9959.330655111793,0.996422961186981,-5.162999521599314e-18
189600,0.0,-9.271446181361107e-33,9959.330655099298,0.9964229611871115,-5.1821453253548604e-18
189660,0.0,-9.305839626689324e-33,9959.330655086851,0.9964229611872416,-5.201199246787209e-18
189720,0.0,-9.340065018001068e-33,9959.330655074446,0.9964229611873712,-5.22016068102657e-18
189780,0.0,-9.374121232090453e-33,9959.330655062087,0.9964229611875003,-5.239029023203166e-18
189840,0.0,-9.408007145751566e-33,9959.330655049775,0.996422961187629,-5.257803668447211e-18
189900,0.0,-9.441721635778498e-33,9959.330655037505,0.9964229611877572,-5.2764840118889255e-18
189960,0.0,-9.475263578965355e-33,9959.330655025284,0.9964229611878849,-5.295069448658522e-18
190020,0.0,-9.508631852106228e-33,9959.33065501311,0.9964229611880121,-5.313559373886223e-18
190080,0.0,-9.541825331995214e-33,9959.33065500098,0.9964229611881388,-5.331953182702241e-18
190140,0.0,-9.574842895426394e-33,9959.3306549889,0.996422961188265,-5.350250270236796e-18
190200,0.0,-9.607683419193876e-33,9959.330654976866,0.9964229611883907,-5.368450031620107e-18
190260,0.0,-9.640345780091759e-33,9959.33065496488,0.9964229611885159,-5.3865518619823896e-18
190320,0.0,-9.672828854914125e-33,9959.330654952944,0.9964229611886407,-5.40455515645386e-18
190380,0.0,-9.705131520455074e-33,9959.330654941055,0.9964229611887648,-5.422459310164735e-18
190440,0.0,-9.737252653508708e-33,9959.330654929217,0.9964229611888885,-5.440263718245237e-18
190500,0.0,-9.769191130869116e-33,9959.330654917429,0.9964229611890117,-5.457967775825577e-18
190560,0.0,-9.80094582933039e-33,9959.330654905689,0.9964229611891344,-5.475570878035978e-18
190620,0.0,-9.832515625686622e-33,9959.330654893998,0.9964229611892566,-5.493072420006653e-18
190680,0.0,-9.863899396731915e-33,9959.33065488236,0.9964229611893781,-5.510471796867821e-18
190740,0.0,-9.895096019260363e-33,9959.330654870773,0.9964229611894992,-5.5277684037497004e-18
190800,0.0,-9.926104370066063e-33,9959.330654859235,0.9964229611896197,-5.544961635782507e-18
190860,0.0,-9.9569233259431e-33,9959.330654847752,0.9964229611897397,-5.562050888096456e-18
190920,0.0,-9.98755176368558e-33,9959.33065483632,0.9964229611898592,-5.57903555582177e-18
190980,0.0,-1.0017988560087589e-32,9959.330654824938,0.9964229611899781,-5.5959150340886634e-18
191040,0.0,-1.0048232591943225e-32,9959.330654813612,0.9964229611900964,-5.612688718027355e-18
191100,0.0,-1.007828273604659e-32,9959.330654802337,0.9964229611902142,-5.629356002768059e-18
191160,0.0,-1.0108137869191766e-32,9959.330654791118,0.9964229611903315,-5.645916283440997e-18
191220,0.0,-1.0137796868172857e-32,9959.330654779951,0.9964229611904482,-5.662368955176382e-18
191280,0.0,-1.0167258609783954e-32,9959.330654768839,0.9964229611905642,-5.678713413104435e-18
191340,0.0,-1.0196521970819158e-32,9959.330654757783,0.9964229611906797,-5.694949052355372e-18
191400,0.0,-1.0225585828072558e-32,9959.33065474678,0.9964229611907947,-5.711075268059409e-18
191460,0.0,-1.0254449058338243e-32,9959.330654735833,0.996422961190909,-5.727091455346766e-18
191520,0.0,-1.0283110538410322e-32,9959.330654724943,0.9964229611910228,-5.7429970093476575e-18
191580,0.0,-1.031156914508288e-32,9959.33065471411,0.996422961191136,-5.7587913251923015e-18
191640,0.0,-1.033982375515002e-32,9959.33065470333,0.9964229611912486,-5.774473798010916e-18
191700,0.0,-1.0367873245405828e-32,9959.330654692609,0.9964229611913606,-5.79004382293372e-18
191760,0.0,-1.0395716492644399e-32,9959.330654681946,0.9964229611914721,-5.805500795090929e-18
191820,0.0,-1.0423352373659838e-32,9959.33065467134,0.9964229611915829,-5.8208441096127605e-18
191880,0.0,-1.0450779765246231e-32,9959.330654660791,0.996422961191693,-5.836073161629434e-18
191940,0.0,-1.0477997544197672e-32,9959.330654650303,0.9964229611918027,-5.851187346271161e-18
192000,0.0,-1.0505004587308267e-32,9959.330654639873,0.9964229611919116,-5.8661860586681644e-18
192060,0.0,-1.0531799771372095e-32,9959.3306546295,0.99642296119202,-5.881068693950662e-18
192120,0.0,-1.0558381973183261e-32,9959.330654619189,0.9964229611921278,-5.895834647248864e-18
192180,0.0,-1.0584750069535863e-32,9959.330654608937,0.9964229611922348,-5.910483313692998e-18
192240,0.0,-1.0610902937223984e-32,9959.330654598745,0.9964229611923413,-5.925014088413275e-18
192300,0.0,-1.063683945304173e-32,9959.330654588613,0.9964229611924472,-5.93942636653991e-18
192360,0.0,-1.0662558493783193e-32,9959.330654578544,0.9964229611925525,-5.953719543203127e-18
192420,0.0,-1.0688058936242461e-32,9959.330654568535,0.9964229611926569,-5.967893013533141e-18
192480,0.0,-1.0713339657213642e-32,9959.33065455859,0.9964229611927609,-5.9819461726601646e-18
192540,0.0,-1.0738399533490816e-32,9959.330654548705,0.9964229611928642,-5.995878415714423e-18
192600,0.0,-1.0763237441868087e-32,9959.330654538882,0.9964229611929668,-6.009689137826127e-18
192660,0.0,-1.0787852259139553e-32,9959.330654529123,0.9964229611930687,-6.023377734125499e-18
192720,0.0,-1.0812242862099298e-32,9959.330654519428,0.9964229611931701,-6.0369435997427495e-18
192780,0.0,-1.0836408127541425e-32,9959.330654509797,0.9964229611932707,-6.0503861298081055e-18
192840,0.0,-1.0860346932260028e-32,9959.330654500227,0.9964229611933707,-6.063704719451776e-18
192900,0.0,-1.0884058153049201e-32,9959.330654490725,0.99642296119347,-6.0768987638039825e-18
192960,0.0,-1.0907540666703042e-32,9959.330654481286,0.9964229611935685,-6.089967657994942e-18
193020,0.0,-1.0930793350015631e-32,9959.330654471913,0.9964229611936665,-6.1029107971548684e-18
193080,0.0,-1.0953815079781085e-32,9959.330654462603,0.9964229611937637,-6.115727576413984e-18
193140,0.0,-1.0976604732793483e-32,9959.33065445336,0.9964229611938603,-6.128417390902503e-18
193200,0.0,-1.099916118584693e-32,9959.330654444186,0.9964229611939562,-6.140979635750645e-18
193260,0.0,-1.1021483315735515e-32,9959.330654435076,0.9964229611940514,-6.153413706088626e-18
193320,0.0,-1.1043569999253331e-32,9959.330654426034,0.9964229611941459,-6.165718997046663e-18
193380,0.0,-1.1065420113194479e-32,9959.33065441706,0.9964229611942397,-6.177894903754973e-18
193440,0.0,-1.108703253435305e-32,9959.330654408152,0.9964229611943327,-6.189940821343774e-18
193500,0.0,-1.1108406139523138e-32,9959.330654399313,0.9964229611944251,-6.201856144943284e-18
193560,0.0,-1.1129539805498843e-32,9959.330654390542,0.9964229611945167,-6.21364026968372e-18
193620,0.0,-1.1150432409074254e-32,9959.33065438184,0.9964229611946076,-6.2252925906953014e-18
193680,0.0,-1.1171082827043468e-32,9959.330654373209,0.9964229611946978,-6.23681250310824e-18
193740,0.0,-1.1191489936200586e-32,9959.330654364645,0.9964229611947872,-6.248199402052757e-18
193800,0.0,-1.121165261333969e-32,9959.330654356152,0.996422961194876,-6.259452682659069e-18
193860,0.0,-1.1231569735254885e-32,9959.33065434773,0.996422961194964,-6.270571740057396e-18
193920,0.0,-1.1251240178740264e-32,9959.330654339377,0.9964229611950512,-6.28155596937795e-18
193980,0.0,-1.1270662820589918e-32,9959.330654331097,0.9964229611951377,-6.292404765750953e-18
194040,0.0,-1.128983653759795e-32,9959.330654322888,0.9964229611952236,-6.303117524306621e-18
194100,0.0,-1.1308760206558443e-32,9959.330654314752,0.9964229611953085,-6.3136936401751685e-18
194160,0.0,-1.1327432704265506e-32,9959.330654306686,0.9964229611953928,-6.324132508486817e-18
194220,0.0,-1.1345852907513224e-32,9959.330654298694,0.9964229611954764,-6.334433524371783e-18
194280,0.0,-1.1364019693095694e-32,9959.330654290774,0.9964229611955591,-6.344596082960282e-18
194340,0.0,-1.1381931937807009e-32,9959.330654282929,0.996422961195641,-6.354619579382534e-18
194400,0.0,-1.1399588518441267e-32,9959.330654275156,0.9964229611957223,-6.364503408768751e-18
194460,0.0,-1.1416988311792566e-32,9959.330654267458,0.9964229611958026,-6.374246966249157e-18
194520,0.0,-1.1434130194654993e-32,9959.330654259835,0.9964229611958824,-6.3838496469539656e-18
194580,0.0,-1.1451013043822648e-32,9959.330654252284,0.9964229611959612,-6.393310846013395e-18
194640,0.0,-1.1467635736089627e-32,9959.330654244812,0.9964229611960392,-6.402629958557663e-18
194700,0.0,-1.1483997148250021e-32,9959.330654237414,0.9964229611961166,-6.411806379716986e-18
194760,0.0,-1.1500096157097928e-32,9959.33065423009,0.9964229611961931,-6.420839504621582e-18
194820,0.0,-1.1515931639427441e-32,9959.330654222846,0.9964229611962688,-6.429728728401669e-18
194880,0.0,-1.1531502472032654e-32,9959.330654215675,0.9964229611963437,-6.438473446187462e-18
194940,0.0,-1.1546807531707665e-32,9959.330654208583,0.9964229611964178,-6.447073053109182e-18
195000,0.0,-1.1561845695246567e-32,9959.330654201569,0.9964229611964911,-6.4555269442970415e-18
195060,0.0,-1.1576615839443455e-32,9959.330654194631,0.9964229611965636,-6.463834514881263e-18
195120,0.0,-1.1591116841092426e-32,9959.330654187774,0.9964229611966352,-6.471995159992059e-18
195180,0.0,-1.1605347576987568e-32,9959.330654180992,0.996422961196706,-6.480008274759651e-18
195240,0.0,-1.1619306923922987e-32,9959.330654174291,0.9964229611967761,-6.4878732543142544e-18
195300,0.0,-1.163299375869277e-32,9959.33065416767,0.9964229611968453,-6.495589493786087e-18
195360,0.0,-1.164640695809101e-32,9959.330654161127,0.9964229611969136,-6.503156388305365e-18
195420,0.0,-1.1659545398911809e-32,9959.330654154666,0.9964229611969811,-6.510573333002308e-18
195480,0.0,-1.1672407957949257e-32,9959.330654148283,0.9964229611970478,-6.5178397230071315e-18
195540,0.0,-1.1684993511997452e-32,9959.330654141982,0.9964229611971136,-6.524954953450052e-18
195600,0.0,-1.1697300937850489e-32,9959.330654135763,0.9964229611971787,-6.531918419461289e-18
195660,0.0,-1.1709329112302455e-32,9959.330654129624,0.9964229611972427,-6.5387295161710615e-18
195720,0.0,-1.1721076912147456e-32,9959.330654123569,0.996422961197306,-6.545387638709581e-18
195780,0.0,-1.1732543214179582e-32,9959.330654117595,0.9964229611973685,-6.551892182207071e-18
195840,0.0,-1.1743726895192927e-32,9959.330654111704,0.99642296119743,-6.558242541793744e-18
195900,0.0,-1.1754626831981587e-32,9959.330654105896,0.9964229611974907,-6.56443811259982e-18
195960,0.0,-1.1765241901339654e-32,9959.33065410017,0.9964229611975505,-6.5704782897555174e-18
196020,0.0,-1.1775570980061231e-32,9959.330654094529,0.9964229611976094,-6.576362468391052e-18
196080,0.0,-1.1785612944940403e-32,9959.330654088972,0.9964229611976675,-6.58209004363664e-18
196140,0.0,-1.179536667277127e-32,9959.330654083498,0.9964229611977247,-6.5876604106225e-18
196200,0.0,-1.1804831040347929e-32,9959.33065407811,0.996422961197781,-6.593072964478849e-18
196260,0.0,-1.1814004924464471e-32,9959.330654072808,0.9964229611978364,-6.598327100335904e-18
196320,0.0,-1.1822887201914993e-32,9959.330654067591,0.9964229611978909,-6.603422213323884e-18
196380,0.0,-1.1831476749493587e-32,9959.330654062462,0.9964229611979445,-6.608357698573006e-18
196440,0.0,-1.1839772443994348e-32,9959.330654057418,0.9964229611979972,-6.613132951213485e-18
196500,0.0,-1.1847773162211378e-32,9959.330654052459,0.996422961198049,-6.617747366375542e-18
196560,0.0,-1.1855477780938762e-32,9959.33065404759,0.9964229611980999,-6.622200339189391e-18
196620,0.0,-1.1862885176970603e-32,9959.330654042806,0.9964229611981499,-6.62649126478525e-18
196680,0.0,-1.1869994227100992e-32,9959.33065403811,0.996422961198199,-6.630619538293338e-18
196740,0.0,-1.1876803808124024e-32,9959.330654033503,0.996422961198247,-6.634584554843871e-18
196800,0.0,-1.1883312796833793e-32,9959.330654028985,0.9964229611982942,-6.638385709567067e-18
196860,0.0,-1.1889520070024397e-32,9959.330654024556,0.9964229611983405,-6.6420223975931445e-18
196920,0.0,-1.1895424504489928e-32,9959.330654020216,0.9964229611983859,-6.645494014052318e-18
196980,0.0,-1.1901024977024482e-32,9959.330654015967,0.9964229611984303,-6.6487999540748065e-18
197040,0.0,-1.1906320364422156e-32,9959.330654011806,0.9964229611984737,-6.651939612790827e-18
197100,0.0,-1.1911309543477042e-32,9959.330654007737,0.9964229611985163,-6.654912385330597e-18
197160,0.0,-1.1915991390983234e-32,9959.330654003757,0.9964229611985579,-6.657717666824334e-18
197220,0.0,-1.192036478373483e-32,9959.33065399987,0.9964229611985984,-6.6603548524022565e-18
197280,0.0,-1.1924428598525924e-32,9959.330653996074,0.9964229611986382,-6.662823337194578e-18
197340,0.0,-1.1928181712150609e-32,9959.33065399237,0.9964229611986768,-6.66512251633152e-18
197400,0.0,-1.1931623001402984e-32,9959.330653988758,0.9964229611987145,-6.667251784943298e-18
197460,0.0,-1.1934751343077138e-32,9959.33065398524,0.9964229611987513,-6.669210538160129e-18
197520,0.0,-1.193756561396717e-32,9959.330653981813,0.9964229611987871,-6.670998171112232e-18
197580,0.0,-1.1940064690867175e-32,9959.33065397848,0.9964229611988219,-6.672614078929823e-18
197640,0.0,-1.1942247450571248e-32,9959.330653975243,0.9964229611988558,-6.67405765674312e-18
197700,0.0,-1.1944112769873479e-32,9959.330653972098,0.9964229611988886,-6.675328299682339e-18
197760,0.0,-1.1945659525567969e-32,9959.33065396905,0.9964229611989205,-6.6764254028776995e-18
197820,0.0,-1.1946886594448812e-32,9959.330653966093,0.9964229611989514,-6.677348361459416e-18
197880,0.0,-1.19477928533101e-32,9959.330653963234,0.9964229611989812,-6.678096570557709e-18
197940,0.0,-1.1948377178945932e-32,9959.330653960471,0.9964229611990101,-6.678669425302795e-18
198000,0.0,-1.1948638448150397e-32,9959.330653957802,0.996422961199038,-6.67906632082489e-18
198060,0.0,-1.1948575537717594e-32,9959.330653955232,0.9964229611990648,-6.6792866522542115e-18
198120,0.0,-1.1948187324441619e-32,9959.330653952757,0.9964229611990907,-6.679329814720978e-18
198180,0.0,-1.1947472685116563e-32,9959.33065395038,0.9964229611991156,-6.679195203355406e-18
198240,0.0,-1.1946430496536524e-32,9959.3306539481,0.9964229611991393,-6.678882213287715e-18
198300,0.0,-1.1945059635495595e-32,9959.330653945917,0.9964229611991622,-6.6783902396481184e-18
198360,0.0,-1.1943358978787872e-32,9959.330653943834,0.9964229611991839,-6.6777186775668356e-18
198420,0.0,-1.194132740320745e-32,9959.33065394185,0.9964229611992047,-6.6768669221740856e-18
198480,0.0,-1.1938963785548424e-32,9959.330653939964,0.9964229611992244,-6.675834368600083e-18
198540,0.0,-1.1936267002604888e-32,9959.330653938177,0.996422961199243,-6.674620411975047e-18
198600,0.0,-1.1933235931170937e-32,9959.330653936491,0.9964229611992607,-6.673224447429194e-18
198660,0.0,-1.1929869448040667e-32,9959.330653934903,0.9964229611992772,-6.6716458700927426e-18
198720,0.0,-1.1926166430008172e-32,9959.330653933419,0.9964229611992927,-6.669884075095908e-18
198780,0.0,-1.1922125753867546e-32,9959.330653932033,0.9964229611993073,-6.667938457568907e-18
198840,0.0,-1.1917746296412887e-32,9959.330653930749,0.9964229611993206,-6.6658084126419625e-18
198900,0.0,-1.1913026934438287e-32,9959.330653929566,0.996422961199333,-6.6634933354452854e-18
198960,0.0,-1.1907966544737843e-32,9959.330653928488,0.9964229611993443,-6.660992621109097e-18
199020,0.0,-1.1902564004105648e-32,9959.330653927509,0.9964229611993545,-6.6583056647636124e-18
199080,0.0,-1.1896818189335794e-32,9959.330653926634,0.9964229611993637,-6.6554318615390505e-18
199140,0.0,-1.1890727977222383e-32,9959.330653925863,0.9964229611993717,-6.652370606565627e-18
199200,0.0,-1.1884292244559506e-32,9959.330653925193,0.9964229611993787,-6.649121294973562e-18
199260,0.0,-1.1877509868141256e-32,9959.33065392463,0.9964229611993846,-6.64568332189307e-18
199320,0.0,-1.1870379724761733e-32,9959.33065392417,0.9964229611993894,-6.6420560824543705e-18
199380,0.0,-1.1862900691215028e-32,9959.330653923815,0.9964229611993931,-6.638238971787678e-18
199440,0.0,-1.1855071644295238e-32,9959.330653923564,0.9964229611993958,-6.634231385023213e-18
199500,0.0,-1.1846891460796457e-32,9959.330653923418,0.9964229611993972,-6.630032717291191e-18
199560,0.0,-1.1838359017512776e-32,9959.330653923378,0.9964229611993977,-6.62564236372183e-18
199620,0.0,-1.18294731912383e-32,9959.330653923445,0.996422961199397,-6.621059719445347e-18
199680,0.0,-1.1820232858767112e-32,9959.330653923618,0.9964229611993952,-6.6162841795919605e-18
199740,0.0,-1.1810636896893316e-32,9959.330653923898,0.9964229611993922,-6.611315139291886e-18
199800,0.0,-1.1800684182411003e-32,9959.330653924286,0.9964229611993882,-6.606151993675343e-18
199860,0.0,-1.1790373592114267e-32,9959.33065392478,0.996422961199383,-6.600794137872546e-18
199920,0.0,-1.1779704002797204e-32,9959.330653925384,0.9964229611993767,-6.595240967013717e-18
199980,0.0,-1.176867429125391e-32,9959.330653926096,0.9964229611993694,-6.589491876229067e-18
200040,0.0,-1.1757283334278476e-32,9959.330653926914,0.9964229611993607,-6.5835462606488185e-18
200100,0.0,-1.1745530008665004e-32,9959.330653927844,0.996422961199351,-6.577403515403186e-18
200160,0.0,-1.1733413191207584e-32,9959.330653928882,0.9964229611993402,-6.571063035622389e-18
200220,0.0,-1.1720931758700311e-32,9959.33065393003,0.9964229611993282,-6.5645242164366426e-18
200280,0.0,-1.1708084587937281e-32,9959.330653931289,0.9964229611993151,-6.5577864529761666e-18
200340,0.0,-1.1694870555712587e-32,9959.330653932659,0.9964229611993007,-6.550849140371176e-18
200400,0.0,-1.1681288538820327e-32,9959.33065393414,0.9964229611992853,-6.54371167375189e-18
200460,0.0,-1.1667337414054594e-32,9959.330653935729,0.9964229611992687,-6.5363734482485244e-18
200520,0.0,-1.1653016058209485e-32,9959.330653937433,0.9964229611992509,-6.528833858991298e-18
200580,0.0,-1.163832334807909e-32,9959.330653939249,0.9964229611992319,-6.521092301110426e-18
200640,0.0,-1.1623258160457508e-32,9959.330653941175,0.9964229611992117,-6.5131481697361296e-18
200700,0.0,-1.1607819372138833e-32,9959.330653943216,0.9964229611991904,-6.505000859998622e-18
200760,0.0,-1.1592005859917161e-32,9959.33065394537,0.996422961199168,-6.4966497670281225e-18
200820,0.0,-1.1575816500586583e-32,9959.330653947638,0.9964229611991442,-6.488094285954849e-18
200880,0.0,-1.1559250170941198e-32,9959.330653950019,0.9964229611991193,-6.479333811909017e-18
200940,0.0,-1.15423057477751e-32,9959.330653952515,0.9964229611990932,-6.470367740020846e-18
201000,0.0,-1.1524982107882385e-32,9959.330653955125,0.996422961199066,-6.4611954654205525e-18
201060,0.0,-1.1507278128057143e-32,9959.33065395785,0.9964229611990375,-6.451816383238352e-18
201120,0.0,-1.1489192685093472e-32,9959.33065396069,0.9964229611990079,-6.442229888604465e-18
201180,0.0,-1.147072465578547e-32,9959.330653963647,0.996422961198977,-6.432435376649107e-18
201240,0.0,-1.1451872916927229e-32,9959.33065396672,0.9964229611989449,-6.4224322425024956e-18
201300,0.0,-1.1432636345312842e-32,9959.330653969908,0.9964229611989116,-6.412219881294848e-18
201360,0.0,-1.1413013817736407e-32,9959.330653973215,0.996422961198877,-6.401797688156382e-18
201420,0.0,-1.1393004210992017e-32,9959.330653976638,0.9964229611988412,-6.391165058217316e-18
201480,0.0,-1.1372606401873768e-32,9959.330653980178,0.9964229611988042,-6.380321386607865e-18
201540,0.0,-1.1351819267175755e-32,9959.330653983838,0.996422961198766,-6.369266068458247e-18
201600,0.0,-1.1330641683692071e-32,9959.330653987616,0.9964229611987265,-6.3579984988986804e-18
201660,0.0,-1.1309072528216813e-32,9959.330653991512,0.9964229611986859,-6.346518073059381e-18
201720,0.0,-1.1287110677544076e-32,9959.330653995527,0.9964229611986439,-6.334824186070569e-18
201780,0.0,-1.1264755008467953e-32,9959.330653999661,0.9964229611986007,-6.322916233062458e-18
201840,0.0,-1.124200439778254e-32,9959.330654003916,0.9964229611985562,-6.310793609165269e-18
201900,0.0,-1.1218857722281932e-32,9959.330654008292,0.9964229611985106,-6.298455709509216e-18
201960,0.0,-1.1195313858760227e-32,9959.330654012787,0.9964229611984635,-6.2859019292245185e-18
202020,0.0,-1.1171371684011513e-32,9959.330654017404,0.9964229611984153,-6.273131663441393e-18
202080,0.0,-1.1147030074829889e-32,9959.330654022142,0.9964229611983658,-6.260144307290059e-18
202140,0.0,-1.1122287908009451e-32,9959.330654027002,0.9964229611983151,-6.2469392559007296e-18
202200,0.0,-1.109714406034429e-32,9959.330654031985,0.996422961198263,-6.233515904403626e-18
202260,0.0,-1.1071597408628508e-32,9959.330654037089,0.9964229611982097,-6.2198736479289636e-18
202320,0.0,-1.1045646829656191e-32,9959.330654042316,0.9964229611981551,-6.20601188160696e-18
202380,0.0,-1.1019291200221438e-32,9959.330654047666,0.9964229611980991,-6.191930000567832e-18
202440,0.0,-1.0992529397118345e-32,9959.330654053141,0.996422961198042,-6.177627399941799e-18
202500,0.0,-1.0965360297141007e-32,9959.33065405874,0.9964229611979835,-6.163103474859077e-18
202560,0.0,-1.0937782777083518e-32,9959.330654064463,0.9964229611979237,-6.148357620449884e-18
202620,0.0,-1.0909795713739972e-32,9959.330654070309,0.9964229611978626,-6.133389231844435e-18
202680,0.0,-1.0881397983904465e-32,9959.330654076282,0.9964229611978002,-6.11819770417295e-18
202740,0.0,-1.085258846437109e-32,9959.33065408238,0.9964229611977364,-6.102782432565645e-18
202800,0.0,-1.0823366031933945e-32,9959.330654088604,0.9964229611976715,-6.0871428121527384e-18
202860,0.0,-1.0793729563387124e-32,9959.330654094952,0.9964229611976051,-6.071278238064448e-18
202920,0.0,-1.0763677935524719e-32,9959.33065410143,0.9964229611975375,-6.0551881054309885e-18
202980,0.0,-1.073321002514083e-32,9959.330654108033,0.9964229611974684,-6.03887180938258e-18
203040,0.0,-1.0702324709029546e-32,9959.330654114765,0.9964229611973981,-6.022328745049438e-18
203100,0.0,-1.0671020863984966e-32,9959.330654121623,0.9964229611973264,-6.00555830756178e-18
203160,0.0,-1.0639297366801184e-32,9959.33065412861,0.9964229611972535,-5.988559892049825e-18
203220,0.0,-1.0607153094272295e-32,9959.330654135725,0.9964229611971791,-5.971332893643789e-18
203280,0.0,-1.0574586923192393e-32,9959.330654142968,0.9964229611971035,-5.95387670747389e-18
203340,0.0,-1.0541597730355576e-32,9959.330654150343,0.9964229611970264,-5.936190728670344e-18
203400,0.0,-1.0508184392555935e-32,9959.330654157846,0.9964229611969481,-5.918274352363371e-18
203460,0.0,-1.0474345786587565e-32,9959.330654165478,0.9964229611968682,-5.900126973683186e-18
203520,0.0,-1.0440080789244563e-32,9959.330654173242,0.9964229611967872,-5.881747987760006e-18
203580,0.0,-1.0405388277321024e-32,9959.330654181134,0.9964229611967047,-5.8631367897240494e-18
203640,0.0,-1.0370267127611041e-32,9959.33065418916,0.9964229611966209,-5.844292774705536e-18
203700,0.0,-1.033471621690871e-32,9959.330654197316,0.9964229611965356,-5.8252153378346785e-18
203760,0.0,-1.0298734422008126e-32,9959.330654205603,0.996422961196449,-5.805903874241697e-18
203820,0.0,-1.0262320619703385e-32,9959.330654214025,0.9964229611963611,-5.786357779056807e-18
203880,0.0,-1.0225473686788579e-32,9959.330654222578,0.9964229611962717,-5.766576447410229e-18
203940,0.0,-1.0188192500057806e-32,9959.330654231264,0.996422961196181,-5.746559274432178e-18
204000,0.0,-1.0150475936305158e-32,9959.330654240082,0.9964229611960889,-5.726305655252872e-18
204060,0.0,-1.0112322872324731e-32,9959.330654249035,0.9964229611959953,-5.7058149850025275e-18
204120,0.0,-1.0073732184910622e-32,9959.330654258121,0.9964229611959003,-5.685086658811363e-18
204180,0.0,-1.0034702750856924e-32,9959.330654267344,0.996422961195804,-5.6641200718095945e-18
204240,0.0,-9.995233446957732e-33,9959.330654276699,0.9964229611957063,-5.6429146191274415e-18
204300,0.0,-9.955323150007139e-33,9959.33065428619,0.9964229611956071,-5.62146969589512e-18
204360,0.0,-9.914970736799245e-33,9959.330654295816,0.9964229611955066,-5.599784697242848e-18
204420,0.0,-9.874175084128141e-33,9959.330654305579,0.9964229611954045,-5.577859018300841e-18
204480,0.0,-9.832935068787922e-33,9959.330654315478,0.996422961195301,-5.555692054199318e-18
204540,0.0,-9.791249567572683e-33,9959.330654325515,0.9964229611951962,-5.5332832000684964e-18
204600,0.0,-9.749117457276518e-33,9959.330654335687,0.99642296119509,-5.510631851038593e-18
204660,0.0,-9.706537614693525e-33,9959.330654345997,0.9964229611949822,-5.487737402239825e-18
204720,0.0,-9.6635089166178e-33,9959.330654356445,0.9964229611948731,-5.46459924880241e-18
204780,0.0,-9.620030239843432e-33,9959.33065436703,0.9964229611947625,-5.441216785856565e-18
204840,0.0,-9.57610046116452e-33,9959.330654377754,0.9964229611946505,-5.4175894085325095e-18
204900,0.0,-9.531718457375157e-33,9959.330654388617,0.996422961194537,-5.3937165119604576e-18
204960,0.0,-9.48688310526944e-33,9959.33065439962,0.996422961194422,-5.369597491270629e-18
205020,0.0,-9.441593281641461e-33,9959.330654410764,0.9964229611943056,-5.34523174159324e-18
205080,0.0,-9.39584786328532e-33,9959.330654422045,0.9964229611941877,-5.320618658058508e-18
205140,0.0,-9.349645726995108e-33,9959.330654433468,0.9964229611940684,-5.295757635796651e-18
205200,0.0,-9.302985749564917e-33,9959.330654445032,0.9964229611939476,-5.270648069937884e-18
205260,0.0,-9.255866807788849e-33,9959.330654456735,0.9964229611938252,-5.245289355612429e-18
205320,0.0,-9.208287778460993e-33,9959.330654468582,0.9964229611937014,-5.219680887950498e-18
205380,0.0,-9.160247538375448e-33,9959.33065448057,0.9964229611935762,-5.1938220620823126e-18
205440,0.0,-9.111744964326306e-33,9959.3306544927,0.9964229611934495,-5.167712273138087e-18
205500,0.0,-9.062778933107662e-33,9959.330654504973,0.9964229611933213,-5.1413509162480416e-18
205560,0.0,-9.013348321513614e-33,9959.330654517387,0.9964229611931915,-5.114737386542391e-18
205620,0.0,-8.963452006338255e-33,9959.330654529947,0.9964229611930604,-5.087871079151355e-18
205680,0.0,-8.913088864375677e-33,9959.33065454265,0.9964229611929276,-5.060751389205148e-18
205740,0.0,-8.86225777241998e-33,9959.330654555497,0.9964229611927934,-5.0333777118339905e-18
205800,0.0,-8.810957607265254e-33,9959.330654568488,0.9964229611926577,-5.005749442168098e-18
205860,0.0,-8.7591872457056e-33,9959.330654581623,0.9964229611925204,-4.9778659753376874e-18
205920,0.0,-8.706945564535106e-33,9959.330654594905,0.9964229611923817,-4.949726706472978e-18
205980,0.0,-8.654231440547871e-33,9959.330654608331,0.9964229611922414,-4.9213310307041856e-18
206040,0.0,-8.601043750537991e-33,9959.330654621905,0.9964229611920996,-4.8926783431615274e-18
206100,0.0,-8.547381371299558e-33,9959.330654635623,0.9964229611919563,-4.863768038975222e-18
206160,0.0,-8.493243179626667e-33,9959.33065464949,0.9964229611918114,-4.834599513275487e-18
206220,0.0,-8.438628052313415e-33,9959.330654663503,0.996422961191665,-4.8051721611925366e-18
206280,0.0,-8.383534866153895e-33,9959.330654677664,0.996422961191517,-4.7754853778565914e-18
206340,0.0,-8.327962497942203e-33,9959.330654691972,0.9964229611913675,-4.745538558397869e-18
206400,0.0,-8.271909824472433e-33,9959.33065470643,0.9964229611912164,-4.715331097946583e-18
206460,0.0,-8.215375722538681e-33,9959.330654721034,0.9964229611910639,-4.684862391632954e-18
206520,0.0,-8.158359068935042e-33,9959.330654735788,0.9964229611909098,-4.6541318345872e-18
206580,0.0,-8.100858740455606e-33,9959.33065475069,0.996422961190754,-4.623138821939536e-18
206640,0.0,-8.042873613894477e-33,9959.330654765745,0.9964229611905967,-4.59188274882018e-18
206700,0.0,-7.984402566045743e-33,9959.330654780948,0.9964229611904379,-4.560363010359351e-18
206760,0.0,-7.925444473703502e-33,9959.3306547963,0.9964229611902775,-4.5285790016872635e-18
206820,0.0,-7.865998213661846e-33,9959.330654811805,0.9964229611901155,-4.496530117934137e-18
206880,0.0,-7.806062662714873e-33,9959.330654827461,0.996422961189952,-4.464215754230187e-18
206940,0.0,-7.745636697656676e-33,9959.330654843268,0.9964229611897868,-4.431635305705634e-18
207000,0.0,-7.68471919528135e-33,9959.330654859226,0.99642296118962,-4.398788167490692e-18
207060,0.0,-7.623309032382992e-33,9959.330654875339,0.9964229611894517,-4.36567373471558e-18
207120,0.0,-7.561405085755696e-33,9959.330654891603,0.9964229611892818,-4.3322914025105155e-18
207180,0.0,-7.499006232193554e-33,9959.330654908019,0.9964229611891102,-4.298640566005714e-18
207240,0.0,-7.436111348490664e-33,9959.33065492459,0.9964229611889371,-4.264720620331397e-18
207300,0.0,-7.37271931144112e-33,9959.330654941314,0.9964229611887624,-4.230530960617777e-18
207360,0.0,-7.308828997839015e-33,9959.330654958192,0.9964229611885861,-4.196070981995074e-18
207420,0.0,-7.244439284478449e-33,9959.330654975225,0.9964229611884081,-4.1613400795935055e-18
207480,0.0,-7.179549048153512e-33,9959.330654992413,0.9964229611882285,-4.126337648543287e-18
207540,0.0,-7.114157165658301e-33,9959.330655009757,0.9964229611880473,-4.091063083974638e-18
207600,0.0,-7.048262513786911e-33,9959.330655027255,0.9964229611878646,-4.0555157810177744e-18
207660,0.0,-6.981863969333436e-33,9959.330655044909,0.99642296118768,-4.019695134802914e-18
207720,0.0,-6.914960409091972e-33,9959.33065506272,0.996422961187494,-3.983600540460274e-18
207780,0.0,-6.847550709856613e-33,9959.330655080688,0.9964229611873062,-3.9472313931200726e-18
207840,0.0,-6.779633748421453e-33,9959.330655098815,0.9964229611871168,-3.910587087912527e-18
207900,0.0,-6.711208401580589e-33,9959.330655117095,0.9964229611869259,-3.8736670199678525e-18
207960,0.0,-6.642273546128114e-33,9959.330655135536,0.9964229611867332,-3.836470584416268e-18
208020,0.0,-6.572828058858125e-33,9959.330655154135,0.9964229611865388,-3.798997176387993e-18
208080,0.0,-6.502870816564716e-33,9959.330655172893,0.9964229611863429,-3.761246191013241e-18
208140,0.0,-6.43240069604198e-33,9959.330655191809,0.9964229611861453,-3.7232170234222314e-18
208200,0.0,-6.361416574084014e-33,9959.330655210884,0.996422961185946,-3.684909068745181e-18
208260,0.0,-6.289917327484915e-33,9959.33065523012,0.996422961185745,-3.646321722112308e-18
208320,0.0,-6.217901833038772e-33,9959.330655249516,0.9964229611855423,-3.607454378653829e-18
208380,0.0,-6.145368967539684e-33,9959.330655269072,0.996422961185338,-3.5683064334999606e-18
208440,0.0,-6.072317607781746e-33,9959.330655288788,0.9964229611851321,-3.5288772817809214e-18
208500,0.0,-5.998746630559052e-33,9959.330655308666,0.9964229611849243,-3.489166318626928e-18
208560,0.0,-5.9246549126656965e-33,9959.330655328706,0.996422961184715,-3.449172939168199e-18
208620,0.0,-5.8500413308957746e-33,9959.330655348907,0.9964229611845039,-3.40889653853495e-18
208680,0.0,-5.774904762043381e-33,9959.330655369273,0.9964229611842912,-3.3683365118574e-18
208740,0.0,-5.699244082902612e-33,9959.330655389798,0.9964229611840767,-3.327492254265765e-18
208800,0.0,-5.623058170267562e-33,9959.33065541049,0.9964229611838605,-3.2863631608902636e-18
208860,0.0,-5.546345900932325e-33,9959.330655431342,0.9964229611836426,-3.244948626861111e-18
208920,0.0,-5.469106151690996e-33,9959.330655452359,0.996422961183423,-3.2032480473085275e-18
208980,0.0,-5.391337799337671e-33,9959.33065547354,0.9964229611832017,-3.1612608173627284e-18
209040,0.0,-5.3130397206664426e-33,9959.330655494887,0.9964229611829787,-3.1189863321539313e-18
209100,0.0,-5.234210792471409e-33,9959.330655516398,0.996422961182754,-3.0764239868123545e-18
209160,0.0,-5.154849891546663e-33,9959.330655538073,0.9964229611825275,-3.0335731764682144e-18
209220,0.0,-5.074955894686299e-33,9959.330655559916,0.9964229611822993,-2.9904332962517282e-18
209280,0.0,-4.994527678684413e-33,9959.330655581924,0.9964229611820694,-2.9470037412931144e-18
209340,0.0,-4.9135641203351e-33,9959.330655604097,0.9964229611818377,-2.9032839067225893e-18
209400,0.0,-4.8320640964324543e-33,9959.33065562644,0.9964229611816042,-2.8592731876703706e-18
209460,0.0,-4.7500264837705716e-33,9959.330655648948,0.9964229611813691,-2.8149709792666765e-18
209520,0.0,-4.667450159143546e-33,9959.330655671623,0.9964229611811322,-2.7703766766417226e-18
209580,0.0,-4.584333999345472e-33,9959.330655694468,0.9964229611808935,-2.7254896749257276e-18
209640,0.0,-4.500676881170446e-33,9959.33065571748,0.9964229611806531,-2.680309369248908e-18
209700,0.0,-4.416477681412561e-33,9959.330655740661,0.9964229611804108,-2.6348351547414817e-18
209760,0.0,-4.3317352768659144e-33,9959.330655764012,0.9964229611801669,-2.5890664265336664e-18
209820,0.0,-4.2464485443245985e-33,9959.33065578753,0.9964229611799212,-2.5430025797556785e-18
209880,0.0,-4.160616360582711e-33,9959.33065581122,0.9964229611796737,-2.496643009537736e-18
209940,0.0,-4.074237602434343e-33,9959.33065583508,0.9964229611794244,-2.4499871110100557e-18
210000,0.0,-3.987311146673593e-33,9959.330655859108,0.9964229611791734,-2.403034279302856e-18
210060,0.0,-3.8998358700945546e-33,9959.33065588331,0.9964229611789205,-2.355783909546353e-18
210120,0.0,-3.8118106494913216e-33,9959.330655907681,0.9964229611786659,-2.3082353968707646e-18
210180,0.0,-3.723234361657991e-33,9959.330655932226,0.9964229611784094,-2.2603881364063087e-18
210240,0.0,-3.634105883388655e-33,9959.330655956941,0.9964229611781512,-2.2122415232832017e-18
210300,0.0,-3.5444240914774115e-33,9959.33065598183,0.9964229611778912,-2.1637949526316615e-18
210360,0.0,-3.454187862718354e-33,9959.33065600689,0.9964229611776293,-2.1150478195819053e-18
210420,0.0,-3.363396073905576e-33,9959.330656032125,0.9964229611773657,-2.0659995192641504e-18
210480,0.0,-3.272047601833175e-33,9959.330656057533,0.9964229611771003,-2.0166494468086143e-18
210540,0.0,-3.1801413232952444e-33,9959.330656083113,0.9964229611768329,-1.966996997345514e-18
210600,0.0,-3.087676115085879e-33,9959.33065610887,0.9964229611765638,-1.917041566005068e-18
210660,0.0,-2.9946508539991743e-33,9959.3306561348,0.9964229611762929,-1.866782547917492e-18
210720,0.0,-2.9010644168292247e-33,9959.330656160906,0.9964229611760201,-1.8162193382130043e-18
210780,0.0,-2.806915680370126e-33,9959.330656187187,0.9964229611757456,-1.765351332021822e-18
210840,0.0,-2.7122035214159726e-33,9959.330656213644,0.9964229611754691,-1.714177924474163e-18
210900,0.0,-2.616926816760859e-33,9959.330656240276,0.9964229611751909,-1.6626985107002441e-18
210960,0.0,-2.52108444319888e-33,9959.330656267086,0.9964229611749108,-1.6109124858302823e-18
211020,0.0,-2.424675277524131e-33,9959.330656294072,0.9964229611746289,-1.5588192449944955e-18
211080,0.0,-2.3276981965307073e-33,9959.330656321235,0.996422961174345,-1.5064181833231011e-18
211140,0.0,-2.2301520770127028e-33,9959.330656348577,0.9964229611740594,-1.4537086959463163e-18
211200,0.0,-2.1320357957642135e-33,9959.330656376094,0.9964229611737719,-1.4006901779943583e-18
211260,0.0,-2.033348229579333e-33,9959.330656403792,0.9964229611734825,-1.3473620245974446e-18
211320,0.0,-1.934088255252157e-33,9959.330656431668,0.9964229611731913,-1.2937236308857926e-18
211380,0.0,-1.8342547495767805e-33,9959.330656459724,0.9964229611728982,-1.2397743919896194e-18
211440,0.0,-1.7338465893472982e-33,9959.330656487959,0.9964229611726032,-1.1855137030391429e-18
211500,0.0,-1.632862651357805e-33,9959.330656516373,0.9964229611723063,-1.1309409591645799e-18
211560,0.0,-1.5313018124023957e-33,9959.330656544967,0.9964229611720076,-1.076055555496148e-18
211620,0.0,-1.4291629492751655e-33,9959.330656573742,0.9964229611717069,-1.0208568871640643e-18
211680,0.0,-1.3264449387702087e-33,9959.330656602699,0.9964229611714044,-9.653443492985464e-19
211740,0.0,-1.223146657681621e-33,9959.330656631837,0.9964229611711,-9.095173370298118e-19
211800,0.0,-1.1192669828034965e-33,9959.330656661155,0.9964229611707935,-8.533752454880775e-19
211860,0.0,-1.0148047909299308e-33,9959.330656690658,0.9964229611704853,-7.969174698035611e-19
211920,0.0,-9.097589588550184e-34,9959.330656720342,0.9964229611701753,-7.401434051064797e-19
211980,0.0,-8.041283633728544e-34,9959.330656750208,0.9964229611698632,-6.8305244652705105e-19
212040,0.0,-6.979118812775335e-34,9959.330656780257,0.9964229611695492,-6.25643989195492e-19
212100,0.0,-5.911083893631509e-34,9959.330656810493,0.9964229611692333,-5.679174282420202e-19
212160,0.0,-4.837167644238011e-34,9959.33065684091,0.9964229611689155,-5.09872158796853e-19
212220,0.0,-3.7573588325357925e-34,9959.33065687151,0.9964229611685959,-4.515075759902076e-19
212280,0.0,-2.671646226465803e-34,9959.330656902297,0.9964229611682741,-3.9282307495230165e-19
212340,0.0,-1.58001859396899e-34,9959.330656933269,0.9964229611679506,-3.3381805081335213e-19
212400,0.0,-4.824647029863033e-35,9959.330656964426,0.9964229611676251,-2.744918987035766e-19
212460,0.0,-4.014036256014865e-36,9959.330656975682,0.9964229611675075,-2.505335072462331e-19
212520,0.0,-1.1030076557118567e-35,9959.330656971375,0.9964229611675525,-2.5423757868510187e-19
212580,0.0,-1.80459279278748e-35,9959.330656967071,0.9964229611675974,-2.5794032117796666e-19
212640,0.0,-2.50614703895729e-35,9959.330656962775,0.9964229611676424,-2.6164167139247936e-19
212700,0.0,-3.2076583963500805e-35,9959.330656958482,0.9964229611676872,-2.6534156599629203e-19
212760,0.0,-3.9091148670943755e-35,9959.330656954196,0.996422961167732,-2.690399416570566e-19
212820,0.0,-4.6105044533188334e-35,9959.330656949916,0.9964229611677767,-2.727367350424243e-19
212880,0.0,-5.311815157152114e-35,9959.330656945642,0.9964229611678214,-2.7643188282004934e-19
212940,0.0,-6.013034980722877e-35,9959.330656941374,0.996422961167866,-2.801253216575807e-19
213000,0.0,-6.714151926159916e-35,9959.330656937113,0.9964229611679105,-2.8381698822267267e-19
213060,0.0,-7.415153995591486e-35,9959.330656932856,0.9964229611679549,-2.875068191829765e-19
213120,0.0,-8.116029191146785e-35,9959.330656928605,0.9964229611679993,-2.9119475120614406e-19
213180,0.0,-8.816765514954068e-35,9959.330656924361,0.9964229611680437,-2.948807209598274e-19
213240,0.0,-9.517350969142263e-35,9959.330656920125,0.9964229611680879,-2.985646651116777e-19
213300,0.0,-1.0217773555839896e-34,9959.330656915894,0.9964229611681322,-3.0224652032934925e-19
213360,0.0,-1.091802127717549e-34,9959.330656911668,0.9964229611681763,-3.05926223280491e-19
213420,0.0,-1.1618082135278109e-34,9959.33065690745,0.9964229611682204,-3.096037106327579e-19
213480,0.0,-1.2317944132275876e-34,9959.33065690324,0.9964229611682645,-3.132789190537983e-19
213540,0.0,-1.301759527029785e-34,9959.330656899034,0.9964229611683083,-3.1695178521126852e-19
213600,0.0,-1.371702355147269e-34,9959.330656894836,0.9964229611683522,-3.2062224577281693e-19
213660,0.0,-1.441621697792879e-34,9959.330656890645,0.996422961168396,-3.2429023740609837e-19
213720,0.0,-1.5115163551795072e-34,9959.33065688646,0.9964229611684398,-3.2795569677876187e-19
213780,0.0,-1.5813851275199936e-34,9959.330656882283,0.9964229611684834,-3.3161856055846176e-19
213840,0.0,-1.651226815027217e-34,9959.330656878112,0.9964229611685269,-3.3527876541284914e-19
213900,0.0,-1.7210402179140697e-34,9959.330656873946,0.9964229611685704,-3.389362480095753e-19
213960,0.0,-1.7908241363933648e-34,9959.33065686979,0.9964229611686138,-3.4259094501629367e-19
214020,0.0,-1.860577370678008e-34,9959.33065686564,0.9964229611686573,-3.4624279310065486e-19
214080,0.0,-1.9302987209808517e-34,9959.330656861499,0.9964229611687005,-3.498917289303129e-19
214140,0.0,-1.999986987514762e-34,9959.330656857364,0.9964229611687437,-3.5353768917291767e-19
214200,0.0,-2.0696409704926055e-34,9959.330656853235,0.9964229611687868,-3.5718061049612115e-19
214260,0.0,-2.13925947012726e-34,9959.330656849115,0.9964229611688299,-3.60820429567576e-19
214320,0.0,-2.208841286631566e-34,9959.330656845003,0.9964229611688729,-3.64457083054935e-19
214380,0.0,-2.2783852202184153e-34,9959.330656840897,0.9964229611689157,-3.6809050762584856e-19
214440,0.0,-2.347890071100648e-34,9959.3306568368,0.9964229611689586,-3.7172063994797094e-19
214500,0.0,-2.417354639491156e-34,9959.33065683271,0.9964229611690013,-3.753474166889512e-19
214560,0.0,-2.4867777256027916e-34,9959.330656828628,0.9964229611690439,-3.789707745164442e-19
214620,0.0,-2.5561581296484085e-34,9959.330656824553,0.9964229611690865,-3.825906500980983e-19
214680,0.0,-2.625494651840911e-34,9959.330656820488,0.996422961169129,-3.8620698010156984e-19
214740,0.0,-2.6947860923931144e-34,9959.33065681643,0.9964229611691714,-3.8981970119450644e-19
214800,0.0,-2.7640312515179342e-34,9959.330656812379,0.9964229611692137,-3.9342875004456437e-19
214860,0.0,-2.833228929428212e-34,9959.330656808337,0.996422961169256,-3.9703406331939206e-19
214920,0.0,-2.9023779263367883e-34,9959.330656804303,0.9964229611692981,-4.00635577686643e-19
214980,0.0,-2.9714770424565796e-34,9959.330656800277,0.9964229611693401,-4.042332298139697e-19
215040,0.0,-3.0405250780004263e-34,9959.33065679626,0.9964229611693821,-4.0782695636902294e-19
215100,0.0,-3.109520833181182e-34,9959.330656792252,0.9964229611694241,-4.114166940194559e-19
215160,0.0,-3.1784631082117498e-34,9959.33065678825,0.9964229611694658,-4.1500237943292003e-19
215220,0.0,-3.247350703304946e-34,9959.33065678426,0.9964229611695076,-4.1858394927706645e-19
215280,0.0,-3.3161824186736734e-34,9959.330656780276,0.9964229611695492,-4.221613402195479e-19
215340,0.0,-3.3849570545307866e-34,9959.330656776301,0.9964229611695907,-4.257344889280172e-19
215400,0.0,-3.45367341108915e-34,9959.330656772334,0.9964229611696321,-4.293033320701247e-19
215460,0.0,-3.522330288561644e-34,9959.330656768378,0.9964229611696734,-4.32867806313524e-19
215520,0.0,-3.5909264871611076e-34,9959.330656764429,0.9964229611697147,-4.364278483258655e-19
215580,0.0,-3.6594608071004204e-34,9959.330656760489,0.9964229611697559,-4.399833947748027e-19
215640,0.0,-3.7279320485924724e-34,9959.330656756558,0.996422961169797,-4.43534382327986e-19
215700,0.0,-3.7963390118500803e-34,9959.330656752638,0.996422961169838,-4.470807476530697e-19
215760,0.0,-3.864680497086148e-34,9959.330656748725,0.9964229611698788,-4.506224274177022e-19
215820,0.0,-3.932955304513526e-34,9959.330656744822,0.9964229611699196,-4.541593582895397e-19
215880,0.0,-4.001162234345085e-34,9959.330656740927,0.9964229611699602,-4.576914769362299e-19
215940,0.0,-4.069300086793687e-34,9959.330656737044,0.9964229611700008,-4.612187200254282e-19
216000,0.0,-4.137367662072187e-34,9959.330656733167,0.9964229611700414,-4.647410242247847e-19
216060,0.0,-4.205363760393488e-34,9959.330656729302,0.9964229611700818,-4.682583262019528e-19
216120,0.0,-4.27328718197043e-34,9959.330656725446,0.996422961170122,-4.717705626245828e-19
216180,0.0,-4.341136727015857e-34,9959.3306567216,0.9964229611701622,-4.752776701603277e-19
216240,0.0,-4.408911195742694e-34,9959.330656717762,0.9964229611702023,-4.787795854768398e-19
216300,0.0,-4.4766093883637474e-34,9959.330656713935,0.9964229611702423,-4.822762452417701e-19
216360,0.0,-4.544230105091918e-34,9959.330656710119,0.9964229611702822,-4.857675861227717e-19
216420,0.0,-4.611772146140071e-34,9959.33065670631,0.9964229611703219,-4.892535447874953e-19
216480,0.0,-4.67923431172104e-34,9959.330656702514,0.9964229611703617,-4.927340579035943e-19
216540,0.0,-4.746615402047723e-34,9959.330656698727,0.9964229611704012,-4.962090621387184e-19
216600,0.0,-4.813914217332976e-34,9959.330656694949,0.9964229611704407,-4.996784941605226e-19
216660,0.0,-4.881129557789677e-34,9959.330656691182,0.99642296117048,-5.031422906366566e-19
216720,0.0,-4.948260223630666e-34,9959.330656687423,0.9964229611705193,-5.066003882347739e-19
216780,0.0,-5.015305015068823e-34,9959.330656683676,0.9964229611705584,-5.100527236225251e-19
216840,0.0,-5.082262732317025e-34,9959.33065667994,0.9964229611705975,-5.134992334675634e-19
216900,0.0,-5.1491321755881265e-34,9959.330656676215,0.9964229611706364,-5.169398544375389e-19
216960,0.0,-5.215912145094981e-34,9959.330656672499,0.9964229611706752,-5.203745232001062e-19
217020,0.0,-5.28260144105049e-34,9959.330656668793,0.9964229611707139,-5.238031764229154e-19
217080,0.0,-5.3491988636674715e-34,9959.330656665099,0.9964229611707526,-5.272257507736188e-19
217140,0.0,-5.4157032131588295e-34,9959.330656661416,0.996422961170791,-5.306421829198689e-19
217200,0.0,-5.482113289737426e-34,9959.330656657743,0.9964229611708294,-5.340524095293179e-19
217260,0.0,-5.548427893616106e-34,9959.330656654081,0.9964229611708677,-5.374563672696165e-19
217320,0.0,-5.614645825007759e-34,9959.330656650429,0.9964229611709058,-5.408539928084177e-19
217380,0.0,-5.680765884125226e-34,9959.330656646789,0.9964229611709439,-5.442452228133738e-19
217440,0.0,-5.746786871181386e-34,9959.33065664316,0.9964229611709817,-5.476299939521349e-19
217500,0.0,-5.812707586389127e-34,9959.330656639542,0.9964229611710196,-5.510082428923556e-19
217560,0.0,-5.878526829961258e-34,9959.330656635935,0.9964229611710572,-5.543799063016859e-19
217620,0.0,-5.944243402110714e-34,9959.330656632339,0.9964229611710949,-5.577449208477785e-19
217680,0.0,-6.009856103050313e-34,9959.330656628754,0.9964229611711323,-5.611032231982853e-19
217740,0.0,-6.075363732992936e-34,9959.330656625181,0.9964229611711696,-5.64454750020859e-19
217800,0.0,-6.140765092151457e-34,9959.33065662162,0.9964229611712069,-5.677994379831495e-19
217860,0.0,-6.206058980738711e-34,9959.330656618069,0.996422961171244,-5.711372237528116e-19
217920,0.0,-6.271244198967605e-34,9959.33065661453,0.9964229611712809,-5.744680439974944e-19
217980,0.0,-6.336319547050975e-34,9959.330656611002,0.9964229611713178,-5.777918353848528e-19
218040,0.0,-6.401283825201696e-34,9959.330656607488,0.9964229611713544,-5.811085345825366e-19
218100,0.0,-6.466135833632646e-34,9959.330656603983,0.9964229611713911,-5.844180782581985e-19
218160,0.0,-6.53087437255668e-34,9959.330656600492,0.9964229611714276,-5.877204030794905e-19
218220,0.0,-6.595498242186663e-34,9959.330656597012,0.9964229611714639,-5.910154457140645e-19
218280,0.0,-6.660006242735462e-34,9959.330656593544,0.9964229611715002,-5.943031428295725e-19
218340,0.0,-6.724397174415941e-34,9959.330656590088,0.9964229611715363,-5.975834310936666e-19
218400,0.0,-6.78866983744098e-34,9959.330656586644,0.9964229611715723,-6.008562471739986e-19
218460,0.0,-6.852823032023407e-34,9959.330656583212,0.9964229611716081,-6.041215277382206e-19
218520,0.0,-6.916855558376138e-34,9959.330656579794,0.9964229611716439,-6.073792094539852e-19
218580,0.0,-6.980766216712013e-34,9959.330656576387,0.9964229611716794,-6.106292289889425e-19
218640,0.0,-7.0445538072438875e-34,9959.33065657299,0.9964229611717149,-6.138715230107468e-19
218700,0.0,-7.1082171301846395e-34,9959.33065656961,0.9964229611717502,-6.17106028187048e-19
218760,0.0,-7.171754985747156e-34,9959.330656566239,0.9964229611717854,-6.203326811855001e-19
218820,0.0,-7.235166174144259e-34,9959.330656562883,0.9964229611718205,-6.235514186737529e-19
218880,0.0,-7.298449495588859e-34,9959.330656559538,0.9964229611718555,-6.267621773194601e-19
218940,0.0,-7.361603750293777e-34,9959.330656556205,0.9964229611718903,-6.299648937902731e-19
219000,0.0,-7.424627738471912e-34,9959.330656552887,0.996422961171925,-6.33159504753844e-19
219060,0.0,-7.487520260336131e-34,9959.33065654958,0.9964229611719595,-6.363459468778245e-19
219120,0.0,-7.550280116099266e-34,9959.330656546286,0.9964229611719939,-6.395241568298669e-19
219180,0.0,-7.612906105974238e-34,9959.330656543007,0.9964229611720282,-6.426940712776229e-19
219240,0.0,-7.675397030173858e-34,9959.33065653974,0.9964229611720623,-6.458556268887446e-19
219300,0.0,-7.737751688911027e-34,9959.330656536486,0.9964229611720963,-6.490087603308835e-19
219360,0.0,-7.799968882398595e-34,9959.330656533244,0.9964229611721301,-6.521534082716932e-19
219420,0.0,-7.862047410849423e-34,9959.330656530017,0.9964229611721639,-6.552895073788234e-19
219480,0.0,-7.923986074476393e-34,9959.330656526801,0.9964229611721975,-6.584169943199278e-19
219540,0.0,-7.985783673492364e-34,9959.330656523602,0.996422961172231,-6.615358057626578e-19
219600,0.0,-8.0474390081102e-34,9959.330656520413,0.9964229611722643,-6.6464587837466525e-19
219660,0.0,-8.108950878542789e-34,9959.330656517239,0.9964229611722975,-6.6774714882360235e-19
219720,0.0,-8.170318085002944e-34,9959.33065651408,0.9964229611723304,-6.708395537771211e-19
219780,0.0,-8.231539427703583e-34,9959.330656510932,0.9964229611723633,-6.739230299028733e-19
219840,0.0,-8.292613706857541e-34,9959.330656507798,0.996422961172396,-6.769975138685103e-19
219900,0.0,-8.353539722677695e-34,9959.33065650468,0.9964229611724287,-6.800629423416855e-19
219960,0.0,-8.414316275376932e-34,9959.330656501574,0.9964229611724611,-6.831192519900501e-19
220020,0.0,-8.474942165168072e-34,9959.330656498483,0.9964229611724934,-6.861663794812562e-19
220080,0.0,-8.535416192264016e-34,9959.330656495405,0.9964229611725255,-6.89204261482955e-19
220140,0.0,-8.595737156877632e-34,9959.330656492342,0.9964229611725576,-6.922328346628e-19
220200,0.0,-8.65590385922175e-34,9959.330656489292,0.9964229611725894,-6.952520356884421e-19
220260,0.0,-8.715915099509282e-34,9959.330656486258,0.9964229611726211,-6.982618012275338e-19
220320,0.0,-8.775769677953056e-34,9959.330656483236,0.9964229611726527,-7.012620679477262e-19
220380,0.0,-8.835466394765968e-34,9959.33065648023,0.9964229611726841,-7.042527725166725e-19
220440,0.0,-8.895004050160865e-34,9959.330656477237,0.9964229611727153,-7.07233851602024e-19
220500,0.0,-8.954381444350607e-34,9959.33065647426,0.9964229611727464,-7.102052418714328e-19
220560,0.0,-9.01359737754807e-34,9959.330656471297,0.9964229611727774,-7.131668799925503e-19
220620,0.0,-9.072650649966139e-34,9959.330656468348,0.9964229611728083,-7.161187026330296e-19
220680,0.0,-9.131540061817641e-34,9959.330656465414,0.9964229611728389,-7.190606464605217e-19
220740,0.0,-9.19026441331548e-34,9959.330656462496,0.9964229611728693,-7.219926481426793e-19
220800,0.0,-9.248822504672494e-34,9959.330656459591,0.9964229611728997,-7.249146443471542e-19
220860,0.0,-9.30721313610156e-34,9959.330656456701,0.9964229611729299,-7.278265717415984e-19
220920,0.0,-9.365435107815548e-34,9959.330656453827,0.9964229611729599,-7.307283669936635e-19
220980,0.0,-9.4234872200273e-34,9959.330656450968,0.9964229611729898,-7.336199667710013e-19
221040,0.0,-9.48136827294972e-34,9959.330656448123,0.9964229611730195,-7.365013077412647e-19
221100,0.0,-9.539077066795654e-34,9959.330656445294,0.9964229611730491,-7.393723265721046e-19
221160,0.0,-9.596612401777967e-34,9959.33065644248,0.9964229611730785,-7.422329599311741e-19
221220,0.0,-9.653973078109525e-34,9959.33065643968,0.9964229611731077,-7.450831444861241e-19
221280,0.0,-9.711157896003186e-34,9959.330656436898,0.9964229611731368,-7.479228169046077e-19
221340,0.0,-9.768165655671842e-34,9959.33065643413,0.9964229611731658,-7.5075191385427565e-19
221400,0.0,-9.824995157328324e-34,9959.330656431377,0.9964229611731945,-7.5357037200278125e-19
221460,0.0,-9.881645201185524e-34,9959.33065642864,0.9964229611732232,-7.56378128017775e-19
221520,0.0,-9.93811458745631e-34,9959.330656425918,0.9964229611732516,-7.591751185669106e-19
221580,0.0,-9.994402116353525e-34,9959.330656423213,0.9964229611732798,-7.619612803178382e-19
221640,0.0,-1.0050506588090067e-33,9959.330656420523,0.9964229611733079,-7.647365499382114e-19
221700,0.0,-1.0106426802878765e-33,9959.33065641785,0.9964229611733358,-7.6750086409568155e-19
221760,0.0,-1.0162161560932498e-33,9959.330656415192,0.9964229611733636,-7.702541594578998e-19
221820,0.0,-1.021770966246415e-33,9959.330656412549,0.9964229611733912,-7.7299637269251915e-19
221880,0.0,-1.027306990768657e-33,9959.330656409922,0.9964229611734187,-7.757274404671916e-19
221940,0.0,-1.0328241096812627e-33,9959.330656407312,0.996422961173446,-7.784472994495684e-19
222000,0.0,-1.0383222030055196e-33,9959.330656404718,0.9964229611734731,-7.8115588630730255e-19
222060,0.0,-1.0438011507627124e-33,9959.33065640214,0.9964229611734999,-7.8385313770804535e-19
222120,0.0,-1.0492608329741288e-33,9959.33065639958,0.9964229611735267,-7.865389903194485e-19
222180,0.0,-1.054701129661056e-33,9959.330656397035,0.9964229611735533,-7.892133808091647e-19
222240,0.0,-1.060121920844779e-33,9959.330656394506,0.9964229611735798,-7.918762458448446e-19
222300,0.0,-1.065523086546586e-33,9959.330656391992,0.996422961173606,-7.945275220941427e-19
222360,0.0,-1.070904506787762e-33,9959.330656389498,0.996422961173632,-7.971671462247079e-19
222420,0.0,-1.0762660615895952e-33,9959.33065638702,0.996422961173658,-7.997950549041948e-19
222480,0.0,-1.0816076309733724e-33,9959.330656384556,0.9964229611736837,-8.024111848002543e-19
222540,0.0,-1.0869290949603774e-33,9959.330656382112,0.9964229611737092,-8.050154725805379e-19
222600,0.0,-1.0922303335718994e-33,9959.330656379681,0.9964229611737346,-8.07607854912698e-19
222660,0.0,-1.0975112268292243e-33,9959.33065637727,0.9964229611737598,-8.101882684643867e-19
222720,0.0,-1.1027716547536395e-33,9959.330656374876,0.9964229611737848,-8.127566499032563e-19
222780,0.0,-1.1080114973664297e-33,9959.330656372498,0.9964229611738097,-8.15312935896958e-19
222840,0.0,-1.1132306346888823e-33,9959.330656370137,0.9964229611738343,-8.178570631131447e-19
222900,0.0,-1.118428946742286e-33,9959.330656367794,0.9964229611738589,-8.203889682194672e-19
222960,0.0,-1.1236063135479236e-33,9959.330656365468,0.9964229611738832,-8.229085878835784e-19
223020,0.0,-1.1287626151270845e-33,9959.330656363158,0.9964229611739073,-8.254158587731303e-19
223080,0.0,-1.1338977315010542e-33,9959.330656360868,0.9964229611739313,-8.279107175557742e-19
223140,0.0,-1.1390115426911195e-33,9959.330656358592,0.996422961173955,-8.303931008991625e-19
223200,0.0,-1.1441039287185668e-33,9959.330656356336,0.9964229611739785,-8.328629454709476e-19
223260,0.0,-1.149174769604683e-33,9959.330656354097,0.996422961174002,-8.353201879387805e-19
223320,0.0,-1.1542239453707541e-33,9959.330656351876,0.9964229611740252,-8.377647649703143e-19
223380,0.0,-1.1592513360380684e-33,9959.330656349672,0.9964229611740482,-8.401966132331994e-19
223440,0.0,-1.1642568216279109e-33,9959.330656347485,0.996422961174071,-8.426156693950898e-19
223500,0.0,-1.1692402821615678e-33,9959.330656345317,0.9964229611740937,-8.450218701236354e-19
223560,0.0,-1.174201597660327e-33,9959.330656343167,0.9964229611741161,-8.474151520864902e-19
223620,0.0,-1.1791406481454746e-33,9959.330656341035,0.9964229611741384,-8.497954519513047e-19
223680,0.0,-1.1840573136382961e-33,9959.330656338921,0.9964229611741605,-8.521627063857315e-19
223740,0.0,-1.1889514741600808e-33,9959.330656336826,0.9964229611741824,-8.545168520574229e-19
223800,0.0,-1.1938230097321128e-33,9959.330656334747,0.9964229611742041,-8.568578256340295e-19
223860,0.0,-1.1986718003756791e-33,9959.330656332688,0.9964229611742257,-8.591855637832052e-19
223920,0.0,-1.203497726112067e-33,9959.330656330647,0.996422961174247,-8.615000031726007e-19
223980,0.0,-1.2083006669625633e-33,9959.330656328624,0.9964229611742681,-8.63801080469868e-19
224040,0.0,-1.213080502948454e-33,9959.33065632662,0.9964229611742891,-8.6608873234266e-19
224100,0.0,-1.217837114091025e-33,9959.330656324633,0.9964229611743097,-8.68362895458627e-19
224160,0.0,-1.2225703804115643e-33,9959.330656322667,0.9964229611743304,-8.70623506485423e-19
224220,0.0,-1.227280181931357e-33,9959.330656320717,0.9964229611743507,-8.728705020906988e-19
224280,0.0,-1.2319663986716922e-33,9959.330656318787,0.9964229611743709,-8.751038189421063e-19
224340,0.0,-1.236628910653853e-33,9959.330656316877,0.9964229611743908,-8.77323393707298e-19
224400,0.0,-1.2412675978991284e-33,9959.330656314985,0.9964229611744106,-8.795291630539254e-19
224460,0.0,-1.2458823404288054e-33,9959.330656313112,0.9964229611744302,-8.817210636496412e-19
224520,0.0,-1.2504730182641688e-33,9959.330656311256,0.9964229611744495,-8.83899032162096e-19
224580,0.0,-1.2550395114265065e-33,9959.330656309421,0.9964229611744687,-8.860630052589433e-19
224640,0.0,-1.2595816999371038e-33,9959.330656307606,0.9964229611744877,-8.882129196078346e-19
224700,0.0,-1.2640994638172479e-33,9959.330656305809,0.9964229611745065,-8.903487118764216e-19
224760,0.0,-1.2685926830882267e-33,9959.330656304031,0.996422961174525,-8.924703187323563e-19
224820,0.0,-1.2730612377713252e-33,9959.330656302272,0.9964229611745434,-8.94577676843291e-19
224880,0.0,-1.2775050078878304e-33,9959.330656300534,0.9964229611745615,-8.966707228768777e-19
224940,0.0,-1.2819238734590293e-33,9959.330656298815,0.9964229611745795,-8.987493935007674e-19
225000,0.0,-1.2863177145062075e-33,9959.330656297116,0.9964229611745973,-9.008136253826137e-19
225060,0.0,-1.2906864110506527e-33,9959.330656295435,0.9964229611746148,-9.02863355190067e-19
225120,0.0,-1.2950298431136515e-33,9959.330656293774,0.9964229611746322,-9.048985195907805e-19
225180,0.0,-1.299347890716489e-33,9959.330656292133,0.9964229611746493,-9.069190552524057e-19
225240,0.0,-1.303640433880453e-33,9959.330656290513,0.9964229611746663,-9.089248988425942e-19
225300,0.0,-1.3079073526268306e-33,9959.33065628891,0.996422961174683,-9.109159870289986e-19
225360,0.0,-1.3121485269769077e-33,9959.33065628733,0.9964229611746995,-9.128922564792702e-19
225420,0.0,-1.3163638369519706e-33,9959.330656285769,0.9964229611747158,-9.148536438610618e-19
225480,0.0,-1.3205531625733055e-33,9959.330656284228,0.996422961174732,-9.16800085842025e-19
225540,0.0,-1.324716383862201e-33,9959.330656282706,0.9964229611747478,-9.187315190898114e-19
225600,0.0,-1.3288533808399416e-33,9959.330656281205,0.9964229611747635,-9.206478802720738e-19
225660,0.0,-1.3329640335278147e-33,9959.330656279724,0.996422961174779,-9.225491060564635e-19
225720,0.0,-1.3370482219471066e-33,9959.330656278265,0.9964229611747942,-9.244351331106326e-19
225780,0.0,-1.3411058261191042e-33,9959.330656276825,0.9964229611748093,-9.263058981022333e-19
225840,0.0,-1.3451367260650946e-33,9959.330656275406,0.9964229611748241,-9.281613376989178e-19
225900,0.0,-1.3491408018063635e-33,9959.330656274007,0.9964229611748388,-9.30001388568337e-19
225960,0.0,-1.3531179333641977e-33,9959.330656272628,0.9964229611748532,-9.318259873781442e-19
226020,0.0,-1.3570680007598845e-33,9959.330656271271,0.9964229611748673,-9.336350707959907e-19
226080,0.0,-1.3609908840147094e-33,9959.330656269934,0.9964229611748813,-9.354285754895284e-19
226140,0.0,-1.3648864631499599e-33,9959.33065626862,0.996422961174895,-9.372064381264094e-19
226200,0.0,-1.3687546181869216e-33,9959.330656267324,0.9964229611749086,-9.389685953742858e-19
226260,0.0,-1.3725952291468817e-33,9959.330656266051,0.9964229611749219,-9.4071498390081e-19
226320,0.0,-1.376408176051127e-33,9959.330656264798,0.996422961174935,-9.424455403736327e-19
226380,0.0,-1.3801933389209444e-33,9959.330656263566,0.9964229611749479,-9.441602014604073e-19
226440,0.0,-1.3839505977776193e-33,9959.330656262355,0.9964229611749604,-9.458589038287848e-19
226500,0.0,-1.3876798326424397e-33,9959.330656261165,0.9964229611749729,-9.475415841464176e-19
226560,0.0,-1.3913809235366907e-33,9959.330656259997,0.9964229611749851,-9.492081790809577e-19
226620,0.0,-1.3950537504816597e-33,9959.330656258851,0.9964229611749971,-9.508586253000569e-19
226680,0.0,-1.3986981934986337e-33,9959.330656257725,0.9964229611750088,-9.524928594713672e-19
226740,0.0,-1.4023141326088983e-33,9959.330656256621,0.9964229611750204,-9.54110818262541e-19
226800,0.0,-1.405901447833741e-33,9959.330656255539,0.9964229611750317,-9.557124383412295e-19
226860,0.0,-1.4094600191944476e-33,9959.330656254479,0.9964229611750428,-9.572976563750854e-19
226920,0.0,-1.4129897267123053e-33,9959.33065625344,0.9964229611750536,-9.588664090317603e-19
226980,0.0,-1.4164904504086008e-33,9959.330656252423,0.9964229611750642,-9.604186329789063e-19
227040,0.0,-1.4199620703046194e-33,9959.330656251426,0.9964229611750747,-9.619542648841751e-19
227100,0.0,-1.4234044664216497e-33,9959.330656250453,0.9964229611750849,-9.634732414152192e-19
227160,0.0,-1.426817518780977e-33,9959.330656249502,0.9964229611750948,-9.649754992396903e-19
227220,0.0,-1.4302011074038881e-33,9959.330656248572,0.9964229611751045,-9.664609750252405e-19
227280,0.0,-1.43355511231167e-33,9959.330656247665,0.996422961175114,-9.679296054395216e-19
227340,0.0,-1.4368794135256081e-33,9959.33065624678,0.9964229611751232,-9.693813271501853e-19
227400,0.0,-1.4401738910669905e-33,9959.330656245918,0.9964229611751322,-9.708160768248844e-19
227460,0.0,-1.443438424957103e-33,9959.330656245076,0.9964229611751411,-9.722337911312702e-19
227520,0.0,-1.446672895217232e-33,9959.33065624426,0.9964229611751496,-9.73634406736995e-19
227580,0.0,-1.449877181868665e-33,9959.330656243463,0.9964229611751578,-9.7501786030971e-19
227640,0.0,-1.4530511649326876e-33,9959.33065624269,0.9964229611751659,-9.76384088517069e-19
227700,0.0,-1.4561947244305874e-33,9959.330656241938,0.9964229611751738,-9.77733028026722e-19
227760,0.0,-1.4593077403836495e-33,9959.33065624121,0.9964229611751814,-9.79064615506322e-19
227820,0.0,-1.462390092813162e-33,9959.330656240505,0.9964229611751888,-9.803787876235208e-19
227880,0.0,-1.4654416617404107e-33,9959.330656239823,0.9964229611751959,-9.816754810459704e-19
227940,0.0,-1.4684623271866823e-33,9959.330656239163,0.9964229611752028,-9.829546324413227e-19
228000,0.0,-1.4714519691732637e-33,9959.330656238526,0.9964229611752095,-9.842161784772297e-19
228060,0.0,-1.4744104677214407e-33,9959.330656237913,0.9964229611752159,-9.854600558213434e-19
228120,0.0,-1.4773377028525007e-33,9959.330656237322,0.996422961175222,-9.866862011413158e-19
228180,0.0,-1.4802335545877301e-33,9959.330656236754,0.996422961175228,-9.878945511047987e-19
228240,0.0,-1.4830979029484156e-33,9959.33065623621,0.9964229611752337,-9.890850423794446e-19
228300,0.0,-1.4859306279558431e-33,9959.330656235688,0.9964229611752391,-9.90257611632905e-19
228360,0.0,-1.4887316096313006e-33,9959.330656235192,0.9964229611752443,-9.91412195532832e-19
228420,0.0,-1.491500727996073e-33,9959.330656234717,0.9964229611752492,-9.925487307468778e-19
228480,0.0,-1.4942378630714478e-33,9959.330656234266,0.996422961175254,-9.936671539426938e-19
228540,0.0,-1.496942894878712e-33,9959.330656233838,0.9964229611752584,-9.947674017879324e-19
228600,0.0,-1.499615703439151e-33,9959.330656233435,0.9964229611752626,-9.958494109502454e-19
228660,0.0,-1.5022561687740525e-33,9959.330656233054,0.9964229611752666,-9.969131180972853e-19
228720,0.0,-1.504864170904702e-33,9959.330656232698,0.9964229611752703,-9.979584598967032e-19
228780,0.0,-1.5074395898523878e-33,9959.330656232365,0.9964229611752738,-9.989853730161518e-19
228840,0.0,-1.509982305638395e-33,9959.330656232056,0.9964229611752771,-9.99993794123283e-19
228900,0.0,-1.5124921982840101e-33,9959.330656231772,0.9964229611752801,-1.0009836598857484e-18
228960,0.0,-1.5149691478105211e-33,9959.33065623151,0.9964229611752827,-1.0019549069712e-18
229020,0.0,-1.5174130342392133e-33,9959.330656231274,0.9964229611752852,-1.0029074720472905e-18
229080,0.0,-1.5198237375913737e-33,9959.33065623106,0.9964229611752874,-1.0038412917816709e-18
229140,0.0,-1.5222011378882889e-33,9959.330656230874,0.9964229611752894,-1.004756302841994e-18
229200,0.0,-1.5245451151512453e-33,9959.33065623071,0.9964229611752912,-1.0056524418959112e-18
229260,0.0,-1.5268555494015304e-33,9959.33065623057,0.9964229611752926,-1.0065296456110746e-18
229320,0.0,-1.5291323206604297e-33,9959.330656230453,0.9964229611752938,-1.0073878506551364e-18
229380,0.0,-1.5313753089492297e-33,9959.330656230362,0.9964229611752947,-1.0082269936957484e-18
229440,0.0,-1.533584394289218e-33,9959.330656230297,0.9964229611752954,-1.0090470114005627e-18
229500,0.0,-1.5357594567016807e-33,9959.330656230255,0.9964229611752958,-1.0098478404372313e-18
229560,0.0,-1.5379003762079042e-33,9959.330656230237,0.996422961175296,-1.010629417473406e-18
229620,0.0,-1.5400070328291753e-33,9959.330656230246,0.9964229611752959,-1.0113916791767388e-18
229680,0.0,-1.54207930658678e-33,9959.330656230277,0.9964229611752956,-1.0121345622148818e-18
229740,0.0,-1.5441170775020057e-33,9959.330656230335,0.996422961175295,-1.0128580032554871e-18
229800,0.0,-1.5461202255961392e-33,9959.330656230417,0.9964229611752942,-1.0135619389662064e-18
229860,0.0,-1.548088630890466e-33,9959.330656230524,0.996422961175293,-1.0142463060146919e-18
229920,0.0,-1.5500221734062742e-33,9959.330656230657,0.9964229611752917,-1.0149110410685951e-18
229980,0.0,-1.5519207331648486e-33,9959.330656230813,0.9964229611752901,-1.0155560807955685e-18
230040,0.0,-1.553784190187477e-33,9959.330656230997,0.9964229611752882,-1.0161813618632643e-18
230100,0.0,-1.555612424495446e-33,9959.330656231205,0.996422961175286,-1.0167868209393338e-18
230160,0.0,-1.557405316110041e-33,9959.33065623144,0.9964229611752835,-1.0173723946914293e-18
230220,0.0,-1.5591627450525504e-33,9959.330656231698,0.9964229611752808,-1.0179380197872025e-18
230280,0.0,-1.560884591344259e-33,9959.330656231981,0.9964229611752778,-1.0184836328943063e-18
230340,0.0,-1.5625707350064547e-33,9959.33065623229,0.9964229611752746,-1.0190091706803915e-18
230400,0.0,-1.564221056060424e-33,9959.330656232627,0.9964229611752711,-1.0195145698131107e-18
230460,0.0,-1.5658354345274524e-33,9959.330656232987,0.9964229611752673,-1.0199997669601159e-18
230520,0.0,-1.5674137504288278e-33,9959.330656233375,0.9964229611752633,-1.0204646987890588e-18
230580,0.0,-1.568955883785836e-33,9959.330656233788,0.996422961175259,-1.0209093019675919e-18
230640,0.0,-1.5704617146197638e-33,9959.330656234226,0.9964229611752544,-1.0213335131633667e-18
230700,0.0,-1.571931122951898e-33,9959.330656234692,0.9964229611752495,-1.0217372690440352e-18
230760,0.0,-1.5733639888035245e-33,9959.33065623518,0.9964229611752444,-1.0221205062772495e-18
230820,0.0,-1.574760192195931e-33,9959.330656235697,0.996422961175239,-1.0224831615306614e-18
230880,0.0,-1.5761196131504028e-33,9959.330656236241,0.9964229611752333,-1.0228251714719233e-18
230940,0.0,-1.5774421316882277e-33,9959.33065623681,0.9964229611752273,-1.0231464727686868e-18
231000,0.0,-1.5787276278306912e-33,9959.330656237405,0.9964229611752211,-1.0234470020886039e-18
231060,0.0,-1.579975981599081e-33,9959.330656238028,0.9964229611752147,-1.023726696099327e-18
231120,0.0,-1.581187073014683e-33,9959.330656238675,0.9964229611752079,-1.0239854914685075e-18
231180,0.0,-1.582360782098784e-33,9959.33065623935,0.9964229611752008,-1.0242233248637979e-18
231240,0.0,-1.58349698887267e-33,9959.330656240052,0.9964229611751935,-1.0244401329528496e-18
231300,0.0,-1.584595573357629e-33,9959.33065624078,0.9964229611751859,-1.024635852403315e-18
231360,0.0,-1.5856564155749465e-33,9959.330656241535,0.996422961175178,-1.024810419882846e-18
231420,0.0,-1.5866793955459088e-33,9959.330656242315,0.9964229611751698,-1.0249637720590946e-18
231480,0.0,-1.5876643932918036e-33,9959.330656243124,0.9964229611751614,-1.0250958455997127e-18
231540,0.0,-1.5886112888339162e-33,9959.33065624396,0.9964229611751527,-1.0252065771723525e-18
231600,0.0,-1.589519962193534e-33,9959.330656244822,0.9964229611751437,-1.0252959034446658e-18
231660,0.0,-1.5903902933919442e-33,9959.330656245711,0.9964229611751344,-1.0253637610843043e-18
231720,0.0,-1.591222162450432e-33,9959.330656246626,0.9964229611751249,-1.0254100867589203e-18
231780,0.0,-1.5920154493902852e-33,9959.33065624757,0.996422961175115,-1.025434817136166e-18
231840,0.0,-1.592770034232789e-33,9959.330656248541,0.9964229611751049,-1.025437888883693e-18
231900,0.0,-1.5934857969992314e-33,9959.330656249538,0.9964229611750944,-1.0254192386691534e-18
231960,0.0,-1.5941626177108986e-33,9959.330656250564,0.9964229611750837,-1.025378803160199e-18
232020,0.0,-1.5948003763890765e-33,9959.330656251617,0.9964229611750727,-1.0253165190244822e-18
232080,0.0,-1.5953989530550528e-33,9959.330656252698,0.9964229611750614,-1.0252323229296547e-18
232140,0.0,-1.595958227730113e-33,9959.330656253806,0.9964229611750498,-1.0251261515433683e-18
232200,0.0,-1.5964780804355444e-33,9959.33065625494,0.9964229611750379,-1.0249979415332756e-18
232260,0.0,-1.5969583911926335e-33,9959.330656256105,0.9964229611750258,-1.0248476295670278e-18
232320,0.0,-1.5973990400226664e-33,9959.330656257296,0.9964229611750134,-1.0246751523122772e-18
232380,0.0,-1.5977999069469307e-33,9959.330656258515,0.9964229611750006,-1.024480446436676e-18
232440,0.0,-1.598160871986712e-33,9959.33065625976,0.9964229611749876,-1.0242634486078761e-18
232500,0.0,-1.598481815163297e-33,9959.330656261036,0.9964229611749743,-1.0240240954935294e-18
232560,0.0,-1.598762616497973e-33,9959.330656262338,0.9964229611749607,-1.0237623237612878e-18
232620,0.0,-1.599003156012026e-33,9959.33065626367,0.9964229611749468,-1.0234780700788034e-18
232680,0.0,-1.5992033137267423e-33,9959.330656265029,0.9964229611749326,-1.0231712711137281e-18
232740,0.0,-1.5993629696634097e-33,9959.330656266417,0.996422961174918,-1.022841863533714e-18
232800,0.0,-1.5994820038433137e-33,9959.330656267832,0.9964229611749033,-1.0224897840064129e-18
232860,0.0,-1.5995602962877412e-33,9959.330656269276,0.9964229611748882,-1.0221149691994769e-18
232920,0.0,-1.5995977270179787e-33,9959.33065627075,0.9964229611748727,-1.021717355780558e-18
232980,0.0,-1.599594176055313e-33,9959.33065627225,0.9964229611748571,-1.0212968804173078e-18
233040,0.0,-1.5995495234210305e-33,9959.33065627378,0.9964229611748411,-1.0208534797773792e-18
233100,0.0,-1.599463649136418e-33,9959.330656275339,0.9964229611748249,-1.020387090528423e-18
233160,0.0,-1.599336433222762e-33,9959.330656276927,0.9964229611748082,-1.0198976493380921e-18
233220,0.0,-1.5991677557013487e-33,9959.330656278542,0.9964229611747913,-1.0193850928740382e-18
233280,0.0,-1.5989574965934655e-33,9959.330656280186,0.9964229611747741,-1.018849357803913e-18
233340,0.0,-1.5987055359203985e-33,9959.330656281862,0.9964229611747567,-1.0182903807953688e-18
233400,0.0,-1.598411753703434e-33,9959.330656283564,0.9964229611747389,-1.0177080985160575e-18
233460,0.0,-1.598076029963859e-33,9959.330656285296,0.9964229611747208,-1.0171024476336311e-18
233520,0.0,-1.5976982447229606e-33,9959.330656287057,0.9964229611747024,-1.0164733648157416e-18
233580,0.0,-1.5972782780020245e-33,9959.330656288847,0.9964229611746837,-1.0158207867300408e-18
233640,0.0,-1.5968160098223376e-33,9959.330656290667,0.9964229611746647,-1.0151446500441808e-18
233700,0.0,-1.596311320205186e-33,9959.330656292515,0.9964229611746453,-1.0144448914258137e-18
233760,0.0,-1.5957640891718574e-33,9959.330656294394,0.9964229611746257,-1.0137214475425913e-18
233820,0.0,-1.5951741967436375e-33,9959.3306562963,0.9964229611746058,-1.0129742550621659e-18
233880,0.0,-1.5945415229418132e-33,9959.330656298238,0.9964229611745855,-1.012203250652189e-18
233940,0.0,-1.593865947787671e-33,9959.330656300206,0.996422961174565,-1.0114083709803129e-18
234000,0.0,-1.5931473513024976e-33,9959.330656302202,0.9964229611745441,-1.0105895527141894e-18
234060,0.0,-1.59238561350758e-33,9959.330656304228,0.996422961174523,-1.0097467325214705e-18
234120,0.0,-1.591580614424204e-33,9959.330656306285,0.9964229611745015,-1.0088798470698083e-18
234180,0.0,-1.5907322340736564e-33,9959.330656308372,0.9964229611744797,-1.0079888330268548e-18
234240,0.0,-1.5898403524772242e-33,9959.330656310487,0.9964229611744576,-1.0070736270602618e-18
234300,0.0,-1.5889048496561935e-33,9959.330656312633,0.9964229611744352,-1.0061341658376813e-18
234360,0.0,-1.587925605631851e-33,9959.330656314809,0.9964229611744124,-1.0051703860267656e-18
234420,0.0,-1.5869025004254842e-33,9959.330656317015,0.9964229611743893,-1.0041822242951662e-18
234480,0.0,-1.585835414058378e-33,9959.330656319251,0.996422961174366,-1.0031696173105354e-18
234540,0.0,-1.5847242265518202e-33,9959.33065632152,0.9964229611743424,-1.002132501740525e-18
234600,0.0,-1.583568817927097e-33,9959.330656323815,0.9964229611743183,-1.0010708142527874e-18
234660,0.0,-1.5823690682054952e-33,9959.330656326143,0.996422961174294,-9.999844915149741e-19
234720,0.0,-1.581124857408301e-33,9959.3306563285,0.9964229611742694,-9.988734701947372e-19
234780,0.0,-1.5798360655568018e-33,9959.330656330889,0.9964229611742444,-9.977376869597288e-19
234840,0.0,-1.5785025726722832e-33,9959.330656333308,0.9964229611742191,-9.965770784776008e-19
234900,0.0,-1.5771242587760324e-33,9959.330656335758,0.9964229611741936,-9.95391581416005e-19
234960,0.0,-1.575701003889336e-33,9959.33065633824,0.9964229611741676,-9.941811324425938e-19
235020,0.0,-1.57423268803348e-33,9959.330656340751,0.9964229611741414,-9.92945668225019e-19
235080,0.0,-1.5727191912297517e-33,9959.330656343293,0.9964229611741148,-9.916851254309322e-19
235140,0.0,-1.5711603934994374e-33,9959.330656345866,0.9964229611740879,-9.903994407279858e-19
235200,0.0,-1.569556174863824e-33,9959.330656348471,0.9964229611740607,-9.89088550783832e-19
235260,0.0,-1.567906415344197e-33,9959.330656351107,0.9964229611740332,-9.877523922661222e-19
235320,0.0,-1.5662109949618443e-33,9959.330656353774,0.9964229611740053,-9.863909018425084e-19
235380,0.0,-1.564469793738052e-33,9959.330656356471,0.9964229611739771,-9.850040161806432e-19
235440,0.0,-1.5626826916941064e-33,9959.3306563592,0.9964229611739486,-9.83591671948178e-19
235500,0.0,-1.5608495688512946e-33,9959.33065636196,0.9964229611739198,-9.82153805812765e-19
235560,0.0,-1.5589703052309032e-33,9959.330656364753,0.9964229611738906,-9.806903544420562e-19
235620,0.0,-1.557044780854218e-33,9959.330656367576,0.9964229611738611,-9.792012545037033e-19
235680,0.0,-1.5550728757425267e-33,9959.330656370432,0.9964229611738313,-9.77686442665359e-19
235740,0.0,-1.5530544699171146e-33,9959.330656373319,0.9964229611738011,-9.761458555946743e-19
235800,0.0,-1.5509894433992697e-33,9959.330656376236,0.9964229611737706,-9.74579429959302e-19
235860,0.0,-1.5488776762102777e-33,9959.330656379187,0.9964229611737399,-9.729871024268936e-19
235920,0.0,-1.5467190483714252e-33,9959.33065638217,0.9964229611737087,-9.713688096651014e-19
235980,0.0,-1.5445134399039992e-33,9959.330656385182,0.9964229611736771,-9.697244883415771e-19
236040,0.0,-1.542260730829286e-33,9959.330656388229,0.9964229611736454,-9.680540751239726e-19
236100,0.0,-1.5399608011685723e-33,9959.330656391307,0.9964229611736132,-9.663575066799404e-19
236160,0.0,-1.5376135309431447e-33,9959.330656394417,0.9964229611735806,-9.64634719677132e-19
236220,0.0,-1.53521880017429e-33,9959.330656397558,0.9964229611735479,-9.628856507831995e-19
236280,0.0,-1.5327764888832942e-33,9959.330656400734,0.9964229611735147,-9.61110236665795e-19
236340,0.0,-1.5302864770914446e-33,9959.330656403941,0.9964229611734812,-9.593084139925704e-19
236400,0.0,-1.5277486448200272e-33,9959.330656407179,0.9964229611734473,-9.574801194311776e-19
236460,0.0,-1.5251628720903288e-33,9959.330656410451,0.9964229611734131,-9.556252896492688e-19
236520,0.0,-1.5225290389236361e-33,9959.330656413757,0.9964229611733786,-9.537438613144956e-19
236580,0.0,-1.5198470253412355e-33,9959.330656417093,0.9964229611733437,-9.518357710945103e-19
236640,0.0,-1.5171167113644139e-33,9959.330656420461,0.9964229611733085,-9.499009556569648e-19
236700,0.0,-1.5143379770144578e-33,9959.330656423865,0.996422961173273,-9.47939351669511e-19
236760,0.0,-1.5115107023126534e-33,9959.330656427299,0.9964229611732371,-9.45950895799801e-19
236820,0.0,-1.5086347672802878e-33,9959.330656430768,0.9964229611732008,-9.439355247154868e-19
236880,0.0,-1.5057100519386474e-33,9959.330656434267,0.9964229611731643,-9.418931750842202e-19
236940,0.0,-1.5027364363090184e-33,9959.330656437802,0.9964229611731273,-9.398237835736533e-19
237000,0.0,-1.499713800412688e-33,9959.330656441369,0.9964229611730901,-9.377272868514383e-19
237060,0.0,-1.4966420242709427e-33,9959.330656444969,0.9964229611730525,-9.356036215852267e-19
237120,0.0,-1.4935209879050688e-33,9959.330656448601,0.9964229611730145,-9.334527244426709e-19
237180,0.0,-1.4903505713363531e-33,9959.330656452268,0.9964229611729762,-9.312745320914226e-19
237240,0.0,-1.4871306545860823e-33,9959.330656455968,0.9964229611729376,-9.290689811991337e-19
237300,0.0,-1.4838611176755427e-33,9959.3306564597,0.9964229611728986,-9.268360084334567e-19
237360,0.0,-1.4805418406260207e-33,9959.330656463468,0.9964229611728592,-9.245755504620428e-19
237420,0.0,-1.4771727034588036e-33,9959.330656467268,0.9964229611728195,-9.222875439525448e-19
237480,0.0,-1.4737535861951774e-33,9959.3306564711,0.9964229611727795,-9.199719255726142e-19
237540,0.0,-1.470284368856429e-33,9959.330656474967,0.9964229611727391,-9.176286319899032e-19
237600,0.0,-1.4667649314638446e-33,9959.330656478869,0.9964229611726984,-9.152575998720636e-19
237660,0.0,-1.4631951540387116e-33,9959.330656482804,0.9964229611726572,-9.128587658867474e-19
237720,0.0,-1.4595749166023157e-33,9959.330656486773,0.9964229611726158,-9.104320667016065e-19
237780,0.0,-1.4559040991759439e-33,9959.330656490776,0.9964229611725739,-9.07977438984293e-19
237840,0.0,-1.4521825817808828e-33,9959.330656494813,0.9964229611725317,-9.054948194024592e-19
237900,0.0,-1.448410244438419e-33,9959.330656498883,0.9964229611724892,-9.029841446237566e-19
237960,0.0,-1.444586967169839e-33,9959.330656502989,0.9964229611724463,-9.004453513158374e-19
238020,0.0,-1.4407126299964293e-33,9959.330656507127,0.996422961172403,-8.978783761463532e-19
238080,0.0,-1.4367871129394768e-33,9959.330656511302,0.9964229611723594,-8.952831557829566e-19
238140,0.0,-1.4328102960202677e-33,9959.330656515509,0.9964229611723154,-8.926596268932992e-19
238200,0.0,-1.428782059260089e-33,9959.33065651975,0.9964229611722711,-8.90007726145033e-19
238260,0.0,-1.424702282680227e-33,9959.330656524027,0.9964229611722265,-8.873273902058103e-19
238320,0.0,-1.4205708463019684e-33,9959.330656528338,0.9964229611721814,-8.846185557432825e-19
238380,0.0,-1.4163876301465998e-33,9959.330656532684,0.996422961172136,-8.818811594251023e-19
238440,0.0,-1.4121525142354078e-33,9959.330656537066,0.9964229611720903,-8.791151379189208e-19
238500,0.0,-1.4078653785896791e-33,9959.33065654148,0.9964229611720441,-8.763204278923907e-19
238560,0.0,-1.4035261032306999e-33,9959.33065654593,0.9964229611719976,-8.734969660131637e-19
238620,0.0,-1.3991345681797572e-33,9959.330656550415,0.9964229611719507,-8.706446889488918e-19
238680,0.0,-1.3946906534581372e-33,9959.330656554936,0.9964229611719035,-8.677635333672268e-19
238740,0.0,-1.390194239087127e-33,9959.33065655949,0.9964229611718559,-8.6485343593582135e-19
238800,0.0,-1.385645205088013e-33,9959.33065656408,0.996422961171808,-8.619143333223268e-19
238860,0.0,-1.3810434314820815e-33,9959.330656568705,0.9964229611717597,-8.58946162194395e-19
238920,0.0,-1.3763887982906193e-33,9959.330656573366,0.996422961171711,-8.559488592196784e-19
238980,0.0,-1.371681185534913e-33,9959.330656578062,0.996422961171662,-8.529223610658287e-19
239040,0.0,-1.3669204732362493e-33,9959.330656582793,0.9964229611716124,-8.498666044004981e-19
239100,0.0,-1.362106541415915e-33,9959.33065658756,0.9964229611715627,-8.467815258913386e-19
239160,0.0,-1.3572392700951958e-33,9959.330656592361,0.9964229611715125,-8.436670622060017e-19
239220,0.0,-1.352318539295379e-33,9959.3306565972,0.996422961171462,-8.405231500121398e-19
239280,0.0,-1.3473442290377512e-33,9959.330656602073,0.996422961171411,-8.37349725977405e-19
239340,0.0,-1.342316219343599e-33,9959.33065660698,0.9964229611713598,-8.34146726769449e-19
239400,0.0,-1.3372343902342086e-33,9959.330656611926,0.9964229611713081,-8.309140890559236e-19
239460,0.0,-1.3320986217308669e-33,9959.330656616907,0.9964229611712561,-8.276517495044812e-19
239520,0.0,-1.3269087938548604e-33,9959.330656621922,0.9964229611712037,-8.243596447827737e-19
239580,0.0,-1.3216647866274757e-33,9959.330656626975,0.9964229611711508,-8.210377115584529e-19
239640,0.0,-1.3163664800699994e-33,9959.330656632063,0.9964229611710977,-8.176858864991709e-19
239700,0.0,-1.3110137542037183e-33,9959.330656637188,0.9964229611710441,-8.143041062725796e-19
239760,0.0,-1.3056064890499185e-33,9959.330656642349,0.9964229611709903,-8.108923075463311e-19
239820,0.0,-1.3001445646298872e-33,9959.330656647546,0.996422961170936,-8.074504269880773e-19
239880,0.0,-1.2946278609649105e-33,9959.330656652779,0.9964229611708812,-8.039784012654701e-19
239940,0.0,-1.2890562580762753e-33,9959.330656658049,0.9964229611708262,-8.004761670461616e-19
240000,0.0,-1.2834296359852679e-33,9959.330656663355,0.9964229611707708,-7.969436609978037e-19
240060,0.0,-1.2777478747131752e-33,9959.330656668697,0.9964229611707149,-7.933808197880487e-19
240120,0.0,-1.2720108542812836e-33,9959.330656674076,0.9964229611706588,-7.897875800845481e-19
240180,0.0,-1.2662184547108798e-33,9959.33065667949,0.9964229611706021,-7.861638785549541e-19
240240,0.0,-1.26037055602325e-33,9959.330656684944,0.9964229611705452,-7.825096518669186e-19
240300,0.0,-1.2544670382396816e-33,9959.330656690434,0.9964229611704878,-7.788248366880938e-19
240360,0.0,-1.2485077813814605e-33,9959.33065669596,0.99642296117043,-7.751093696861315e-19
240420,0.0,-1.2424926654698735e-33,9959.330656701522,0.996422961170372,-7.713631875286835e-19
240480,0.0,-1.2364215705262072e-33,9959.330656707123,0.9964229611703135,-7.675862268834022e-19
240540,0.0,-1.2302943765717482e-33,9959.33065671276,0.9964229611702545,-7.637784244179392e-19
240600,0.0,-1.224110963627783e-33,9959.330656718434,0.9964229611701952,-7.599397167999467e-19
240660,0.0,-1.2178712117155986e-33,9959.330656724145,0.9964229611701356,-7.560700406970769e-19
240720,0.0,-1.211575000856481e-33,9959.330656729893,0.9964229611700756,-7.521693327769811e-19
240780,0.0,-1.205222211071717e-33,9959.33065673568,0.996422961170015,-7.482375297073118e-19
240840,0.0,-1.1988127223825935e-33,9959.330656741502,0.9964229611699542,-7.44274568155721e-19
240900,0.0,-1.1923464148103965e-33,9959.330656747363,0.996422961169893,-7.402803847898606e-19
240960,0.0,-1.1858231683764135e-33,9959.330656753262,0.9964229611698314,-7.362549162773823e-19
241020,0.0,-1.17924286310193e-33,9959.330656759197,0.9964229611697694,-7.3219809928593825e-19
241080,0.0,-1.1726053790082332e-33,9959.33065676517,0.996422961169707,-7.281098704831807e-19
241140,0.0,-1.1659105961166098e-33,9959.330656771182,0.9964229611696441,-7.239901665367613e-19
241200,0.0,-1.1591583944483461e-33,9959.33065677723,0.996422961169581,-7.1983892411433215e-19
241260,0.0,-1.1523486540247288e-33,9959.330656783319,0.9964229611695173,-7.156560798835452e-19
241320,0.0,-1.1454812548670446e-33,9959.330656789443,0.9964229611694534,-7.114415705120526e-19
241380,0.0,-1.13855607699658e-33,9959.330656795606,0.996422961169389,-7.07195332667506e-19
241440,0.0,-1.1315730004346214e-33,9959.330656801807,0.9964229611693242,-7.029173030175575e-19
241500,0.0,-1.1245319052024556e-33,9959.330656808046,0.996422961169259,-6.986074182298594e-19
241560,0.0,-1.1174326713213694e-33,9959.330656814323,0.9964229611691934,-6.942656149720633e-19
241620,0.0,-1.1102751788126486e-33,9959.330656820639,0.9964229611691274,-6.898918299118213e-19
241680,0.0,-1.1030593076975807e-33,9959.330656826993,0.996422961169061,-6.854859997167853e-19
241740,0.0,-1.0957849379974521e-33,9959.330656833385,0.9964229611689943,-6.810480610546074e-19
241800,0.0,-1.088451949733549e-33,9959.330656839815,0.996422961168927,-6.765779505929396e-19
241860,0.0,-1.0810602229271583e-33,9959.330656846285,0.9964229611688595,-6.720756049994337e-19
241920,0.0,-1.0736096375995665e-33,9959.330656852791,0.9964229611687915,-6.675409609417419e-19
241980,0.0,-1.0661000737720605e-33,9959.330656859338,0.9964229611687231,-6.629739550875161e-19
242040,0.0,-1.058531411465926e-33,9959.330656865925,0.9964229611686543,-6.583745241044081e-19
242100,0.0,-1.0509035307024505e-33,9959.330656872547,0.9964229611685851,-6.5374260466007015e-19
242160,0.0,-1.0432163115029205e-33,9959.33065687921,0.9964229611685155,-6.490781334221541e-19
242220,0.0,-1.0354696338886219e-33,9959.330656885913,0.9964229611684454,-6.443810470583119e-19
242280,0.0,-1.0276633778808422e-33,9959.330656892653,0.996422961168375,-6.396512822361956e-19
242340,0.0,-1.0197974235008671e-33,9959.330656899434,0.9964229611683042,-6.348887756234572e-19
242400,0.0,-1.0118716507699839e-33,9959.330656906253,0.9964229611682329,-6.300934638877486e-19
242460,0.0,-1.0038859397094789e-33,9959.330656913111,0.9964229611681613,-6.252652836967218e-19
242520,0.0,-9.958401703406389e-34,9959.330656920009,0.9964229611680891,-6.204041717180289e-19
242580,0.0,-9.877342226847501e-34,9959.330656926946,0.9964229611680168,-6.155100646193216e-19
242640,0.0,-9.795679767630995e-34,9959.330656933922,0.9964229611679438,-6.105828990682521e-19
242700,0.0,-9.713413125969734e-34,9959.330656940938,0.9964229611678705,-6.056226117324724e-19
242760,0.0,-9.630541102076587e-34,9959.330656947994,0.9964229611677968,-6.006291392796344e-19
242820,0.0,-9.547062496164415e-34,9959.330656955088,0.9964229611677227,-5.9560241837739e-19
242880,0.0,-9.462976108446087e-34,9959.330656962224,0.9964229611676482,-5.905423856933913e-19
242940,0.0,-9.378280739134471e-34,9959.330656969398,0.9964229611675731,-5.854489778952903e-19
243000,0.0,-9.292975188442428e-34,9959.330656976612,0.9964229611674978,-5.803221316507389e-19
243060,0.0,-9.207058256582829e-34,9959.330656983866,0.996422961167422,-5.751617836273892e-19
243120,0.0,-9.120528743768535e-34,9959.33065699116,0.9964229611673457,-5.699678704928929e-19
243180,0.0,-9.033385450212417e-34,9959.330656998494,0.9964229611672691,-5.647403289149023e-19
243240,0.0,-8.945627176127337e-34,9959.330657005868,0.9964229611671921,-5.594790955610692e-19
243300,0.0,-8.857252721726162e-34,9959.330657013283,0.9964229611671146,-5.541841070990457e-19
243360,0.0,-8.768260887221762e-34,9959.330657020737,0.9964229611670368,-5.488553001964837e-19
243420,0.0,-8.678650472826995e-34,9959.330657028231,0.9964229611669585,-5.43492611521035e-19
243480,0.0,-8.58842027875473e-34,9959.330657035767,0.9964229611668797,-5.38095977740352e-19
243540,0.0,-8.497569105217836e-34,9959.330657043343,0.9964229611668006,-5.326653355220864e-19
243600,0.0,-8.406095752429178e-34,9959.33065705096,0.996422961166721,-5.272006215338901e-19
243660,0.0,-8.31399902060162e-34,9959.330657058616,0.996422961166641,-5.217017724434153e-19
243720,0.0,-8.221277709948027e-34,9959.330657066314,0.9964229611665606,-5.161687249183139e-19
243780,0.0,-8.127930620681268e-34,9959.330657074051,0.9964229611664798,-5.106014156262378e-19
243840,0.0,-8.033956553014208e-34,9959.33065708183,0.9964229611663985,-5.0499978123483905e-19
243900,0.0,-7.939354307159712e-34,9959.33065708965,0.9964229611663168,-4.993637584117697e-19
243960,0.0,-7.844122683330648e-34,9959.330657097511,0.9964229611662346,-4.936932838246816e-19
244020,0.0,-7.748260481739878e-34,9959.330657105413,0.996422961166152,-4.879882941412268e-19
244080,0.0,-7.651766502600271e-34,9959.330657113354,0.9964229611660691,-4.822487260290572e-19
244140,0.0,-7.554639546124692e-34,9959.330657121338,0.9964229611659856,-4.764745161558249e-19
244200,0.0,-7.456878412526008e-34,9959.330657129363,0.9964229611659018,-4.706656011891819e-19
244260,0.0,-7.358481902017083e-34,9959.330657137429,0.9964229611658175,-4.6482191779678e-19
244320,0.0,-7.259448814810784e-34,9959.330657145538,0.9964229611657328,-4.589434026462712e-19
244380,0.0,-7.159777951119977e-34,9959.330657153685,0.9964229611656477,-4.530299924053077e-19
244440,0.0,-7.059468111157528e-34,9959.330657161876,0.9964229611655622,-4.470816237415413e-19
244500,0.0,-6.958518095136303e-34,9959.330657170109,0.9964229611654761,-4.41098233322624e-19
244560,0.0,-6.856926703269166e-34,9959.330657178381,0.9964229611653896,-4.350797578162077e-19
244620,0.0,-6.754692735768987e-34,9959.330657186696,0.9964229611653028,-4.2902613388994476e-19
244680,0.0,-6.6518149928486284e-34,9959.330657195052,0.9964229611652154,-4.2293729821148666e-19
244740,0.0,-6.548292274720957e-34,9959.33065720345,0.9964229611651277,-4.1681318744848564e-19
244800,0.0,-6.4441233815988394e-34,9959.330657211893,0.9964229611650396,-4.106537382685937e-19
244860,0.0,-6.33930711369514e-34,9959.330657220375,0.9964229611649509,-4.044588873394627e-19
244920,0.0,-6.233842271222726e-34,9959.330657228898,0.9964229611648618,-3.982285713287447e-19
244980,0.0,-6.127727654394463e-34,9959.330657237464,0.9964229611647724,-3.9196272690409158e-19
245040,0.0,-6.020962063423216e-34,9959.330657246073,0.9964229611646824,-3.8566129073315547e-19
245100,0.0,-5.9135442985218555e-34,9959.330657254724,0.9964229611645921,-3.793241994835883e-19
245160,0.0,-5.80547315990324e-34,9959.330657263417,0.9964229611645012,-3.72951389823042e-19
245220,0.0,-5.69674744778024e-34,9959.330657272152,0.99642296116441,-3.665427984191685e-19
245280,0.0,-5.587365962365723e-34,9959.330657280929,0.9964229611643183,-3.6009836193961995e-19
245340,0.0,-5.47732750387255e-34,9959.330657289749,0.9964229611642261,-3.536180170520482e-19
245400,0.0,-5.366630872513591e-34,9959.330657298611,0.9964229611641334,-3.471017004241053e-19
245460,0.0,-5.25527486850171e-34,9959.330657307517,0.9964229611640404,-3.4054934872344317e-19
245520,0.0,-5.143258292049773e-34,9959.330657316465,0.9964229611639469,-3.3396089861771377e-19
245580,0.0,-5.030579943370647e-34,9959.330657325456,0.996422961163853,-3.273362867745692e-19
245640,0.0,-4.917238622677196e-34,9959.330657334489,0.9964229611637586,-3.206754498616613e-19
245700,0.0,-4.803233130182288e-34,9959.330657343566,0.9964229611636638,-3.139783245466422e-19
245760,0.0,-4.688562266098788e-34,9959.330657352684,0.9964229611635685,-3.0724484749716365e-19
245820,0.0,-4.573224830639562e-34,9959.330657361847,0.9964229611634728,-3.0047495538087784e-19
245880,0.0,-4.457219624017475e-34,9959.33065737105,0.9964229611633766,-2.936685848654367e-19
245940,0.0,-4.340545446445395e-34,9959.3306573803,0.99642296116328,-2.868256726184922e-19
246000,0.0,-4.223201098136186e-34,9959.330657389592,0.9964229611631829,-2.7994615530769626e-19
246060,0.0,-4.105185379302715e-34,9959.330657398927,0.9964229611630854,-2.7302996960070094e-19
246120,0.0,-3.986497090157847e-34,9959.330657408304,0.9964229611629873,-2.660770521651582e-19
246180,0.0,-3.867135030914449e-34,9959.330657417726,0.996422961162889,-2.5908733966872e-19
246240,0.0,-3.747098001785386e-34,9959.33065742719,0.99642296116279,-2.5206076877903832e-19
246300,0.0,-3.626384802983524e-34,9959.3306574367,0.9964229611626907,-2.4499727616376517e-19
246360,0.0,-3.50499423472173e-34,9959.330657446251,0.9964229611625909,-2.3789679849055247e-19
246420,0.0,-3.382925097212869e-34,9959.330657455848,0.9964229611624906,-2.3075927242705228e-19
246480,0.0,-3.260176190669807e-34,9959.330657465487,0.9964229611623899,-2.235846346409165e-19
246540,0.0,-3.1367463153054094e-34,9959.33065747517,0.9964229611622888,-2.1637282179979719e-19
246600,0.0,-3.0126342713325434e-34,9959.330657484898,0.9964229611621871,-2.091237705713463e-19
246660,0.0,-2.887838858964074e-34,9959.33065749467,0.9964229611620851,-2.0183741762321574e-19
246720,0.0,-2.7623588784128675e-34,9959.330657504484,0.9964229611619825,-1.945136996230576e-19
246780,0.0,-2.6361931298917896e-34,9959.330657514343,0.9964229611618795,-1.8715255323852374e-19
246840,0.0,-2.509340413613706e-34,9959.330657524248,0.996422961161776,-1.7975391513726622e-19
246900,0.0,-2.3817995297914833e-34,9959.330657534194,0.9964229611616721,-1.7231772198693702e-19
246960,0.0,-2.2535692786379867e-34,9959.330657544186,0.9964229611615677,-1.6484391045518813e-19
247020,0.0,-2.124648460366083e-34,9959.330657554223,0.9964229611614628,-1.5733241720967147e-19
247080,0.0,-1.995035875188637e-34,9959.330657564304,0.9964229611613575,-1.4978317891803906e-19
247140,0.0,-1.8647303233185153e-34,9959.330657574428,0.9964229611612517,-1.4219613224794289e-19
247200,0.0,-1.7337306049685837e-34,9959.330657584598,0.9964229611611455,-1.345712138670349e-19
247260,0.0,-1.6020355203517084e-34,9959.330657594814,0.9964229611610387,-1.2690836044296712e-19
247320,0.0,-1.469643869680755e-34,9959.330657605073,0.9964229611609315,-1.1920750864339148e-19
247380,0.0,-1.3365544531685895e-34,9959.330657615375,0.9964229611608239,-1.1146859513595997e-19
247440,0.0,-1.2027660710280776e-34,9959.330657625724,0.9964229611607157,-1.036915565883246e-19
247500,0.0,-1.0682775234720855e-34,9959.330657636117,0.9964229611606071,-9.587632966813734e-20
247560,0.0,-9.330876107134791e-35,9959.330657646557,0.9964229611604981,-8.802285104305015e-20
247620,0.0,-7.97195132965124e-35,9959.33065765704,0.9964229611603885,-8.013105738071501e-20
247680,0.0,-6.605988904398866e-35,9959.33065766757,0.9964229611602785,-7.220088534878392e-20
247740,0.0,-5.232976833506326e-35,9959.330657678143,0.996422961160168,-6.423227161490885e-20
247800,0.0,-3.8529031191022794e-35,9959.33065768876,0.9964229611600571,-5.622515284674178e-20
247860,0.0,-2.465755763315385e-35,9959.330657699426,0.9964229611599457,-4.817946571193469e-20
247920,0.0,-1.0715227682743014e-35,9959.330657710136,0.9964229611598338,-4.009514687813955e-20
247980,0.0,-8.366891867436124e-39,9959.330657718732,0.996422961159744,-3.379838791407877e-20
248040,0.0,-8.155510898642202e-39,9959.330657720337,0.9964229611597273,-3.3415761941481636e-20
248100,0.0,-7.944272684954939e-39,9959.33065772194,0.9964229611597105,-3.303364939232988e-20
248160,0.0,-7.7331798885242e-39,9959.330657723542,0.9964229611596938,-3.2652053203800654e-20
248220,0.0,-7.522235171499926e-39,9959.330657725142,0.996422961159677,-3.227097631307086e-20
248280,0.0,-7.311441196032188e-39,9959.330657726743,0.9964229611596603,-3.189042165731779e-20
248340,0.0,-7.100800624270805e-39,9959.330657728342,0.9964229611596436,-3.151039217371843e-20
248400,0.0,-6.89031611836572e-39,9959.33065772994,0.9964229611596269,-3.1130890799449945e-20
248460,0.0,-6.679990340466919e-39,9959.330657731538,0.9964229611596102,-3.075192047168942e-20
248520,0.0,-6.469825952724346e-39,9959.330657733135,0.9964229611595935,-3.0373484127613904e-20
248580,0.0,-6.259825617287988e-39,9959.33065773473,0.9964229611595768,-2.999558470440055e-20
248640,0.0,-6.049991996307663e-39,9959.330657736324,0.9964229611595602,-2.9618225139226443e-20
248700,0.0,-5.840327751933439e-39,9959.330657737917,0.9964229611595435,-2.924140836926864e-20
248760,0.0,-5.630835546315218e-39,9959.330657739509,0.9964229611595269,-2.8865137331704224e-20
248820,0.0,-5.4215180416029054e-39,9959.3306577411,0.9964229611595102,-2.84894149637104e-20
248880,0.0,-5.2123778999465265e-39,9959.33065774269,0.9964229611594937,-2.8114244202464216e-20
248940,0.0,-5.003417783495901e-39,9959.33065774428,0.996422961159477,-2.7739627985142674e-20
249000,0.0,-4.7946403544011386e-39,9959.330657745868,0.9964229611594605,-2.7365569248922954e-20
249060,0.0,-4.58604827481206e-39,9959.330657747454,0.9964229611594438,-2.6992070930982165e-20
249120,0.0,-4.3776442068786084e-39,9959.33065774904,0.9964229611594273,-2.6619135968497445e-20
249180,0.0,-4.1694308127507694e-39,9959.330657750625,0.9964229611594108,-2.6246767298645707e-20
249240,0.0,-3.961410754578528e-39,9959.330657752207,0.9964229611593942,-2.587496785860418e-20
249300,0.0,-3.753586694511746e-39,9959.33065775379,0.9964229611593777,-2.5503740585550058e-20
249360,0.0,-3.545961294700409e-39,9959.33065775537,0.9964229611593611,-2.5133088416660252e-20
249420,0.0,-3.3385372172944607e-39,9959.330657756951,0.9964229611593447,-2.4763014289111954e-20
249480,0.0,-3.131317124443844e-39,9959.33065775853,0.9964229611593282,-2.439352114008221e-20
249540,0.0,-2.9243036782984654e-39,9959.330657760107,0.9964229611593117,-2.402461190674821e-20
249600,0.0,-2.7174995410083464e-39,9959.330657761684,0.9964229611592952,-2.365628952628691e-20
249660,0.0,-2.5109073747233126e-39,9959.33065776326,0.9964229611592788,-2.32885569358755e-20
249720,0.0,-2.304529841593467e-39,9959.330657764833,0.9964229611592623,-2.2921417072691082e-20
249780,0.0,-2.098369603768595e-39,9959.330657766404,0.9964229611592459,-2.255487287391074e-20
249840,0.0,-1.892429323398799e-39,9959.330657767976,0.9964229611592295,-2.2188927276711585e-20
249900,0.0,-1.6867116626338646e-39,9959.330657769548,0.996422961159213,-2.182358321827061e-20
249960,0.0,-1.4812192836238543e-39,9959.330657771116,0.9964229611591967,-2.1458843635765012e-20
250020,0.0,-1.2759548485186338e-39,9959.330657772683,0.9964229611591803,-2.1094711466371927e-20
250080,0.0,-1.070921019468186e-39,9959.33065777425,0.996422961159164,-2.073118964726836e-20
250140,0.0,-8.661204586224552e-40,9959.330657775814,0.9964229611591475,-2.036828111563146e-20
250200,0.0,-6.615558281313854e-40,9959.330657777378,0.9964229611591312,-2.0005988808638224e-20
250260,0.0,-4.5722979014492055e-40,9959.33065777894,0.9964229611591149,-1.9644315663465936e-20
250320,0.0,-2.531450068130046e-40,9959.330657780501,0.9964229611590986,-1.9283264617291503e-20
250380,0.0,-4.930414028550385e-41,9959.330657782062,0.9964229611590824,-1.8922838607292077e-20
250440,0.0,1.5429014728748195e-40,9959.33065778362,0.996422961159066,-1.8563040570644842e-20
250500,0.0,3.5763519375612558e-40,9959.330657785176,0.9964229611590497,-1.8203873444526846e-20
250560,0.0,5.60728336970444e-40,9959.330657786733,0.9964229611590335,-1.7845340166115097e-20
250620,0.0,7.63566914780532e-40,9959.330657788287,0.9964229611590173,-1.7487443672586827e-20
250680,0.0,9.661482650363296e-40,9959.33065778984,0.9964229611590011,-1.7130186901119043e-20
250740,0.0,1.168469725588047e-39,9959.330657791392,0.9964229611589849,-1.6773572788888883e-20
250800,0.0,1.3705286342856631e-39,9959.330657792942,0.9964229611589687,-1.6417604273073447e-20
250860,0.0,1.572322328979234e-39,9959.33065779449,0.9964229611589525,-1.6062284290849786e-20
250920,0.0,1.7738481475188154e-39,9959.330657796037,0.9964229611589362,-1.5707615779394995e-20
250980,0.0,1.9751034277544638e-39,9959.330657797582,0.9964229611589202,-1.5353601675886264e-20
251040,0.0,2.1760855075362724e-39,9959.330657799126,0.996422961158904,-1.5000244917500638e-20
251100,0.0,2.376791724714222e-39,9959.33065780067,0.9964229611588878,-1.464754844141513e-20
251160,0.0,2.5772194171384058e-39,9959.330657802211,0.9964229611588717,-1.4295515184806922e-20
251220,0.0,2.7773659226589183e-39,9959.33065780375,0.9964229611588556,-1.3944148084853113e-20
251280,0.0,2.977228579125815e-39,9959.330657805289,0.9964229611588397,-1.35934500787308e-20
251340,0.0,3.176804724389039e-39,9959.330657806826,0.9964229611588236,-1.3243424103617031e-20
251400,0.0,3.376091696298759e-39,9959.330657808361,0.9964229611588076,-1.289407309668895e-20
251460,0.0,3.575086832705031e-39,9959.330657809895,0.9964229611587915,-1.2545399995123609e-20
251520,0.0,3.7737874714578735e-39,9959.330657811428,0.9964229611587755,-1.2197407736098192e-20
251580,0.0,3.9721909504073044e-39,9959.330657812958,0.9964229611587595,-1.1850099256789707e-20
251640,0.0,4.1702946074034554e-39,9959.330657814487,0.9964229611587435,-1.150347749437521e-20
251700,0.0,4.368095780296345e-39,9959.330657816014,0.9964229611587275,-1.1157545386031968e-20
251760,0.0,4.565591806936065e-39,9959.33065781754,0.9964229611587117,-1.0812305868936904e-20
251820,0.0,4.762780025172562e-39,9959.330657819064,0.9964229611586957,-1.0467761880267248e-20
251880,0.0,4.959657772856039e-39,9959.330657820587,0.9964229611586798,-1.0123916357200004e-20
251940,0.0,5.156222387836478e-39,9959.330657822109,0.9964229611586639,-9.780772236912274e-21
252000,0.0,5.3524712079639356e-39,9959.330657823628,0.996422961158648,-9.438332456581238e-21
252060,0.0,5.548401571088467e-39,9959.330657825145,0.9964229611586322,-9.096599953383906e-21
252120,0.0,5.744010815060129e-39,9959.330657826662,0.9964229611586163,-8.755577664497378e-21
252180,0.0,5.939296277728976e-39,9959.330657828175,0.9964229611586005,-8.415268527098789e-21
252240,0.0,6.134255296945103e-39,9959.330657829689,0.9964229611585846,-8.075675478365237e-21
252300,0.0,6.32888521055849e-39,9959.3306578312,0.9964229611585689,-7.736801455473819e-21
252360,0.0,6.523183356419231e-39,9959.33065783271,0.9964229611585531,-7.398649395601546e-21
252420,0.0,6.71714707237742e-39,9959.330657834218,0.9964229611585373,-7.061222235925685e-21
252480,0.0,6.91077369628311e-39,9959.330657835722,0.9964229611585216,-6.7245229136231194e-21
252540,0.0,7.104060565986286e-39,9959.330657837227,0.9964229611585059,-6.388554365871158e-21
252600,0.0,7.297005019337076e-39,9959.33065783873,0.9964229611584903,-6.053319529846727e-21
252660,0.0,7.489604394185428e-39,9959.330657840232,0.9964229611584745,-5.7188213427270514e-21
252720,0.0,7.681856028381577e-39,9959.33065784173,0.9964229611584589,-5.3850627416890996e-21
252780,0.0,7.8737572597754e-39,9959.330657843228,0.9964229611584432,-5.052046663910095e-21
252840,0.0,8.065305426217062e-39,9959.330657844723,0.9964229611584277,-4.71977604656705e-21
252900,0.0,8.25649786555658e-39,9959.330657846216,0.996422961158412,-4.388253826837103e-21
252960,0.0,8.447331915644049e-39,9959.330657847708,0.9964229611583965,-4.057482941897351e-21
253020,0.0,8.63780491432945e-39,9959.330657849197,0.9964229611583808,-3.727466328924847e-21
253080,0.0,8.827914199462914e-39,9959.330657850687,0.9964229611583653,-3.398206925096731e-21
253140,0.0,9.017657108894423e-39,9959.330657852173,0.9964229611583497,-3.069707667590057e-21
253200,0.0,9.20703098047414e-39,9959.330657853658,0.9964229611583343,-2.7419714935819623e-21
253260,0.0,9.39603315205198e-39,9959.33065785514,0.9964229611583187,-2.4150013402495447e-21
253320,0.0,9.584660961478141e-39,9959.33065785662,0.9964229611583033,-2.088800144769859e-21
253380,0.0,9.772911746602608e-39,9959.3306578581,0.9964229611582879,-1.7633708443200425e-21
253440,0.0,9.960782845275399e-39,9959.330657859577,0.9964229611582724,-1.4387163760771508e-21
253500,0.0,1.014827159534661e-38,9959.330657861052,0.996422961158257,-1.1148396772183625e-21
253560,0.0,1.0335375334666327e-38,9959.330657862525,0.9964229611582416,-7.917436849206507e-22
253620,0.0,1.0522091401084592e-38,9959.330657863997,0.9964229611582263,-4.694313363612349e-22
253680,0.0,1.0708417132451426e-38,9959.330657865466,0.9964229611582108,-1.479055687171301e-22
253740,0.0,1.0894349866616898e-38,9959.330657866934,0.9964229611581955,1.7283068083452715e-22
253800,0.0,1.1079886941431088e-38,9959.330657868399,0.9964229611581802,4.9277447511668e-22
253860,0.0,1.1265025694744064e-38,9959.330657869863,0.996422961158165,8.119228769521523e-22
253920,0.0,1.1449763464405799e-38,9959.330657871324,0.9964229611581497,1.1302729491639676e-21
253980,0.0,1.1634097588266431e-38,9959.330657872784,0.9964229611581344,1.4478217545749095e-21
254040,0.0,1.1818025404176004e-38,9959.330657874241,0.9964229611581192,1.764566356008001e-21
254100,0.0,1.2001544249984553e-38,9959.330657875696,0.996422961158104,2.080503816286066e-21
254160,0.0,1.2184651463542116e-38,9959.33065787715,0.9964229611580888,2.3956311982319685e-21
254220,0.0,1.236734438269877e-38,9959.330657878601,0.9964229611580736,2.7099455646686517e-21
254280,0.0,1.254962034530462e-38,9959.330657880051,0.9964229611580585,3.0234439784191386e-21
254340,0.0,1.2731476689209672e-38,9959.330657881499,0.9964229611580434,3.3361235023061335e-21
254400,0.0,1.2912910752263928e-38,9959.330657882943,0.9964229611580283,3.647981199152699e-21
254460,0.0,1.3093919872317533e-38,9959.330657884388,0.9964229611580132,3.95901413178162e-21
254520,0.0,1.3274501387220523e-38,9959.330657885828,0.9964229611579981,4.269219363015879e-21
254580,0.0,1.3454652634822954e-38,9959.330657887267,0.9964229611579831,4.578593955678379e-21
254640,0.0,1.3634370952974834e-38,9959.330657888704,0.996422961157968,4.887134972591947e-21
254700,0.0,1.3813653679526263e-38,9959.33065789014,0.996422961157953,5.1948394765795615e-21
254760,0.0,1.399249815232734e-38,9959.330657891573,0.9964229611579382,5.5017045304641284e-21
254820,0.0,1.417090170922803e-38,9959.330657893002,0.9964229611579232,5.8077271970685125e-21
254880,0.0,1.4348861688078424e-38,9959.330657894432,0.9964229611579082,6.112904539215615e-21
254940,0.0,1.4526375426728598e-38,9959.330657895858,0.9964229611578933,6.417233619728304e-21
255000,0.0,1.4703440263028586e-38,9959.330657897282,0.9964229611578784,6.7207115014296354e-21
255060,0.0,1.4880053534828466e-38,9959.330657898705,0.9964229611578636,7.02333524714236e-21
255120,0.0,1.5056212579978255e-38,9959.330657900124,0.9964229611578488,7.325101919689455e-21
255180,0.0,1.5231914736328046e-38,9959.330657901543,0.9964229611578339,7.62600858189375e-21
255240,0.0,1.5407157341727897e-38,9959.330657902958,0.9964229611578191,7.926052296578264e-21
255300,0.0,1.5581937734027857e-38,9959.330657904371,0.9964229611578044,8.225230126565822e-21
255360,0.0,1.5756253251077922e-38,9959.33065790578,0.9964229611577896,8.523539134679292e-21
255420,0.0,1.593010123072826e-38,9959.33065790719,0.996422961157775,8.820976383741689e-21
255480,0.0,1.6103479010828814e-38,9959.330657908597,0.9964229611577602,9.117538936575805e-21
255540,0.0,1.6276383929229738e-38,9959.33065791,0.9964229611577455,9.413223856004654e-21
255600,0.0,1.644881332378102e-38,9959.330657911401,0.9964229611577309,9.708028204851029e-21
255660,0.0,1.6620764532332753e-38,9959.330657912802,0.9964229611577163,1.0001949045937871e-20
255720,0.0,1.6792234892734956e-38,9959.330657914199,0.9964229611577017,1.0294983442088157e-20
255780,0.0,1.6963221742837737e-38,9959.330657915594,0.9964229611576871,1.0587128456124718e-20
255840,0.0,1.71337224204911e-38,9959.330657916988,0.9964229611576726,1.0878381150870454e-20
255900,0.0,1.7303734263545138e-38,9959.330657918377,0.996422961157658,1.1168738589148273e-20
255960,0.0,1.7473254609849887e-38,9959.330657919765,0.9964229611576435,1.1458197833781074e-20
256020,0.0,1.7642280797255437e-38,9959.330657921151,0.9964229611576291,1.1746755947591839e-20
256080,0.0,1.7810810163611764e-38,9959.330657922534,0.9964229611576146,1.2034409993403358e-20
256140,0.0,1.7978840046769015e-38,9959.330657923916,0.9964229611576002,1.2321157034038571e-20
256200,0.0,1.8146367784577207e-38,9959.330657925293,0.9964229611575858,1.2606994132320421e-20
256260,0.0,1.831339071488637e-38,9959.33065792667,0.9964229611575715,1.2891918351071847e-20
256320,0.0,1.8479906175546598e-38,9959.330657928043,0.996422961157557,1.3175926753115602e-20
256380,0.0,1.8645911504407934e-38,9959.330657929415,0.9964229611575427,1.3459016401274707e-20
256440,0.0,1.881140403932044e-38,9959.330657930785,0.9964229611575284,1.374118435837206e-20
256500,0.0,1.8976381118134166e-38,9959.33065793215,0.9964229611575142,1.4022427687230528e-20
256560,0.0,1.9140840078699163e-38,9959.330657933515,0.9964229611574998,1.4302743450673018e-20
256620,0.0,1.930477825886549e-38,9959.330657934875,0.9964229611574856,1.458212871152243e-20
256680,0.0,1.9468192996483227e-38,9959.330657936234,0.9964229611574714,1.4860580532601706e-20
256740,0.0,1.9631081629402388e-38,9959.330657937591,0.9964229611574573,1.5138095976733746e-20
256800,0.0,1.9793441495473034e-38,9959.330657938946,0.9964229611574431,1.541467210674139e-20
256860,0.0,1.9955269932545275e-38,9959.330657940298,0.996422961157429,1.56903059854476e-20
256920,0.0,2.0116564278469127e-38,9959.330657941646,0.9964229611574149,1.5964994675675294e-20
256980,0.0,2.0277321871094623e-38,9959.330657942994,0.9964229611574008,1.623873524024733e-20
257040,0.0,2.0437540048271828e-38,9959.330657944338,0.9964229611573868,1.651152474198662e-20
257100,0.0,2.059721614785085e-38,9959.330657945678,0.9964229611573728,1.6783360243716054e-20
257160,0.0,2.075634750768172e-38,9959.330657947017,0.9964229611573588,1.705423880825862e-20
257220,0.0,2.0914931465614433e-38,9959.330657948354,0.9964229611573449,1.732415749843711e-20
257280,0.0,2.107296535949912e-38,9959.330657949688,0.9964229611573309,1.7593113377074456e-20
257340,0.0,2.1230446527185806e-38,9959.330657951019,0.996422961157317,1.786110350699361e-20
257400,0.0,2.1387372306524578e-38,9959.330657952347,0.9964229611573031,1.8128124951017432e-20
257460,0.0,2.1543740035365432e-38,9959.330657953673,0.9964229611572892,1.8394174771968865e-20
257520,0.0,2.1699547051558467e-38,9959.330657954997,0.9964229611572755,1.8659250032670772e-20
257580,0.0,2.1854790692953738e-38,9959.330657956318,0.9964229611572616,1.892334779594606e-20
257640,0.0,2.2009468297401293e-38,9959.330657957637,0.9964229611572478,1.918646512461767e-20
257700,0.0,2.216357720275118e-38,9959.330657958952,0.996422961157234,1.94485990815085e-20
257760,0.0,2.2317114746853477e-38,9959.330657960265,0.9964229611572204,1.970974672944139e-20
257820,0.0,2.24700782675582e-38,9959.330657961575,0.9964229611572067,1.9969905131239304e-20
257880,0.0,2.262246510271545e-38,9959.330657962882,0.9964229611571931,2.0229071349725123e-20
257940,0.0,2.2774272590175266e-38,9959.330657964187,0.9964229611571794,2.0487242447721774e-20
258000,0.0,2.2925498067787684e-38,9959.330657965489,0.9964229611571658,2.074441548805213e-20
258060,0.0,2.307613887340279e-38,9959.330657966788,0.9964229611571522,2.1000587533539097e-20
258120,0.0,2.322619234487065e-38,9959.330657968085,0.9964229611571387,2.125575564700561e-20
258180,0.0,2.3375655820041254e-38,9959.330657969378,0.9964229611571251,2.1509916891274542e-20
258240,0.0,2.3524526636764736e-38,9959.33065797067,0.9964229611571117,2.1763068329168793e-20
258300,0.0,2.367280213289109e-38,9959.330657971957,0.9964229611570982,2.2015207023511303e-20
258360,0.0,2.382047964627043e-38,9959.330657973243,0.9964229611570847,2.2266330037124934e-20
258420,0.0,2.396755651475276e-38,9959.330657974526,0.9964229611570714,2.2516434432832635e-20
258480,0.0,2.4114030076188167e-38,9959.330657975806,0.996422961157058,2.2765517273457236e-20
258540,0.0,2.425989766842668e-38,9959.330657977083,0.9964229611570447,2.3013575621821738e-20
258600,0.0,2.4405156629318393e-38,9959.330657978358,0.9964229611570313,2.3260606540748953e-20
258660,0.0,2.454980429671333e-38,9959.33065797963,0.996422961157018,2.3506607093061845e-20
258720,0.0,2.469383800846158e-38,9959.3306579809,0.9964229611570048,2.3751574341583283e-20
258780,0.0,2.483725510241314e-38,9959.330657982164,0.9964229611569916,2.399550534913621e-20
258840,0.0,2.498005291641813e-38,9959.330657983428,0.9964229611569784,2.4238397178543488e-20
258900,0.0,2.5122228788326553e-38,9959.330657984689,0.9964229611569652,2.448024689262803e-20
258960,0.0,2.5263780055988526e-38,9959.330657985945,0.9964229611569521,2.4721051554212764e-20
259020,0.0,2.5404704057254054e-38,9959.330657987199,0.996422961156939,2.4960808226120568e-20
259080,0.0,2.55449981299732e-38,9959.330657988452,0.9964229611569259,2.519951397117434e-20
259140,0.0,2.5684659611996044e-38,9959.3306579897,0.9964229611569129,2.543716585219705e-20
259200,0.0,2.582368584117262e-38,9959.330657990946,0.9964229611568999,2.5673760932011476e-20
259260,0.0,2.596207415535299e-38,9959.330657992188,0.9964229611568869,2.5909296273440643e-20
259320,0.0,2.6099821892387205e-38,9959.330657993429,0.9964229611568739,2.6143768939307398e-20
259380,0.0,2.623692639012533e-38,9959.330657994666,0.9964229611568609,2.637717599243467e-20
259440,0.0,2.637338498641742e-38,9959.330657995899,0.996422961156848,2.6609514495645303e-20
259500,0.0,2.6509195019113553e-38,9959.33065799713,0.9964229611568353,2.6840781511762262e-20
259560,0.0,2.664435382606374e-38,9959.330657998358,0.9964229611568224,2.7070974103608417e-20
259620,0.0,2.6778858745118027e-38,9959.330657999582,0.9964229611568096,2.730008933400671e-20
259680,0.0,2.691270711412655e-38,9959.330658000805,0.9964229611567968,2.7528124265780004e-20
259740,0.0,2.70458962709393e-38,9959.330658002023,0.9964229611567841,2.775507596175122e-20
259800,0.0,2.7178423553406326e-38,9959.33065800324,0.9964229611567714,2.798094148474327e-20
259860,0.0,2.7310286299377706e-38,9959.330658004452,0.9964229611567587,2.8205717897579035e-20
259920,0.0,2.744148184670353e-38,9959.330658005661,0.9964229611567461,2.8429402263081453e-20
259980,0.0,2.757200753323383e-38,9959.33065800687,0.9964229611567335,2.865199164407341e-20
260040,0.0,2.77018606968186e-38,9959.330658008073,0.9964229611567209,2.887348310337777e-20
260100,0.0,2.7831038675307976e-38,9959.330658009274,0.9964229611567084,2.90938737038175e-20
260160,0.0,2.7959538806551987e-38,9959.33065801047,0.9964229611566958,2.931316050821547e-20
260220,0.0,2.8087358428400697e-38,9959.330658011666,0.9964229611566834,2.953134057939459e-20
260280,0.0,2.8214494878704124e-38,9959.330658012857,0.9964229611566708,2.974841098017774e-20
260340,0.0,2.834094549531237e-38,9959.330658014045,0.9964229611566585,2.996436877338787e-20
260400,0.0,2.8466707616075486e-38,9959.33065801523,0.9964229611566461,3.017921102184785e-20
260460,0.0,2.8591778578843515e-38,9959.330658016412,0.9964229611566338,3.0392934788380595e-20
260520,0.0,2.871615572146649e-38,9959.33065801759,0.9964229611566214,3.0605537135809003e-20
260580,0.0,2.8839836381794507e-38,9959.330658018765,0.9964229611566091,3.081701512695599e-20
260640,0.0,2.896281789767761e-38,9959.330658019939,0.9964229611565969,3.102736582464446e-20
260700,0.0,2.9085097606965863e-38,9959.330658021108,0.9964229611565847,3.1236586291697303e-20
260760,0.0,2.9206672847509267e-38,9959.330658022274,0.9964229611565725,3.1444673590937387e-20
260820,0.0,2.9327540957157955e-38,9959.330658023437,0.9964229611565604,3.165162478518772e-20
260880,0.0,2.944769927376193e-38,9959.330658024595,0.9964229611565483,3.18574369372711e-20
260940,0.0,2.956714513517129e-38,9959.330658025752,0.9964229611565362,3.206210711001047e-20
261000,0.0,2.968587587923604e-38,9959.330658026905,0.9964229611565241,3.2265632366228736e-20
261060,0.0,2.9803888843806296e-38,9959.330658028055,0.9964229611565121,3.2468009768748826e-20
261120,0.0,2.9921181366732063e-38,9959.330658029203,0.9964229611565001,3.266923638039361e-20
261180,0.0,3.003775078586341e-38,9959.330658030345,0.9964229611564882,3.286930926398599e-20
261240,0.0,3.01535944390504e-38,9959.330658031486,0.9964229611564762,3.3068225482348876e-20
261300,0.0,3.0268709664143094e-38,9959.330658032623,0.9964229611564643,3.326598209830517e-20
261360,0.0,3.0383093798991536e-38,9959.330658033756,0.9964229611564526,3.346257617467782e-20
261420,0.0,3.049674418144579e-38,9959.330658034885,0.9964229611564407,3.3658004774289643e-20
261480,0.0,3.060965814935591e-38,9959.330658036013,0.9964229611564289,3.3852264959963606e-20
261540,0.0,3.072183304057196e-38,9959.330658037135,0.9964229611564172,3.40453537945226e-20
261600,0.0,3.0833266192943963e-38,9959.330658038256,0.9964229611564055,3.4237268340789516e-20
261660,0.0,3.094395494432203e-38,9959.330658039373,0.9964229611563938,3.442800566158728e-20
261720,0.0,3.105389663255616e-38,9959.330658040486,0.9964229611563822,3.4617562819738756e-20
261780,0.0,3.1163088595496455e-38,9959.330658041596,0.9964229611563706,3.480593687806691e-20
261840,0.0,3.127152817099295e-38,9959.330658042703,0.9964229611563591,3.499312489939459e-20
261900,0.0,3.137921269689569e-38,9959.330658043806,0.9964229611563475,3.517912394654471e-20
261960,0.0,3.1486139511054743e-38,9959.330658044906,0.996422961156336,3.536393108234018e-20
262020,0.0,3.159230595132016e-38,9959.330658046003,0.9964229611563246,3.5547543369603907e-20
262080,0.0,3.1697709355542014e-38,9959.330658047094,0.9964229611563131,3.572995787115883e-20
262140,0.0,3.1802347061570347e-38,9959.330658048184,0.9964229611563018,3.5911171649827757e-20
262200,0.0,3.190621640725522e-38,9959.33065804927,0.9964229611562904,3.609118176843368e-20
262260,0.0,3.2009314730446677e-38,9959.330658050354,0.9964229611562792,3.6269985289799474e-20
262320,0.0,3.2111639368994805e-38,9959.330658051433,0.9964229611562678,3.6447579276748047e-20
262380,0.0,3.2213187660749613e-38,9959.330658052508,0.9964229611562566,3.662396079210229e-20
262440,0.0,3.231395694356117e-38,9959.330658053581,0.9964229611562454,3.6799126898685095e-20
262500,0.0,3.2413944555279574e-38,9959.330658054649,0.9964229611562342,3.6973074659319404e-20
262560,0.0,3.2513147833754846e-38,9959.330658055715,0.9964229611562231,3.71458011368281e-20
262620,0.0,3.261156411683703e-38,9959.330658056775,0.996422961156212,3.7317303394034087e-20
262680,0.0,3.27091907423762e-38,9959.330658057834,0.996422961156201,3.748757849376026e-20
262740,0.0,3.2806025048222423e-38,9959.330658058887,0.9964229611561899,3.765662349882953e-20
262800,0.0,3.2902064372225755e-38,9959.330658059938,0.996422961156179,3.782443547206482e-20
262860,0.0,3.299730605223621e-38,9959.330658060986,0.996422961156168,3.7991011476288984e-20
262920,0.0,3.3091747426103883e-38,9959.33065806203,0.9964229611561571,3.815634857432496e-20
262980,0.0,3.318538583167882e-38,9959.330658063069,0.9964229611561463,3.832044382899567e-20
263040,0.0,3.327821860681109e-38,9959.330658064106,0.9964229611561354,3.8483294303124e-20
263100,0.0,3.3370243089350724e-38,9959.330658065139,0.9964229611561246,3.864489705953284e-20
263160,0.0,3.346145661714779e-38,9959.330658066168,0.9964229611561138,3.8805249161045086e-20
263220,0.0,3.3551856528052343e-38,9959.330658067194,0.9964229611561032,3.8964347670483664e-20
263280,0.0,3.364144015991445e-38,9959.330658068217,0.9964229611560925,3.912218965067149e-20
263340,0.0,3.3730204850584155e-38,9959.330658069233,0.9964229611560819,3.927877216443143e-20
263400,0.0,3.3818147937911505e-38,9959.330658070248,0.9964229611560712,3.9434092274586416e-20
263460,0.0,3.390526675974657e-38,9959.33065807126,0.9964229611560607,3.9588147043959334e-20
263520,0.0,3.399155865393942e-38,9959.330658072267,0.9964229611560501,3.9740933535373123e-20
263580,0.0,3.407702095834007e-38,9959.330658073271,0.9964229611560397,3.989244881165061e-20
263640,0.0,3.416165101079861e-38,9959.33065807427,0.9964229611560292,4.0042689935614774e-20
263700,0.0,3.4245446149165084e-38,9959.330658075267,0.9964229611560188,4.0191653970088505e-20
263760,0.0,3.4328403711289565e-38,9959.330658076258,0.9964229611560085,4.033933797789469e-20
263820,0.0,3.4410521035022064e-38,9959.330658077248,0.9964229611559982,4.0485739021856214e-20
263880,0.0,3.44917954582127e-38,9959.330658078232,0.9964229611559878,4.0630854164796026e-20
263940,0.0,3.457222431871147e-38,9959.330658079214,0.9964229611559776,4.0774680469537004e-20
264000,0.0,3.465180495436847e-38,9959.330658080191,0.9964229611559674,4.091721499890205e-20
264060,0.0,3.473053470303373e-38,9959.330658081164,0.9964229611559572,4.1058454815714066e-20
264120,0.0,3.4808410902557323e-38,9959.330658082134,0.9964229611559471,4.119839698279596e-20
264180,0.0,3.48854308907893e-38,9959.3306580831,0.996422961155937,4.133703856297065e-20
264240,0.0,3.496159200557972e-38,9959.330658084062,0.9964229611559269,4.147437661906102e-20
264300,0.0,3.503689158477862e-38,9959.33065808502,0.9964229611559169,4.161040821388998e-20
264360,0.0,3.5111326966236097e-38,9959.330658085975,0.9964229611559069,4.174513041028043e-20
264420,0.0,3.518489548780216e-38,9959.330658086925,0.996422961155897,4.187854027105528e-20
264480,0.0,3.52575944873269e-38,9959.330658087873,0.9964229611558871,4.201063485903744e-20
264540,0.0,3.532942130266035e-38,9959.330658088815,0.9964229611558773,4.214141123704977e-20
264600,0.0,3.5400373271652585e-38,9959.330658089753,0.9964229611558675,4.227086646791525e-20
264660,0.0,3.547044773215365e-38,9959.33065809069,0.9964229611558577,4.239899761445671e-20
264720,0.0,3.5539642022013587e-38,9959.33065809162,0.9964229611558479,4.2525801739497104e-20
264780,0.0,3.5607953479082473e-38,9959.330658092547,0.9964229611558383,4.265127590585931e-20
264840,0.0,3.5675379441210364e-38,9959.330658093471,0.9964229611558286,4.277541717636623e-20
264900,0.0,3.5741917246247307e-38,9959.33065809439,0.996422961155819,4.289822261384078e-20
264960,0.0,3.580756423204336e-38,9959.330658095305,0.9964229611558094,4.301968928110587e-20
265020,0.0,3.5872317736448574e-38,9959.330658096218,0.9964229611557999,4.313981424098438e-20
265080,0.0,3.5936175097313034e-38,9959.330658097124,0.9964229611557904,4.3258594556299235e-20
265140,0.0,3.599913365248675e-38,9959.330658098028,0.996422961155781,4.3376027289873313e-20
265200,0.0,3.6061190739819806e-38,9959.330658098928,0.9964229611557716,4.3492109504529556e-20
265260,0.0,3.6122343697162244e-38,9959.330658099823,0.9964229611557622,4.360683826309082e-20
265320,0.0,3.618258986236415e-38,9959.330658100715,0.9964229611557529,4.3720210628380057e-20
265380,0.0,3.624192657327555e-38,9959.330658101602,0.9964229611557437,4.383222366322013e-20
265440,0.0,3.63003511677465e-38,9959.330658102486,0.9964229611557344,4.394287443043398e-20
265500,0.0,3.635786098362707e-38,9959.330658103365,0.9964229611557253,4.405215999284447e-20
265560,0.0,3.641445335876732e-38,9959.33065810424,0.996422961155716,4.416007741327454e-20
265620,0.0,3.647012563101729e-38,9959.330658105111,0.9964229611557069,4.4266623754547066e-20
265680,0.0,3.652487513822703e-38,9959.330658105979,0.996422961155698,4.437179607948497e-20
265740,0.0,3.6578699218246615e-38,9959.330658106841,0.9964229611556888,4.4475591450911145e-20
265800,0.0,3.663159520892611e-38,9959.330658107701,0.99642296115568,4.45780069316485e-20
265860,0.0,3.668356044811555e-38,9959.330658108556,0.996422961155671,4.4679039584519934e-20
265920,0.0,3.673459227366498e-38,9959.330658109406,0.9964229611556621,4.477868647234836e-20
265980,0.0,3.6784688023424483e-38,9959.330658110253,0.9964229611556532,4.4876944657956673e-20
266040,0.0,3.6833845035244096e-38,9959.330658111096,0.9964229611556444,4.4973811204167777e-20
266100,0.0,3.68820606469739e-38,9959.330658111934,0.9964229611556357,4.5069283173804575e-20
266160,0.0,3.6929332196463913e-38,9959.330658112767,0.996422961155627,4.5163357629689973e-20
266220,0.0,3.6975657021564233e-38,9959.330658113598,0.9964229611556183,4.5256031634646875e-20
266280,0.0,3.702103246012488e-38,9959.330658114424,0.9964229611556097,4.5347302251498185e-20
266340,0.0,3.706545584999593e-38,9959.330658115245,0.9964229611556011,4.54371665430668e-20
266400,0.0,3.710892452902743e-38,9959.330658116063,0.9964229611555926,4.552562157217564e-20
266460,0.0,3.715143583506945e-38,9959.330658116876,0.996422961155584,4.561266440164759e-20
266520,0.0,3.7192987105972027e-38,9959.330658117686,0.9964229611555756,4.569829209430556e-20
266580,0.0,3.723357567958524e-38,9959.33065811849,0.9964229611555672,4.5782501712972456e-20
266640,0.0,3.7273198893759104e-38,9959.33065811929,0.9964229611555588,4.586529032047118e-20
266700,0.0,3.731185408634373e-38,9959.330658120087,0.9964229611555505,4.5946654979624636e-20
266760,0.0,3.734953859518912e-38,9959.330658120878,0.9964229611555422,4.602659275325573e-20
266820,0.0,3.7386249758145373e-38,9959.330658121666,0.996422961155534,4.6105100704187343e-20
266880,0.0,3.7421984913062526e-38,9959.33065812245,0.9964229611555259,4.618217589524243e-20
266940,0.0,3.745674139779063e-38,9959.330658123228,0.9964229611555177,4.625781538924384e-20
267000,0.0,3.749051655017975e-38,9959.330658124003,0.9964229611555095,4.633201624901451e-20
267060,0.0,3.7523307708079945e-38,9959.330658124773,0.9964229611555016,4.640477553737732e-20
267120,0.0,3.755511220934126e-38,9959.33065812554,0.9964229611554936,4.64760903171552e-20
267180,0.0,3.7585927391813755e-38,9959.3306581263,0.9964229611554856,4.654595765117104e-20
267240,0.0,3.7615750593347484e-38,9959.330658127059,0.9964229611554777,4.661437460224772e-20
267300,0.0,3.764457915179252e-38,9959.330658127812,0.9964229611554698,4.668133823320819e-20
267360,0.0,3.7672410404998895e-38,9959.33065812856,0.9964229611554619,4.674684560687533e-20
267420,0.0,3.769924169081668e-38,9959.330658129304,0.9964229611554541,4.681089378607204e-20
267480,0.0,3.772507034709592e-38,9959.330658130044,0.9964229611554465,4.687347983362122e-20
267540,0.0,3.7749893711686686e-38,9959.330658130779,0.9964229611554388,4.693460081234578e-20
267600,0.0,3.777370912243902e-38,9959.33065813151,0.9964229611554312,4.6994253785068636e-20
267660,0.0,3.779651391720299e-38,9959.330658132238,0.9964229611554235,4.7052435814612674e-20
267720,0.0,3.7818305433828626e-38,9959.33065813296,0.996422961155416,4.71091439638008e-20
267780,0.0,3.783908101016602e-38,9959.330658133676,0.9964229611554085,4.716437529545593e-20
267840,0.0,3.78588379840652e-38,9959.33065813439,0.9964229611554011,4.721812687240096e-20
267900,0.0,3.787757369337625e-38,9959.330658135099,0.9964229611553936,4.727039575745879e-20
267960,0.0,3.7895285475949195e-38,9959.330658135803,0.9964229611553863,4.732117901345232e-20
268020,0.0,3.79119706696341e-38,9959.330658136503,0.996422961155379,4.7370473703204455e-20
268080,0.0,3.792762661228103e-38,9959.330658137198,0.9964229611553718,4.7418276889538116e-20
268140,0.0,3.7942250641740044e-38,9959.330658137887,0.9964229611553646,4.74645856352762e-20
268200,0.0,3.7955840095861194e-38,9959.330658138575,0.9964229611553573,4.750939700324158e-20
268260,0.0,3.796839231249452e-38,9959.330658139255,0.9964229611553502,4.7552708056257185e-20
268320,0.0,3.7979904629490093e-38,9959.330658139934,0.9964229611553431,4.7594515857145935e-20
268380,0.0,3.799037438469797e-38,9959.330658140605,0.9964229611553361,4.7634817468730706e-20
268440,0.0,3.7999798915968205e-38,9959.330658141274,0.9964229611553291,4.7673609953834416e-20
268500,0.0,3.800817556115085e-38,9959.330658141937,0.9964229611553223,4.771089037527996e-20
268560,0.0,3.8015501658095955e-38,9959.330658142595,0.9964229611553154,4.774665579589024e-20
268620,0.0,3.80217745446536e-38,9959.33065814325,0.9964229611553085,4.778090327848818e-20
268680,0.0,3.8026991558673824e-38,9959.3306581439,0.9964229611553017,4.781362988589665e-20
268740,0.0,3.803115003800668e-38,9959.330658144545,0.9964229611552949,4.7844832680938586e-20
268800,0.0,3.803424732050223e-38,9959.330658145185,0.9964229611552883,4.787450872643686e-20
268860,0.0,3.803628074401052e-38,9959.33065814582,0.9964229611552816,4.7902655085214414e-20
268920,0.0,3.8037247646381626e-38,9959.330658146451,0.9964229611552751,4.792926882009412e-20
268980,0.0,3.8037145365465583e-38,9959.330658147077,0.9964229611552685,4.7954346993898894e-20
269040,0.0,3.803597123911246e-38,9959.330658147699,0.996422961155262,4.797788666945163e-20
269100,0.0,3.8033722605172303e-38,9959.330658148316,0.9964229611552555,4.799988490957525e-20
269160,0.0,3.803039680149518e-38,9959.330658148929,0.9964229611552492,4.802033877709264e-20
269220,0.0,3.802599116593114e-38,9959.330658149536,0.9964229611552428,4.8039245334826715e-20
269280,0.0,3.802050303633024e-38,9959.330658150138,0.9964229611552365,4.8056601645600366e-20
269340,0.0,3.8013929750542534e-38,9959.330658150737,0.9964229611552302,4.8072404772236515e-20
269400,0.0,3.800626864641808e-38,9959.33065815133,0.9964229611552241,4.8086651777558043e-20
269460,0.0,3.799751706180694e-38,9959.330658151917,0.9964229611552179,4.8099339724387867e-20
269520,0.0,3.7987672334559163e-38,9959.330658152501,0.9964229611552118,4.8110465675548896e-20
269580,0.0,3.7976731802524796e-38,9959.330658153081,0.9964229611552058,4.812002669386403e-20
269640,0.0,3.796469280355391e-38,9959.330658153654,0.9964229611551998,4.8128019842156154e-20
269700,0.0,3.7951552675496557e-38,9959.330658154224,0.9964229611551938,4.81344421832482e-20
269760,0.0,3.7937308756202795e-38,9959.33065815479,0.9964229611551879,4.8139290779963047e-20
269820,0.0,3.7921958383522666e-38,9959.33065815535,0.996422961155182,4.814256269512362e-20
269880,0.0,3.7905498895306245e-38,9959.330658155905,0.9964229611551763,4.81442549915528e-20
269940,0.0,3.7887927629403576e-38,9959.330658156454,0.9964229611551705,4.8144364732073513e-20
270000,0.0,3.786924192366472e-38,9959.330658157,0.9964229611551648,4.814288897950864e-20
270060,0.0,3.7849439115939733e-38,9959.33065815754,0.9964229611551592,4.8139824796681114e-20
270120,0.0,3.7828516544078674e-38,9959.330658158075,0.9964229611551536,4.813516924641381e-20
270180,0.0,3.780647154593158e-38,9959.330658158606,0.9964229611551481,4.812891939152965e-20
270240,0.0,3.7783301459348537e-38,9959.330658159131,0.9964229611551425,4.812107229485152e-20
270300,0.0,3.7759003622179575e-38,9959.330658159652,0.9964229611551371,4.8111625019202336e-20
270360,0.0,3.7733575372274765e-38,9959.330658160168,0.9964229611551317,4.810057462740501e-20
270420,0.0,3.770701404748415e-38,9959.33065816068,0.9964229611551264,4.808791818228243e-20
270480,0.0,3.7679316985657803e-38,9959.330658161185,0.9964229611551211,4.8073652746657496e-20
270540,0.0,3.7650481524645765e-38,9959.330658161687,0.9964229611551159,4.8057775383353127e-20
270600,0.0,3.76205050022981e-38,9959.330658162182,0.9964229611551106,4.804028315519222e-20
270660,0.0,3.758938475646486e-38,9959.330658162673,0.9964229611551055,4.802117312499768e-20
270720,0.0,3.755711812499611e-38,9959.33065816316,0.9964229611551004,4.80004423555924e-20
270780,0.0,3.7523702445741896e-38,9959.33065816364,0.9964229611550954,4.79780879097993e-20
270840,0.0,3.7489135056552274e-38,9959.330658164117,0.9964229611550904,4.795410685044127e-20
270900,0.0,3.7453413295277304e-38,9959.330658164588,0.9964229611550856,4.7928496240341223e-20
270960,0.0,3.741653449976704e-38,9959.330658165054,0.9964229611550807,4.790125314232206e-20
271020,0.0,3.737849600787155e-38,9959.330658165516,0.9964229611550758,4.787237461920668e-20
271080,0.0,3.7339295157440863e-38,9959.330658165973,0.996422961155071,4.7841857733817987e-20
271140,0.0,3.7298929286325054e-38,9959.330658166424,0.9964229611550663,4.78096995489789e-20
271200,0.0,3.725739573237418e-38,9959.33065816687,0.9964229611550617,4.7775897127512296e-20
271260,0.0,3.721469183343829e-38,9959.33065816731,0.9964229611550571,4.7740447532241104e-20
271320,0.0,3.717081492736744e-38,9959.330658167746,0.9964229611550526,4.7703347825988204e-20
271380,0.0,3.712576235201169e-38,9959.330658168177,0.996422961155048,4.7664595071576517e-20
271440,0.0,3.7079531445221103e-38,9959.330658168603,0.9964229611550436,4.762418633182894e-20
271500,0.0,3.703211954484572e-38,9959.330658169023,0.9964229611550391,4.758211866956838e-20
271560,0.0,3.69835239887356e-38,9959.330658169438,0.9964229611550348,4.753838914761774e-20
271620,0.0,3.69337421147408e-38,9959.330658169849,0.9964229611550306,4.7492994828799923e-20
271680,0.0,3.6882771260711383e-38,9959.330658170253,0.9964229611550264,4.744593277593782e-20
271740,0.0,3.68306087644974e-38,9959.330658170653,0.9964229611550222,4.739720005185436e-20
271800,0.0,3.6777251963948906e-38,9959.330658171048,0.996422961155018,4.734679371937242e-20
271860,0.0,3.672269819691597e-38,9959.330658171437,0.9964229611550139,4.7294710841314923e-20
271920,0.0,3.6666944801248623e-38,9959.33065817182,0.99642296115501,4.7240948480504765e-20
271980,0.0,3.660998911479694e-38,9959.3306581722,0.996422961155006,4.718550369976485e-20
272040,0.0,3.655182847541096e-38,9959.330658172574,0.9964229611550021,4.712837356191807e-20
272100,0.0,3.6492460220940765e-38,9959.330658172943,0.9964229611549982,4.7069555129787364e-20
272160,0.0,3.6431881689236383e-38,9959.330658173307,0.9964229611549944,4.700904546619559e-20
272220,0.0,3.63700902181479e-38,9959.330658173665,0.9964229611549906,4.694684163396569e-20
272280,0.0,3.6307083145525337e-38,9959.330658174018,0.996422961154987,4.688294069592054e-20
272340,0.0,3.6242857809218776e-38,9959.330658174365,0.9964229611549834,4.681733971488306e-20
272400,0.0,3.617741154707826e-38,9959.330658174707,0.9964229611549797,4.6750035753676135e-20
272460,0.0,3.611074169695385e-38,9959.330658175046,0.9964229611549763,4.668102587512269e-20
272520,0.0,3.6042845596695605e-38,9959.330658175377,0.9964229611549728,4.661030714204562e-20
272580,0.0,3.597372058415358e-38,9959.330658175702,0.9964229611549694,4.653787661726783e-20
272640,0.0,3.590336399717783e-38,9959.330658176024,0.996422961154966,4.6463731363612214e-20
272700,0.0,3.5831773173618405e-38,9959.33065817634,0.9964229611549628,4.63878684439017e-20
272760,0.0,3.5758945451325364e-38,9959.33065817665,0.9964229611549594,4.631028492095916e-20
272820,0.0,3.568487816814877e-38,9959.330658176956,0.9964229611549563,4.623097785760752e-20
272880,0.0,3.5609568661938667e-38,9959.330658177256,0.9964229611549532,4.6149944316669665e-20
272940,0.0,3.553301427054512e-38,9959.33065817755,0.9964229611549501,4.606718136096852e-20
273000,0.0,3.5455212331818184e-38,9959.330658177838,0.9964229611549471,4.598268605332698e-20
273060,0.0,3.537616018360791e-38,9959.330658178122,0.9964229611549441,4.589645545656794e-20
273120,0.0,3.5295855163764363e-38,9959.3306581784,0.9964229611549412,4.580848663351432e-20
273180,0.0,3.521429461013759e-38,9959.330658178673,0.9964229611549383,4.5718776646989e-20
273240,0.0,3.5131475860577645e-38,9959.33065817894,0.9964229611549356,4.56273225598149e-20
273300,0.0,3.50473962529346e-38,9959.330658179202,0.9964229611549328,4.553412143481493e-20
273360,0.0,3.4962053125058494e-38,9959.330658179459,0.9964229611549301,4.5439170334811976e-20
273420,0.0,3.487544381479939e-38,9959.33065817971,0.9964229611549276,4.534246632262896e-20
273480,0.0,3.478756566000734e-38,9959.330658179955,0.9964229611549249,4.524400646108877e-20
273540,0.0,3.469841599853241e-38,9959.330658180195,0.9964229611549225,4.514378781301431e-20
273600,0.0,3.4607992168224644e-38,9959.33065818043,0.99642296115492,4.504180744122849e-20
273660,0.0,3.45162915069341e-38,9959.33065818066,0.9964229611549176,4.493806240855422e-20
273720,0.0,3.442331135251084e-38,9959.330658180883,0.9964229611549152,4.483254977781439e-20
273780,0.0,3.4329049042804916e-38,9959.3306581811,0.996422961154913,4.472526661183191e-20
273840,0.0,3.423350191566639e-38,9959.330658181312,0.9964229611549108,4.461620997342967e-20
273900,0.0,3.4136667308945304e-38,9959.33065818152,0.9964229611549086,4.45053769254306e-20
273960,0.0,3.4038542560491725e-38,9959.33065818172,0.9964229611549065,4.439276453065759e-20
274020,0.0,3.393912500815571e-38,9959.330658181916,0.9964229611549045,4.427836985193355e-20
274080,0.0,3.383841198978731e-38,9959.330658182107,0.9964229611549025,4.416218995208136e-20
274140,0.0,3.373640084323658e-38,9959.33065818229,0.9964229611549006,4.404422189392395e-20
274200,0.0,3.363308890635358e-38,9959.330658182469,0.9964229611548987,4.392446274028421e-20
274260,0.0,3.3528473516988373e-38,9959.330658182644,0.9964229611548968,4.380290955398505e-20
274320,0.0,3.3422552012991e-38,9959.330658182811,0.9964229611548951,4.3679559397849375e-20
274380,0.0,3.331532173221152e-38,9959.330658182973,0.9964229611548934,4.355440933470008e-20
274440,0.0,3.320678001249999e-38,9959.33065818313,0.9964229611548918,4.342745642736007e-20
274500,0.0,3.3096924191706475e-38,9959.33065818328,0.9964229611548902,4.329869773865225e-20
274560,0.0,3.298575160768103e-38,9959.330658183426,0.9964229611548887,4.3168130331399535e-20
274620,0.0,3.2873259598273693e-38,9959.330658183564,0.9964229611548873,4.303575126842481e-20
274680,0.0,3.275944550133454e-38,9959.330658183699,0.9964229611548858,4.2901557612551e-20
274740,0.0,3.264430665471361e-38,9959.330658183826,0.9964229611548845,4.2765546426600986e-20
274800,0.0,3.252784039626098e-38,9959.330658183948,0.9964229611548833,4.262771477339768e-20
274860,0.0,3.241004406382669e-38,9959.330658184066,0.996422961154882,4.248805971576399e-20
274920,0.0,3.22909149952608e-38,9959.330658184175,0.9964229611548808,4.2346578316522816e-20
274980,0.0,3.217045052841336e-38,9959.33065818428,0.9964229611548797,4.2203267638497055e-20
275040,0.0,3.2048648001134443e-38,9959.33065818438,0.9964229611548787,4.205812474450963e-20
275100,0.0,3.1925504751274083e-38,9959.330658184474,0.9964229611548777,4.1911146697383426e-20
275160,0.0,3.180101811668235e-38,9959.330658184563,0.9964229611548768,4.1762330559941356e-20
275220,0.0,3.16751854352093e-38,9959.330658184645,0.9964229611548759,4.161167339500631e-20
275280,0.0,3.1548004044704985e-38,9959.330658184721,0.9964229611548752,4.145917226540121e-20
275340,0.0,3.141947128301946e-38,9959.33065818479,0.9964229611548744,4.130482423394894e-20
275400,0.0,3.128958448800278e-38,9959.330658184856,0.9964229611548737,4.114862636347243e-20
275460,0.0,3.115834099750501e-38,9959.330658184914,0.9964229611548732,4.099057571679457e-20
275520,0.0,3.10257381493762e-38,9959.330658184967,0.9964229611548726,4.083066935673825e-20
275580,0.0,3.08917732814664e-38,9959.330658185014,0.9964229611548721,4.066890434612639e-20
275640,0.0,3.0756443731625676e-38,9959.330658185056,0.9964229611548716,4.0505277747781895e-20
275700,0.0,3.0619746837704075e-38,9959.33065818509,0.9964229611548713,4.033978662452765e-20
275760,0.0,3.0481679937551654e-38,9959.33065818512,0.996422961154871,4.017242803918658e-20
275820,0.0,3.0342240369018486e-38,9959.330658185143,0.9964229611548707,4.000319905458158e-20
275880,0.0,3.0201425469954604e-38,9959.330658185161,0.9964229611548705,3.983209673353555e-20
275940,0.0,3.005923257821007e-38,9959.330658185174,0.9964229611548704,3.965911813887139e-20
276000,0.0,2.9915659031634953e-38,9959.33065818518,0.9964229611548704,3.9484260333412025e-20
276060,0.0,2.9770702168079294e-38,9959.33065818518,0.9964229611548704,3.930752037998033e-20
276120,0.0,2.962435932539315e-38,9959.330658185172,0.9964229611548704,3.9128895341399225e-20
276180,0.0,2.947662784142659e-38,9959.330658185161,0.9964229611548705,3.8948382280491615e-20
276240,0.0,2.9327505054029654e-38,9959.330658185143,0.9964229611548707,3.87659782600804e-20
276300,0.0,2.9176988301052415e-38,9959.33065818512,0.996422961154871,3.858168034298848e-20
276360,0.0,2.9025074920344906e-38,9959.330658185088,0.9964229611548713,3.839548559203876e-20
276420,0.0,2.88717622497572e-38,9959.330658185054,0.9964229611548717,3.820739107005415e-20
276480,0.0,2.8717047627139355e-38,9959.33065818501,0.9964229611548721,3.801739383985754e-20
276540,0.0,2.856092839034142e-38,9959.330658184963,0.9964229611548726,3.7825490964271847e-20
276600,0.0,2.840340187721344e-38,9959.330658184908,0.9964229611548732,3.763167950611997e-20
276660,0.0,2.8244465425605496e-38,9959.330658184848,0.9964229611548738,3.743595652822482e-20
276720,0.0,2.8084116373367625e-38,9959.330658184783,0.9964229611548745,3.723831909340928e-20
276780,0.0,2.792235205834989e-38,9959.33065818471,0.9964229611548753,3.7038764264496267e-20
276840,0.0,2.7759169818402345e-38,9959.330658184632,0.996422961154876,3.6837289104308697e-20
276900,0.0,2.759456699137505e-38,9959.330658184548,0.9964229611548769,3.6633890675669447e-20
276960,0.0,2.7428540915118056e-38,9959.330658184457,0.9964229611548779,3.642856604140143e-20
277020,0.0,2.726108892748142e-38,9959.33065818436,0.9964229611548789,3.622131226432757e-20
277080,0.0,2.70922083663152e-38,9959.330658184259,0.9964229611548799,3.6012126407270745e-20
277140,0.0,2.6921896569469443e-38,9959.33065818415,0.996422961154881,3.580100553305386e-20
277200,0.0,2.675015087479422e-38,9959.330658184035,0.9964229611548823,3.558794670449983e-20
277260,0.0,2.657696862013958e-38,9959.330658183913,0.9964229611548836,3.537294698443156e-20
277320,0.0,2.6402347143355574e-38,9959.330658183786,0.9964229611548849,3.515600343567195e-20
277380,0.0,2.6226283782292264e-38,9959.330658183653,0.9964229611548863,3.4937113121043895e-20
277440,0.0,2.604877587479971e-38,9959.330658183513,0.9964229611548877,3.471627310337031e-20
277500,0.0,2.586982075872795e-38,9959.330658183368,0.9964229611548893,3.449348044547409e-20
277560,0.0,2.568941577192706e-38,9959.330658183215,0.9964229611548908,3.426873221017814e-20
277620,0.0,2.550755825224709e-38,9959.330658183057,0.9964229611548925,3.404202546030537e-20
277680,0.0,2.532424553753809e-38,9959.330658182893,0.9964229611548943,3.381335725867868e-20
277740,0.0,2.513947496565012e-38,9959.330658182722,0.996422961154896,3.358272466812097e-20
277800,0.0,2.4953243874433237e-38,9959.330658182545,0.9964229611548978,3.3350124751455147e-20
277860,0.0,2.47655496017375e-38,9959.330658182362,0.9964229611548998,3.3115554571504115e-20
277920,0.0,2.4576389485412956e-38,9959.330658182173,0.9964229611549017,3.2879011191090773e-20
277980,0.0,2.4385760863309664e-38,9959.330658181978,0.9964229611549038,3.264049167303803e-20
278040,0.0,2.419366107327769e-38,9959.330658181774,0.9964229611549059,3.239999308016879e-20
278100,0.0,2.4000087453167077e-38,9959.330658181567,0.9964229611549081,3.215751247530595e-20
278160,0.0,2.380503734082788e-38,9959.330658181352,0.9964229611549104,3.191304692127242e-20
278220,0.0,2.3608508074110175e-38,9959.33065818113,0.9964229611549127,3.16665934808911e-20
278280,0.0,2.3410496990863991e-38,9959.330658180905,0.996422961154915,3.1418149216984895e-20
278340,0.0,2.3211001428939402e-38,9959.33065818067,0.9964229611549175,3.1167711192376703e-20
278400,0.0,2.3010018726186456e-38,9959.33065818043,0.9964229611549199,3.091527646988945e-20
278460,0.0,2.2807546220455216e-38,9959.330658180184,0.9964229611549226,3.066084211234601e-20
278520,0.0,2.2603581249595727e-38,9959.330658179932,0.9964229611549251,3.04044051825693e-20
278580,0.0,2.239812115145806e-38,9959.330658179671,0.9964229611549279,3.0145962743382217e-20
278640,0.0,2.2191163263892254e-38,9959.330658179406,0.9964229611549307,2.988551185760768e-20
278700,0.0,2.198270492474838e-38,9959.330658179135,0.9964229611549335,2.9623049588068574e-20
278760,0.0,2.1772743471876482e-38,9959.330658178857,0.9964229611549364,2.9358572997587814e-20
278820,0.0,2.1561276243126624e-38,9959.330658178571,0.9964229611549393,2.9092079148988304e-20
278880,0.0,2.134830057634886e-38,9959.33065817828,0.9964229611549424,2.882356510509294e-20
278940,0.0,2.113381380939324e-38,9959.330658177983,0.9964229611549456,2.8553027928724624e-20
279000,0.0,2.0917813280109833e-38,9959.330658177678,0.9964229611549487,2.8280464682706276e-20
279060,0.0,2.0700296326348685e-38,9959.330658177369,0.996422961154952,2.800587242986079e-20
279120,0.0,2.0481260285959851e-38,9959.33065817705,0.9964229611549552,2.7729248233011055e-20
279180,0.0,2.0260702496793393e-38,9959.330658176727,0.9964229611549587,2.7450589154979996e-20
279240,0.0,2.0038620296699365e-38,9959.330658176397,0.9964229611549621,2.7169892258590506e-20
279300,0.0,1.981501102352782e-38,9959.33065817606,0.9964229611549656,2.6887154606665492e-20
279360,0.0,1.9589872015128811e-38,9959.330658175717,0.9964229611549692,2.6602373262027858e-20
279420,0.0,1.9363200609352409e-38,9959.330658175368,0.9964229611549729,2.6315545287500505e-20
279480,0.0,1.9134994144048653e-38,9959.330658175011,0.9964229611549765,2.6026667745906338e-20
279540,0.0,1.8905249957067607e-38,9959.33065817465,0.9964229611549803,2.573573770006826e-20
279600,0.0,1.8673965386259325e-38,9959.33065817428,0.9964229611549842,2.5442752212809174e-20
279660,0.0,1.8441137769473866e-38,9959.330658173903,0.9964229611549882,2.514770834695198e-20
279720,0.0,1.8206764444561284e-38,9959.330658173521,0.9964229611549922,2.4850603165319592e-20
279780,0.0,1.7970842749371632e-38,9959.330658173132,0.9964229611549962,2.45514337307349e-20
279840,0.0,1.773337002175497e-38,9959.330658172736,0.9964229611550003,2.4250197106020825e-20
279900,0.0,1.7494343599561355e-38,9959.330658172334,0.9964229611550045,2.394689035400025e-20
279960,0.0,1.7253760820640836e-38,9959.330658171924,0.9964229611550088,2.3641510537496098e-20
280020,0.0,1.7011619022843478e-38,9959.33065817151,0.9964229611550132,2.333405471933126e-20
280080,0.0,1.676791554401933e-38,9959.330658171088,0.9964229611550176,2.302451996232864e-20
280140,0.0,1.6522647722018453e-38,9959.330658170658,0.996422961155022,2.2712903329311145e-20
280200,0.0,1.6275812894690898e-38,9959.330658170222,0.9964229611550266,2.2399201883101677e-20
280260,0.0,1.6027408399886722e-38,9959.33065816978,0.9964229611550313,2.2083412686523147e-20
280320,0.0,1.5777431575455985e-38,9959.33065816933,0.9964229611550359,2.1765532802398445e-20
280380,0.0,1.5525879759248736e-38,9959.330658168876,0.9964229611550407,2.1445559293550482e-20
280440,0.0,1.5272750289115042e-38,9959.330658168412,0.9964229611550455,2.112348922280217e-20
280500,0.0,1.5018040502904946e-38,9959.330658167943,0.9964229611550504,2.0799319652976397e-20
280560,0.0,1.476174773846851e-38,9959.330658167468,0.9964229611550554,2.0473047646896068e-20
280620,0.0,1.4503869333655795e-38,9959.330658166984,0.9964229611550605,2.01446702673841e-20
280680,0.0,1.424440262631685e-38,9959.330658166495,0.9964229611550656,1.9814184577263385e-20
280740,0.0,1.3983344954301733e-38,9959.330658166,0.9964229611550707,1.9481587639356832e-20
280800,0.0,1.37206936554605e-38,9959.330658165496,0.996422961155076,1.9146876516487335e-20
280860,0.0,1.3456446067643205e-38,9959.330658164987,0.9964229611550813,1.8810048271477814e-20
280920,0.0,1.319059952869991e-38,9959.33065816447,0.9964229611550867,1.847109996715116e-20
280980,0.0,1.2923151376480662e-38,9959.330658163946,0.9964229611550922,1.8130028666330276e-20
281040,0.0,1.2654098948835524e-38,9959.330658163417,0.9964229611550977,1.778683143183807e-20
281100,0.0,1.2383439583614552e-38,9959.330658162879,0.9964229611551033,1.7441505326497453e-20
281160,0.0,1.2111170618667795e-38,9959.330658162335,0.996422961155109,1.7094047413131312e-20
281220,0.0,1.1837289391845319e-38,9959.330658161785,0.9964229611551148,1.6744454754562565e-20
281280,0.0,1.1561793240997171e-38,9959.330658161227,0.9964229611551206,1.639272441361411e-20
281340,0.0,1.128467950397341e-38,9959.330658160663,0.9964229611551265,1.603885345310885e-20
281400,0.0,1.1005945518624095e-38,9959.33065816009,0.9964229611551324,1.5682838935869685e-20
281460,0.0,1.072558862279928e-38,9959.330658159512,0.9964229611551385,1.532467792471952e-20
281520,0.0,1.0443606154349017e-38,9959.330658158928,0.9964229611551446,1.4964367482481266e-20
281580,0.0,1.0159995451123368e-38,9959.330658158335,0.9964229611551508,1.460190467197782e-20
281640,0.0,9.874753850972386e-39,9959.330658157736,0.996422961155157,1.4237286556032088e-20
281700,0.0,9.587878691746127e-39,9959.33065815713,0.9964229611551634,1.387051019746697e-20
281760,0.0,9.299367311294648e-39,9959.330658156518,0.9964229611551698,1.3501572659105374e-20
281820,0.0,9.009217047468002e-39,9959.330658155897,0.9964229611551763,1.31304710037702e-20
281880,0.0,8.71742523811625e-39,9959.33065815527,0.9964229611551828,1.2757202294284355e-20
281940,0.0,8.423989221089444e-39,9959.330658154637,0.9964229611551895,1.2381763593470742e-20
282000,0.0,8.128906334237643e-39,9959.330658153995,0.9964229611551961,1.2004151964152259e-20
282060,0.0,7.832173915410896e-39,9959.330658153347,0.9964229611552029,1.1624364469151813e-20
282120,0.0,7.533789302459268e-39,9959.330658152692,0.9964229611552098,1.1242398171292313e-20
282180,0.0,7.233749833232811e-39,9959.33065815203,0.9964229611552167,1.0858250133396656e-20
282240,0.0,6.93205284558158e-39,9959.33065815136,0.9964229611552237,1.0471917418287747e-20
282300,0.0,6.628695677355634e-39,9959.330658150686,0.9964229611552308,1.008339708878849e-20
282360,0.0,6.323675666405024e-39,9959.330658150002,0.9964229611552379,9.692686207721787e-21
282420,0.0,6.01699015057981e-39,9959.330658149313,0.9964229611552451,9.299781837910544e-21
282480,0.0,5.708636467730048e-39,9959.330658148614,0.9964229611552523,8.904681042177664e-21
282540,0.0,5.398611955705792e-39,9959.33065814791,0.9964229611552597,8.507380883346049e-21
282600,0.0,5.086913952357098e-39,9959.330658147199,0.9964229611552672,8.107878424238603e-21
282660,0.0,4.773539795534023e-39,9959.33065814648,0.9964229611552746,7.706170727678233e-21
282720,0.0,4.4584868230866224e-39,9959.330658145755,0.9964229611552823,7.302254856487837e-21
282780,0.0,4.1417523728649525e-39,9959.330658145022,0.9964229611552899,6.896127873490322e-21
282840,0.0,3.82333378271907e-39,9959.330658144281,0.9964229611552976,6.487786841508591e-21
282900,0.0,3.5032283904990285e-39,9959.330658143534,0.9964229611553054,6.077228823365546e-21
282960,0.0,3.181433534054887e-39,9959.330658142779,0.9964229611553133,5.664450881884094e-21
283020,0.0,2.8579465512366988e-39,9959.330658142018,0.9964229611553213,5.249450079887134e-21
283080,0.0,2.5327647798945214e-39,9959.330658141249,0.9964229611553292,4.832223480197574e-21
283140,0.0,2.2058855578784104e-39,9959.330658140474,0.9964229611553374,4.412768145638314e-21
283200,0.0,1.8773062230384217e-39,9959.33065813969,0.9964229611553456,3.991081139032259e-21
283260,0.0,1.5470241132246114e-39,9959.330658138899,0.9964229611553539,3.5671595232023125e-21
283320,0.0,1.2150365662870351e-39,9959.330658138102,0.9964229611553622,3.1410003609713787e-21
283380,0.0,8.81340920075749e-40,9959.330658137296,0.9964229611553705,2.7126007151623602e-21
283440,0.0,5.4593451244080905e-40,9959.330658136485,0.9964229611553791,2.2819576485981607e-21
283500,0.0,2.088146812322713e-40,9959.330658135666,0.9964229611553876,1.849068224101684e-21
283560,0.0,6.832883452243643e-39,9959.330658118044,0.9964229611555717,2.521935034047541e-20
283620,0.0,6.794920399054713e-39,9959.330658118504,0.9964229611555669,2.5089328100403287e-20
283680,0.0,6.757046682078104e-39,9959.330658118963,0.9964229611555622,2.4959600797679063e-20
283740,0.0,6.719262301313811e-39,9959.33065811942,0.9964229611555574,2.4830168432302718e-20
283800,0.0,6.681567256761835e-39,9959.330658119874,0.9964229611555526,2.470103100427427e-20
283860,0.0,6.643961548422178e-39,9959.330658120329,0.9964229611555478,2.4572188513593702e-20
283920,0.0,6.606445176294838e-39,9959.330658120782,0.9964229611555432,2.4443640960261023e-20
283980,0.0,6.569018140379815e-39,9959.330658121231,0.9964229611555384,2.4315388344276238e-20
284040,0.0,6.531680440677111e-39,9959.33065812168,0.9964229611555337,2.4187430665639336e-20
284100,0.0,6.49443207718672e-39,9959.330658122128,0.9964229611555291,2.405976792435032e-20
284160,0.0,6.457273049908651e-39,9959.330658122575,0.9964229611555244,2.393240012040919e-20
284220,0.0,6.4202033588429e-39,9959.330658123019,0.9964229611555198,2.3805327253815963e-20
284280,0.0,6.383223003989464e-39,9959.330658123463,0.9964229611555151,2.3678549324570615e-20
284340,0.0,6.346331985348349e-39,9959.330658123903,0.9964229611555105,2.3552066332673152e-20
284400,0.0,6.309530302919549e-39,9959.330658124343,0.9964229611555059,2.342587827812359e-20
284460,0.0,6.272817956703069e-39,9959.330658124782,0.9964229611555013,2.3299985160921905e-20
284520,0.0,6.236194946698907e-39,9959.330658125218,0.9964229611554968,2.3174386981068117e-20
284580,0.0,6.19966127290706e-39,9959.330658125655,0.9964229611554922,2.304908373856221e-20
284640,0.0,6.163216935327532e-39,9959.330658126088,0.9964229611554877,2.292407543340419e-20
284700,0.0,6.126861933960321e-39,9959.33065812652,0.9964229611554831,2.279936206559407e-20
284760,0.0,6.090596268805429e-39,9959.330658126952,0.9964229611554787,2.267494363513183e-20
284820,0.0,6.054419939862855e-39,9959.330658127381,0.9964229611554742,2.2550820142017484e-20
284880,0.0,6.018332947132597e-39,9959.330658127808,0.9964229611554697,2.2426991586251018e-20
284940,0.0,5.982335290614658e-39,9959.330658128234,0.9964229611554652,2.230345796783244e-20
285000,0.0,5.946426970309037e-39,9959.330658128658,0.9964229611554608,2.218021928676176e-20
285060,0.0,5.910607986215732e-39,9959.330658129082,0.9964229611554564,2.205727554303896e-20
285120,0.0,5.874878338334743e-39,9959.330658129504,0.996422961155452,2.1934626736664046e-20
285180,0.0,5.839238026666072e-39,9959.330658129924,0.9964229611554476,2.181227286763702e-20
285240,0.0,5.803687051209722e-39,9959.330658130342,0.9964229611554433,2.1690213935957895e-20
285300,0.0,5.7682254119656896e-39,9959.330658130759,0.9964229611554389,2.156844994162665e-20
285360,0.0,5.732853108933972e-39,9959.330658131174,0.9964229611554345,2.144698088464329e-20
285420,0.0,5.697570142114575e-39,9959.330658131588,0.9964229611554303,2.132580676500783e-20
285480,0.0,5.6623765115074934e-39,9959.330658132,0.996422961155426,2.1204927582720248e-20
285540,0.0,5.6272722171127315e-39,9959.33065813241,0.9964229611554216,2.1084343337780565e-20
285600,0.0,5.592257258930287e-39,9959.33065813282,0.9964229611554174,2.096405403018876e-20
285660,0.0,5.557331636960158e-39,9959.330658133227,0.9964229611554131,2.0844059659944844e-20
285720,0.0,5.522495351202349e-39,9959.330658133635,0.9964229611554088,2.0724360227048824e-20
285780,0.0,5.487748401656858e-39,9959.330658134038,0.9964229611554046,2.0604955731500686e-20
285840,0.0,5.4530907883236825e-39,9959.330658134442,0.9964229611554004,2.0485846173300443e-20
285900,0.0,5.4185225112028266e-39,9959.330658134842,0.9964229611553962,2.036703155244808e-20
285960,0.0,5.384043570294286e-39,9959.330658135243,0.996422961155392,2.0248511868943607e-20
286020,0.0,5.349653965598066e-39,9959.330658135641,0.9964229611553879,2.013028712278703e-20
286080,0.0,5.3153536971141596e-39,9959.33065813604,0.9964229611553838,2.001235731397833e-20
286140,0.0,5.2811427648425726e-39,9959.330658136434,0.9964229611553795,1.989472244251752e-20
286200,0.0,5.247021168783305e-39,9959.330658136829,0.9964229611553754,1.9777382508404598e-20
286260,0.0,5.2129889089363536e-39,9959.33065813722,0.9964229611553713,1.9660337511639575e-20
286320,0.0,5.179045985301721e-39,9959.330658137611,0.9964229611553673,1.954358745222243e-20
286380,0.0,5.145192397879407e-39,9959.330658138,0.9964229611553632,1.9427132330153184e-20
286440,0.0,5.111428146669408e-39,9959.330658138388,0.9964229611553591,1.9310972145431818e-20
286500,0.0,5.077753231671729e-39,9959.330658138775,0.9964229611553551,1.919510689805834e-20
286560,0.0,5.044167652886365e-39,9959.330658139159,0.9964229611553511,1.9079536588032756e-20
286620,0.0,5.010671410313321e-39,9959.330658139543,0.9964229611553471,1.8964261215355055e-20
286680,0.0,4.977264503952595e-39,9959.330658139925,0.9964229611553431,1.884928078002525e-20
286740,0.0,4.943946933804185e-39,9959.330658140305,0.9964229611553391,1.8734595282043327e-20
286800,0.0,4.910718699868094e-39,9959.330658140683,0.9964229611553352,1.8620204721409288e-20
286860,0.0,4.877579802144321e-39,9959.33065814106,0.9964229611553312,1.850610909812315e-20
286920,0.0,4.8445302406328636e-39,9959.330658141434,0.9964229611553274,1.839230841218489e-20
286980,0.0,4.8115700153337256e-39,9959.33065814181,0.9964229611553234,1.8278802663594528e-20
287040,0.0,4.7786991262469036e-39,9959.330658142182,0.9964229611553195,1.8165591852352043e-20
287100,0.0,4.745917573372399e-39,9959.330658142553,0.9964229611553157,1.8052675978457444e-20
287160,0.0,4.713225356710214e-39,9959.330658142922,0.9964229611553118,1.794005504191074e-20
287220,0.0,4.680622476260345e-39,9959.33065814329,0.9964229611553079,1.782772904271192e-20
287280,0.0,4.6481089320227955e-39,9959.330658143655,0.9964229611553042,1.7715697980861e-20
287340,0.0,4.6156847239975615e-39,9959.330658144021,0.9964229611553003,1.7603961856357958e-20
287400,0.0,4.5833498521846474e-39,9959.330658144383,0.9964229611552965,1.7492520669202814e-20
287460,0.0,4.551104316584051e-39,9959.330658144745,0.9964229611552927,1.7381374419395552e-20
287520,0.0,4.518948117195771e-39,9959.330658145105,0.9964229611552889,1.7270523106936176e-20
287580,0.0,4.48688125401981e-39,9959.330658145464,0.9964229611552852,1.7159966731824698e-20
287640,0.0,4.4549037270561645e-39,9959.330658145822,0.9964229611552815,1.70497052940611e-20
287700,0.0,4.423015536304839e-39,9959.330658146177,0.9964229611552777,1.6939738793645394e-20
287760,0.0,4.391216681765831e-39,9959.330658146531,0.9964229611552741,1.6830067230577572e-20
287820,0.0,4.359507163439139e-39,9959.330658146882,0.9964229611552704,1.672069060485764e-20
287880,0.0,4.327886981324766e-39,9959.330658147233,0.9964229611552667,1.6611608916485603e-20
287940,0.0,4.296356135422711e-39,9959.330658147583,0.9964229611552631,1.6502822165461444e-20
288000,0.0,4.264914625732972e-39,9959.330658147932,0.9964229611552594,1.6394330351785185e-20
288060,0.0,4.23356245225555e-39,9959.330658148278,0.9964229611552559,1.6286133475456793e-20
288120,0.0,4.202299614990446e-39,9959.330658148623,0.9964229611552522,1.617823153647631e-20
288180,0.0,4.171126113937662e-39,9959.330658148965,0.9964229611552486,1.6070624534843707e-20
288240,0.0,4.140041949097195e-39,9959.330658149307,0.9964229611552451,1.5963312470559e-20
288300,0.0,4.109047120469045e-39,9959.330658149647,0.9964229611552415,1.5856295343622174e-20
288360,0.0,4.0781416280532135e-39,9959.330658149986,0.996422961155238,1.5749573154033234e-20
288420,0.0,4.047325471849698e-39,9959.330658150324,0.9964229611552344,1.5643145901792192e-20
288480,0.0,4.016598651858502e-39,9959.330658150659,0.996422961155231,1.5537013586899033e-20
288540,0.0,3.9859611680796237e-39,9959.330658150993,0.9964229611552274,1.5431176209353768e-20
288600,0.0,3.955413020513062e-39,9959.330658151326,0.996422961155224,1.5325633769156382e-20
288660,0.0,3.924954209158819e-39,9959.330658151657,0.9964229611552206,1.5220386266306885e-20
288720,0.0,3.8945847340168934e-39,9959.330658151986,0.9964229611552171,1.5115433700805286e-20
288780,0.0,3.864304595087284e-39,9959.330658152314,0.9964229611552137,1.5010776072651566e-20
288840,0.0,3.8341137923699945e-39,9959.33065815264,0.9964229611552102,1.4906413381845744e-20
288900,0.0,3.804012325865021e-39,9959.330658152965,0.9964229611552069,1.48023456283878e-20
288960,0.0,3.7740001955723664e-39,9959.330658153289,0.9964229611552035,1.4698572812277747e-20
289020,0.0,3.744077401492029e-39,9959.33065815361,0.9964229611552001,1.459509493351559e-20
289080,0.0,3.714243943624006e-39,9959.330658153931,0.9964229611551968,1.44919119921013e-20
289140,0.0,3.6844998219683045e-39,9959.33065815425,0.9964229611551935,1.438902398803492e-20
289200,0.0,3.654845036524919e-39,9959.330658154566,0.9964229611551901,1.428643092131642e-20
289260,0.0,3.625279587293853e-39,9959.330658154882,0.9964229611551868,1.4184132791945813e-20
289320,0.0,3.595803474275105e-39,9959.330658155195,0.9964229611551836,1.4082129599923093e-20
289380,0.0,3.566416697468672e-39,9959.330658155508,0.9964229611551803,1.398042134524826e-20
289440,0.0,3.537119256874559e-39,9959.330658155819,0.996422961155177,1.387900802792132e-20
289500,0.0,3.507911152492762e-39,9959.330658156128,0.9964229611551738,1.3777889647942258e-20
289560,0.0,3.4787923843232845e-39,9959.330658156437,0.9964229611551706,1.3677066205311092e-20
289620,0.0,3.449762952366124e-39,9959.330658156743,0.9964229611551674,1.3576537700027815e-20
289680,0.0,3.4208228566212803e-39,9959.330658157049,0.9964229611551642,1.3476304132092426e-20
289740,0.0,3.391972097088756e-39,9959.33065815735,0.996422961155161,1.3376365501504923e-20
289800,0.0,3.3632106737685484e-39,9959.330658157653,0.9964229611551578,1.3276721808265308e-20
289860,0.0,3.3345385866606576e-39,9959.330658157953,0.9964229611551547,1.3177373052373584e-20
289920,0.0,3.305955835765086e-39,9959.330658158253,0.9964229611551516,1.3078319233829748e-20
289980,0.0,3.27746242108183e-39,9959.33065815855,0.9964229611551485,1.29795603526338e-20
290040,0.0,3.249058342610894e-39,9959.330658158844,0.9964229611551454,1.2881096408785741e-20
290100,0.0,3.220743600352273e-39,9959.330658159139,0.9964229611551423,1.278292740228556e-20
290160,0.0,3.1925181943059704e-39,9959.330658159432,0.9964229611551393,1.2685053333133278e-20
290220,0.0,3.164382124471987e-39,9959.330658159723,0.9964229611551362,1.2587474201328885e-20
290280,0.0,3.13633539085032e-39,9959.330658160012,0.9964229611551332,1.2490190006872375e-20
290340,0.0,3.108377993440972e-39,9959.3306581603,0.9964229611551302,1.2393200749763757e-20
290400,0.0,3.0805099322439417e-39,9959.330658160587,0.9964229611551272,1.229650643000303e-20
290460,0.0,3.052731207259228e-39,9959.330658160872,0.9964229611551242,1.2200107047590189e-20
290520,0.0,3.025041818486833e-39,9959.330658161154,0.9964229611551213,1.2104002602525237e-20
290580,0.0,2.9974417659267554e-39,9959.330658161436,0.9964229611551183,1.200819309480817e-20
290640,0.0,2.9699310495789944e-39,9959.330658161716,0.9964229611551154,1.1912678524438995e-20
290700,0.0,2.9425096694435526e-39,9959.330658161996,0.9964229611551125,1.1817458891417708e-20
290760,0.0,2.9151776255204268e-39,9959.330658162273,0.9964229611551095,1.1722534195744309e-20
290820,0.0,2.88793491780962e-39,9959.33065816255,0.9964229611551066,1.1627904437418799e-20
290880,0.0,2.8607815463111313e-39,9959.330658162822,0.9964229611551039,1.1533569616441174e-20
290940,0.0,2.8337175110249584e-39,9959.330658163095,0.996422961155101,1.1439529732811441e-20
291000,0.0,2.806742811951105e-39,9959.330658163366,0.9964229611550982,1.1345784786529596e-20
291060,0.0,2.7798574490895656e-39,9959.330658163635,0.9964229611550953,1.125233477759563e-20
291120,0.0,2.7530614224403474e-39,9959.330658163904,0.9964229611550925,1.1159179706009561e-20
291180,0.0,2.726354732003447e-39,9959.33065816417,0.9964229611550898,1.1066319571771382e-20
291240,0.0,2.6997373777788626e-39,9959.330658164436,0.996422961155087,1.0973754374881092e-20
291300,0.0,2.6732093597665976e-39,9959.3306581647,0.9964229611550842,1.0881484115338685e-20
291360,0.0,2.6467706779666486e-39,9959.330658164961,0.9964229611550814,1.078950879314417e-20
291420,0.0,2.6204213323790188e-39,9959.330658165221,0.9964229611550788,1.0697828408297545e-20
291480,0.0,2.5941613230037068e-39,9959.33065816548,0.9964229611550761,1.0606442960798806e-20
291540,0.0,2.5679906498407108e-39,9959.330658165738,0.9964229611550733,1.0515352450647957e-20
291600,0.0,2.541909312890034e-39,9959.330658165993,0.9964229611550707,1.0424556877844996e-20
291660,0.0,2.515917312151675e-39,9959.330658166247,0.996422961155068,1.033405624238992e-20
291720,0.0,2.490014647625632e-39,9959.3306581665,0.9964229611550655,1.0243850544282735e-20
291780,0.0,2.4642013193119084e-39,9959.330658166751,0.9964229611550628,1.0153939783523441e-20
291840,0.0,2.4384773272105008e-39,9959.330658167,0.9964229611550601,1.0064323960112034e-20
291900,0.0,2.4128426713214124e-39,9959.33065816725,0.9964229611550576,9.975003074048515e-21
291960,0.0,2.387297351644642e-39,9959.330658167495,0.996422961155055,9.88597712533288e-21
292020,0.0,2.3618413681801872e-39,9959.33065816774,0.9964229611550525,9.797246113965138e-21
292080,0.0,2.33647472092805e-39,9959.330658167984,0.9964229611550499,9.708810039945276e-21
292140,0.0,2.3111974098882307e-39,9959.330658168226,0.9964229611550474,9.62066890327331e-21
292200,0.0,2.286009435060731e-39,9959.330658168466,0.9964229611550449,9.532822703949233e-21
292260,0.0,2.2609107964455486e-39,9959.330658168705,0.9964229611550424,9.445271441973044e-21
292320,0.0,2.2359014940426824e-39,9959.330658168943,0.9964229611550399,9.358015117344744e-21
292380,0.0,2.2109815278521357e-39,9959.330658169178,0.9964229611550375,9.271053730064329e-21
292440,0.0,2.1861508978739062e-39,9959.330658169412,0.9964229611550349,9.184387280131805e-21
292500,0.0,2.1614096041079934e-39,9959.330658169645,0.9964229611550326,9.09801576754717e-21
292560,0.0,2.1367576465543993e-39,9959.330658169876,0.9964229611550302,9.011939192310424e-21
292620,0.0,2.1121950252131216e-39,9959.330658170105,0.9964229611550277,8.926157554421566e-21
292680,0.0,2.087721740084163e-39,9959.330658170335,0.9964229611550254,8.840670853880593e-21
292740,0.0,2.0633377911675223e-39,9959.33065817056,0.9964229611550229,8.755479090687511e-21
292800,0.0,2.0390431784631975e-39,9959.330658170786,0.9964229611550206,8.670582264842319e-21
292860,0.0,2.014837901971192e-39,9959.33065817101,0.9964229611550183,8.585980376345013e-21
292920,0.0,1.9907219616915026e-39,9959.330658171231,0.9964229611550159,8.501673425195598e-21
292980,0.0,1.9666953576241324e-39,9959.330658171451,0.9964229611550137,8.417661411394066e-21
293040,0.0,1.9427580897690782e-39,9959.33065817167,0.9964229611550114,8.333944334940421e-21
293100,0.0,1.9189101581263418e-39,9959.330658171888,0.9964229611550091,8.25052219583467e-21
293160,0.0,1.8951515626959246e-39,9959.330658172104,0.9964229611550068,8.167394994076805e-21
293220,0.0,1.8714823034778237e-39,9959.330658172317,0.9964229611550046,8.08456272966683e-21
293280,0.0,1.847902380472042e-39,9959.33065817253,0.9964229611550024,8.002025402604745e-21
293340,0.0,1.824411793678578e-39,9959.330658172741,0.9964229611550002,7.919783012890547e-21
293400,0.0,1.8010105430974302e-39,9959.330658172952,0.996422961154998,7.837835560524238e-21
293460,0.0,1.7776986287286014e-39,9959.33065817316,0.9964229611549958,7.756183045505814e-21
293520,0.0,1.7544760505720902e-39,9959.330658173367,0.9964229611549936,7.674825467835281e-21
293580,0.0,1.7313428086278956e-39,9959.330658173572,0.9964229611549915,7.593762827512638e-21
293640,0.0,1.70829890289602e-39,9959.330658173774,0.9964229611549894,7.512995124537883e-21
293700,0.0,1.6853443333764603e-39,9959.330658173978,0.9964229611549873,7.432522358911015e-21
293760,0.0,1.66247910006922e-39,9959.330658174178,0.9964229611549852,7.352344530632034e-21
293820,0.0,1.6397032029742972e-39,9959.330658174376,0.9964229611549831,7.272461639700943e-21
293880,0.0,1.6170166420916907e-39,9959.330658174575,0.9964229611549811,7.19287368611774e-21
293940,0.0,1.5944194174214034e-39,9959.33065817477,0.996422961154979,7.113580669882427e-21
294000,0.0,1.5719115289634323e-39,9959.330658174964,0.996422961154977,7.034582590995003e-21
294060,0.0,1.5494929767177788e-39,9959.330658175157,0.996422961154975,6.955879449455458e-21
294120,0.0,1.5271637606844444e-39,9959.330658175348,0.996422961154973,6.877471245263809e-21
294180,0.0,1.5049238808634263e-39,9959.330658175539,0.996422961154971,6.79935797842005e-21
294240,0.0,1.4827733372547274e-39,9959.330658175726,0.996422961154969,6.721539648924175e-21
294300,0.0,1.460712129858346e-39,9959.330658175913,0.9964229611549671,6.6440162567761915e-21
294360,0.0,1.4387402586742811e-39,9959.330658176097,0.9964229611549651,6.566787801976097e-21
294420,0.0,1.4168577237025352e-39,9959.33065817628,0.9964229611549632,6.4898542845238904e-21
294480,0.0,1.3950645249431055e-39,9959.330658176465,0.9964229611549613,6.413215704419572e-21
294540,0.0,1.373360662395995e-39,9959.330658176645,0.9964229611549594,6.336872061663139e-21
294600,0.0,1.351746136061202e-39,9959.330658176823,0.9964229611549575,6.260823356254598e-21
294660,0.0,1.3302209459387254e-39,9959.330658177001,0.9964229611549557,6.1850695881939454e-21
294720,0.0,1.3087850920285679e-39,9959.330658177176,0.9964229611549539,6.109610757481181e-21
294780,0.0,1.2874385743307266e-39,9959.33065817735,0.996422961154952,6.034446864116305e-21
294840,0.0,1.2661813928452046e-39,9959.330658177523,0.9964229611549502,5.959577908099314e-21
294900,0.0,1.245013547572e-39,9959.330658177696,0.9964229611549484,5.885003889430215e-21
294960,0.0,1.2239350385111118e-39,9959.330658177865,0.9964229611549467,5.810724808109004e-21
295020,0.0,1.202945865662541e-39,9959.330658178033,0.9964229611549449,5.736740664135674e-21
295080,0.0,1.182046029026288e-39,9959.3306581782,0.9964229611549431,5.66305145751024e-21
295140,0.0,1.1612355286023544e-39,9959.330658178365,0.9964229611549414,5.589657188232694e-21
295200,0.0,1.1405143643907382e-39,9959.33065817853,0.9964229611549397,5.516557856303037e-21
295260,0.0,1.1198825363914385e-39,9959.330658178691,0.996422961154938,5.443753461721268e-21
295320,0.0,1.0993400446044577e-39,9959.330658178851,0.9964229611549363,5.371244004487385e-21
295380,0.0,1.0788868890297946e-39,9959.330658179011,0.9964229611549347,5.299029484601393e-21
295440,0.0,1.0585230696674479e-39,9959.330658179168,0.996422961154933,5.2271099020632886e-21
295500,0.0,1.03824858651742e-39,9959.330658179324,0.9964229611549315,5.155485256873074e-21
295560,0.0,1.0180634395797086e-39,9959.330658179479,0.9964229611549298,5.084155549030747e-21
295620,0.0,9.979676288543162e-40,9959.330658179631,0.9964229611549282,5.013120778536305e-21
295680,0.0,9.779611543412416e-40,9959.330658179782,0.9964229611549266,4.942380945389755e-21
295740,0.0,9.580440160404833e-40,9959.330658179932,0.996422961154925,4.871936049591093e-21
295800,0.0,9.382162139520439e-40,9959.33065818008,0.9964229611549235,4.80178609114032e-21
295860,0.0,9.184777480759209e-40,9959.330658180228,0.996422961154922,4.731931070037435e-21
295920,0.0,8.98828618412117e-40,9959.330658180374,0.9964229611549205,4.662370986282435e-21
295980,0.0,8.792688249606305e-40,9959.330658180517,0.9964229611549189,4.593105839875327e-21
296040,0.0,8.59798367721459e-40,9959.33065818066,0.9964229611549175,4.5241356308161e-21
296100,0.0,8.40417246694608e-40,9959.3306581808,0.996422961154916,4.4554603591047685e-21
296160,0.0,8.211254618800748e-40,9959.330658180937,0.9964229611549146,4.387080024741326e-21
296220,0.0,8.01923013277858e-40,9959.330658181076,0.9964229611549131,4.3189946277257714e-21
296280,0.0,7.8280990088796e-40,9959.330658181212,0.9964229611549117,4.251204168058105e-21
296340,0.0,7.637861247103783e-40,9959.330658181347,0.9964229611549102,4.183708645738325e-21
296400,0.0,7.448516847451158e-40,9959.33065818148,0.9964229611549089,4.116508060766435e-21
296460,0.0,7.260065809921709e-40,9959.33065818161,0.9964229611549075,4.0496024131424344e-21
296520,0.0,7.0725081345154235e-40,9959.33065818174,0.9964229611549061,3.982991702866322e-21
296580,0.0,6.885843821232328e-40,9959.330658181869,0.9964229611549048,3.9166759299380976e-21
296640,0.0,6.700072870072396e-40,9959.330658181996,0.9964229611549035,3.850655094357758e-21
296700,0.0,6.515195281035654e-40,9959.330658182122,0.9964229611549021,3.784929196125311e-21
296760,0.0,6.331211054122089e-40,9959.330658182245,0.9964229611549009,3.719498235240752e-21
296820,0.0,6.148120189331687e-40,9959.330658182367,0.9964229611548996,3.654362211704082e-21
296880,0.0,5.965922686664462e-40,9959.330658182487,0.9964229611548984,3.589521125515296e-21
296940,0.0,5.7846185461204275e-40,9959.330658182607,0.9964229611548971,3.524974976674402e-21
297000,0.0,5.604207767699569e-40,9959.330658182724,0.9964229611548959,3.460723765181397e-21
297060,0.0,5.424690351401875e-40,9959.33065818284,0.9964229611548947,3.3967674910362765e-21
297120,0.0,5.2460662972273705e-40,9959.330658182955,0.9964229611548935,3.3331061542390477e-21
297180,0.0,5.068335605176029e-40,9959.330658183067,0.9964229611548923,3.2697397547897074e-21
297240,0.0,4.8914982752478785e-40,9959.330658183178,0.9964229611548912,3.2066682926882556e-21
297300,0.0,4.715554307442891e-40,9959.33065818329,0.9964229611548899,3.143891767934689e-21
297360,0.0,4.5405037017610935e-40,9959.330658183397,0.9964229611548888,3.081410180529014e-21
297420,0.0,4.36634645820246e-40,9959.330658183504,0.9964229611548877,3.0192235304712244e-21
297480,0.0,4.1930825767670164e-40,9959.33065818361,0.9964229611548866,2.957331817761326e-21
297540,0.0,4.020712057454749e-40,9959.330658183713,0.9964229611548855,2.8957350423993162e-21
297600,0.0,3.849234900265646e-40,9959.330658183815,0.9964229611548845,2.8344332043851946e-21
297660,0.0,3.6786511051997324e-40,9959.330658183917,0.9964229611548834,2.7734263037189615e-21
297720,0.0,3.508960672256989e-40,9959.330658184015,0.9964229611548824,2.712714340400614e-21
297780,0.0,3.340163601437416e-40,9959.330658184113,0.9964229611548814,2.6522973144301574e-21
297840,0.0,3.1722598927410267e-40,9959.33065818421,0.9964229611548804,2.5921752258075865e-21
297900,0.0,3.0052495461678198e-40,9959.330658184304,0.9964229611548794,2.532348074532907e-21
297960,0.0,2.839132561717784e-40,9959.330658184397,0.9964229611548784,2.472815860606116e-21
298020,0.0,2.6739089393909245e-40,9959.330658184488,0.9964229611548774,2.413578584027213e-21
298080,0.0,2.509578679187242e-40,9959.330658184579,0.9964229611548765,2.354636244796199e-21
298140,0.0,2.3461417811067427e-40,9959.330658184666,0.9964229611548756,2.29598884291307e-21
298200,0.0,2.1835982451494135e-40,9959.330658184754,0.9964229611548747,2.2376363783778325e-21
298260,0.0,2.021948071315255e-40,9959.33065818484,0.9964229611548737,2.1795788511904803e-21
298320,0.0,1.8611912596042797e-40,9959.330658184923,0.9964229611548729,2.1218162613510192e-21
298380,0.0,1.7013278100164812e-40,9959.330658185005,0.9964229611548721,2.064348608859447e-21
298440,0.0,1.5423577225518656e-40,9959.330658185087,0.9964229611548712,2.007175893715763e-21
298500,0.0,1.3842809972104207e-40,9959.330658185165,0.9964229611548704,1.9502981159199645e-21
298560,0.0,1.2270976339921525e-40,9959.330658185243,0.9964229611548695,1.8937152754720576e-21
298620,0.0,1.070807632897061e-40,9959.33065818532,0.9964229611548687,1.8374273723720385e-21
298680,0.0,9.154109939251523e-41,9959.330658185394,0.996422961154868,1.7814344066199082e-21
298740,0.0,7.609077170764144e-41,9959.330658185467,0.9964229611548672,1.725736378215666e-21
298800,0.0,6.072978023508473e-41,9959.330658185538,0.9964229611548665,1.6703332871593096e-21
298860,0.0,4.54581249748463e-41,9959.330658185609,0.9964229611548657,1.6152251334508416e-21
298920,0.0,3.027580592692555e-41,9959.330658185676,0.9964229611548651,1.5604119170902648e-21
298980,0.0,1.5182823091323072e-41,9959.330658185743,0.9964229611548643,1.5058936380775763e-21
299040,0.0,1.791764680376747e-43,9959.330658185809,0.9964229611548636,1.4516702964127762e-21
299100,0.0,-1.473513394293004e-41,9959.330658185872,0.996422961154863,1.3977418920958646e-21
299160,0.0,-2.956010814158008e-41,9959.330658185936,0.9964229611548623,1.3441084251268387e-21
299220,0.0,-4.4295746127911857e-41,9959.330658185996,0.9964229611548617,1.2907698955057038e-21
299280,0.0,-5.894204790192711e-41,9959.330658186056,0.9964229611548611,1.2377263032324545e-21
299340,0.0,-7.349901346362412e-41,9959.330658186112,0.9964229611548605,1.1849776483070963e-21
299400,0.0,-8.796664281300344e-41,9959.330658186169,0.9964229611548598,1.1325239307296266e-21
299460,0.0,-1.0234493595006452e-40,9959.330658186223,0.9964229611548593,1.0803651505000453e-21
299520,0.0,-1.1663389287480847e-40,9959.330658186276,0.9964229611548587,1.0285013076183526e-21
299580,0.0,-1.3083351358723477e-40,9959.330658186329,0.9964229611548582,9.769324020845453e-22
299640,0.0,-1.4494379808734337e-40,9959.330658186378,0.9964229611548577,9.256584338986293e-22
299700,0.0,-1.5896474637513432e-40,9959.330658186427,0.9964229611548572,8.746794030606015e-22
299760,0.0,-1.7289635845060755e-40,9959.330658186474,0.9964229611548567,8.239953095704594e-22
299820,0.0,-1.8673863431376314e-40,9959.33065818652,0.9964229611548562,7.736061534282085e-22
299880,0.0,-2.0049157396460104e-40,9959.330658186564,0.9964229611548557,7.235119346338459e-22
299940,0.0,-2.1415517740312126e-40,9959.330658186605,0.9964229611548553,6.737126531873691e-22
300000,0.0,-2.2772944462932323e-40,9959.330658186647,0.9964229611548548,6.242083090887834e-22
300060,0.0,-2.412143756432081e-40,9959.330658186685,0.9964229611548545,5.749989023380861e-22
300120,0.0,-2.546099704447753e-40,9959.330658186724,0.9964229611548541,5.260844329352771e-22
300180,0.0,-2.679162290340248e-40,9959.33065818676,0.9964229611548537,4.774649008803566e-22
300240,0.0,-2.811331514109566e-40,9959.330658186795,0.9964229611548533,4.291403061733217e-22
300300,0.0,-2.942607375755707e-40,9959.330658186827,0.996422961154853,3.8111064881417537e-22
300360,0.0,-3.072989875278672e-40,9959.33065818686,0.9964229611548526,3.3337592880291997e-22
300420,0.0,-3.20247901267846e-40,9959.33065818689,0.9964229611548523,2.85936146139553e-22
300480,0.0,-3.331074787955071e-40,9959.330658186918,0.9964229611548521,2.3879130082407438e-22
300540,0.0,-3.4587772011084998e-40,9959.330658186946,0.9964229611548517,1.9194139285648417e-22
300600,0.0,-3.5855862521387576e-40,9959.330658186971,0.9964229611548515,1.4538642223678237e-22
300660,0.0,-3.711501941045838e-40,9959.330658186995,0.9964229611548513,9.912638896496642e-23
300720,0.0,-3.836524267829743e-40,9959.330658187017,0.996422961154851,5.31612930410414e-23
300780,0.0,-3.960653232490475e-40,9959.330658187038,0.9964229611548507,7.491134465002251e-24
300840,0.0,-4.08388883502802e-40,9959.330658187057,0.9964229611548506,-3.788408676314599e-23
300900,0.0,-4.206231075442393e-40,9959.330658187075,0.9964229611548504,-8.296437064340585e-23
300960,0.0,-4.32767995373359e-40,9959.330658187091,0.9964229611548502,-1.277497171757773e-22
301020,0.0,-4.4482354699016106e-40,9959.330658187106,0.9964229611548501,-1.7224012636026283e-22
301080,0.0,-4.5678976239464485e-40,9959.330658187118,0.99642296115485,-2.164355981968575e-22
301140,0.0,-4.686666415868115e-40,9959.330658187131,0.9964229611548499,-2.603361326855638e-22
301200,0.0,-4.804541845666604e-40,9959.33065818714,0.9964229611548497,-3.0394172982638167e-22
301260,0.0,-4.921523913341922e-40,9959.33065818715,0.9964229611548496,-3.4725238961931355e-22
301320,0.0,-5.037612618894053e-40,9959.330658187157,0.9964229611548495,-3.9026811206435464e-22
301380,0.0,-5.1528079623230125e-40,9959.330658187162,0.9964229611548495,-4.329888971615097e-22
301440,0.0,-5.267109943628795e-40,9959.330658187166,0.9964229611548494,-4.754147449107741e-22
301500,0.0,-5.380518562811401e-40,9959.33065818717,0.9964229611548494,-5.1754565531215e-22
301560,0.0,-5.49303381987083e-40,9959.33065818717,0.9964229611548494,-5.593816283656375e-22
301620,0.0,-5.604655714807077e-40,9959.33065818717,0.9964229611548494,-6.009226640712366e-22
301680,0.0,-5.715384247620153e-40,9959.330658187168,0.9964229611548494,-6.421687624289497e-22
301740,0.0,-5.825219418310056e-40,9959.330658187164,0.9964229611548495,-6.83119923438772e-22
301800,0.0,-5.9341612268767775e-40,9959.330658187158,0.9964229611548495,-7.2377614710070825e-22
301860,0.0,-6.042209673320318e-40,9959.330658187151,0.9964229611548496,-7.641374334147539e-22
301920,0.0,-6.149364757640686e-40,9959.330658187144,0.9964229611548497,-8.04203782380911e-22
301980,0.0,-6.255626479837878e-40,9959.330658187133,0.9964229611548497,-8.439751939991797e-22
302040,0.0,-6.3609948399118925e-40,9959.330658187122,0.99642296115485,-8.834516682695601e-22
302100,0.0,-6.465469837862731e-40,9959.33065818711,0.9964229611548501,-9.226332051920544e-22
302160,0.0,-6.569051473690387e-40,9959.330658187095,0.9964229611548502,-9.61519804766658e-22
302220,0.0,-6.671739747394871e-40,9959.330658187078,0.9964229611548504,-1.0001114669933732e-21
302280,0.0,-6.7735346589761824e-40,9959.330658187062,0.9964229611548505,-1.0384081918722022e-21
302340,0.0,-6.874436208434314e-40,9959.330658187042,0.9964229611548507,-1.0764099794031407e-21
302400,0.0,-6.974444395769263e-40,9959.330658187022,0.996422961154851,-1.1141168295861906e-21
302460,0.0,-7.0735592209810404e-40,9959.330658187,0.9964229611548512,-1.1515287424213546e-21
302520,0.0,-7.171780684069641e-40,9959.330658186977,0.9964229611548514,-1.1886457179086278e-21
302580,0.0,-7.269108785035064e-40,9959.330658186951,0.9964229611548517,-1.2254677560480126e-21
302640,0.0,-7.365543523877306e-40,9959.330658186924,0.996422961154852,-1.2619948568395089e-21
302700,0.0,-7.461084900596376e-40,9959.330658186896,0.9964229611548523,-1.298227020283117e-21
302760,0.0,-7.555732915192274e-40,9959.330658186866,0.9964229611548526,-1.3341642463788387e-21
302820,0.0,-7.64948756766499e-40,9959.330658186835,0.996422961154853,-1.3698065351266722e-21
302880,0.0,-7.74234885801453e-40,9959.330658186802,0.9964229611548533,-1.405153886526615e-21
302940,0.0,-7.834316786240888e-40,9959.330658186767,0.9964229611548536,-1.4402063005786695e-21
303000,0.0,-7.925391352344076e-40,9959.330658186731,0.996422961154854,-1.4749637772828355e-21
303060,0.0,-8.015572556324084e-40,9959.330658186695,0.9964229611548544,-1.5094263166391132e-21
303120,0.0,-8.104860398180917e-40,9959.330658186655,0.9964229611548547,-1.5435939186475048e-21
303180,0.0,-8.193254877914568e-40,9959.330658186615,0.9964229611548552,-1.5774665833080056e-21
303240,0.0,-8.280755995525051e-40,9959.330658186573,0.9964229611548556,-1.61104431062062e-21
303300,0.0,-8.367363751012354e-40,9959.330658186529,0.9964229611548561,-1.6443271005853441e-21
303360,0.0,-8.453078144376478e-40,9959.330658186484,0.9964229611548566,-1.6773149532021799e-21
303420,0.0,-8.537899175617427e-40,9959.330658186436,0.9964229611548571,-1.7100078684711272e-21
303480,0.0,-8.621826844735195e-40,9959.330658186389,0.9964229611548576,-1.742405846392186e-21
303540,0.0,-8.704861151729791e-40,9959.33065818634,0.9964229611548581,-1.774508886965359e-21
303600,0.0,-8.787002096601208e-40,9959.330658186287,0.9964229611548586,-1.8063169901906408e-21
303660,0.0,-8.86824967934945e-40,9959.330658186234,0.9964229611548592,-1.8378301560680348e-21
303720,0.0,-8.94860389997451e-40,9959.330658186182,0.9964229611548597,-1.8690483845975402e-21
303780,0.0,-9.028064758476401e-40,9959.330658186125,0.9964229611548603,-1.899971675779159e-21
303840,0.0,-9.106632254855113e-40,9959.330658186067,0.996422961154861,-1.9306000296128874e-21
303900,0.0,-9.184306389110647e-40,9959.330658186009,0.9964229611548615,-1.9609334460987294e-21
303960,0.0,-9.261087161243005e-40,9959.330658185949,0.9964229611548622,-1.9909719252366815e-21
304020,0.0,-9.336974571252181e-40,9959.330658185887,0.9964229611548628,-2.0207154670267446e-21
304080,0.0,-9.411968619138186e-40,9959.330658185823,0.9964229611548635,-2.05016407146892e-21
304140,0.0,-9.486069304901013e-40,9959.330658185758,0.9964229611548642,-2.0793177385632064e-21
304200,0.0,-9.559276628540664e-40,9959.33065818569,0.9964229611548648,-2.1081764683096058e-21
304260,0.0,-9.631590590057137e-40,9959.330658185623,0.9964229611548656,-2.136740260708117e-21
304320,0.0,-9.703011189450433e-40,9959.330658185552,0.9964229611548663,-2.1650091157587386e-21
304380,0.0,-9.773538426720553e-40,9959.330658185481,0.9964229611548671,-2.1929830334614727e-21
304440,0.0,-9.843172301867496e-40,9959.330658185409,0.9964229611548678,-2.2206620138163172e-21
304500,0.0,-9.911912814891259e-40,9959.330658185334,0.9964229611548686,-2.2480460568232743e-21
304560,0.0,-9.97975996579185e-40,9959.33065818526,0.9964229611548694,-2.275135162482342e-21
304620,0.0,-1.0046713754569263e-39,9959.330658185181,0.9964229611548702,-2.3019293307935217e-21
304680,0.0,-1.0112774181223499e-39,9959.330658185103,0.9964229611548711,-2.328428561756814e-21
304740,0.0,-1.0177941245754561e-39,9959.330658185023,0.9964229611548718,-2.354632855372218e-21
304800,0.0,-1.024221494816244e-39,9959.330658184941,0.9964229611548727,-2.3805422116397324e-21
304860,0.0,-1.0305595288447146e-39,9959.330658184857,0.9964229611548736,-2.4061566305593582e-21
304920,0.0,-1.0368082266608675e-39,9959.330658184772,0.9964229611548745,-2.4314761121310967e-21
304980,0.0,-1.0429675882647027e-39,9959.330658184685,0.9964229611548754,-2.456500656354946e-21
305040,0.0,-1.0490376136562199e-39,9959.330658184597,0.9964229611548763,-2.481230263230907e-21
305100,0.0,-1.0550183028354198e-39,9959.330658184508,0.9964229611548773,-2.5056649327589796e-21
305160,0.0,-1.060909655802302e-39,9959.330658184417,0.9964229611548782,-2.5298046649391636e-21
305220,0.0,-1.0667116725568668e-39,9959.330658184324,0.9964229611548792,-2.5536494597714604e-21
305280,0.0,-1.0724243530991136e-39,9959.33065818423,0.9964229611548802,-2.5771993172558688e-21
305340,0.0,-1.0780476974290423e-39,9959.330658184133,0.9964229611548812,-2.6004542373923874e-21
305400,0.0,-1.0835817055466538e-39,9959.330658184037,0.9964229611548822,-2.6234142201810176e-21
305460,0.0,-1.0890263774519477e-39,9959.330658183937,0.9964229611548832,-2.6460792656217607e-21
305520,0.0,-1.0943817131449238e-39,9959.330658183837,0.9964229611548843,-2.668449373714614e-21
305580,0.0,-1.0996477126255818e-39,9959.330658183735,0.9964229611548853,-2.69052454445958e-21
305640,0.0,-1.1048243758939226e-39,9959.330658183631,0.9964229611548864,-2.712304777856657e-21
305700,0.0,-1.1099117029499457e-39,9959.330658183526,0.9964229611548875,-2.7337900739058455e-21
305760,0.0,-1.1149096937936513e-39,9959.33065818342,0.9964229611548886,-2.7549804326071466e-21
305820,0.0,-1.1198183484250391e-39,9959.330658183311,0.9964229611548897,-2.7758758539605593e-21
305880,0.0,-1.1246376668441087e-39,9959.330658183202,0.9964229611548908,-2.7964763379660822e-21
305940,0.0,-1.1293676490508611e-39,9959.330658183091,0.996422961154892,-2.816781884623717e-21
306000,0.0,-1.134008295045296e-39,9959.330658182978,0.9964229611548931,-2.8367924939334644e-21
306060,0.0,-1.1385596048274129e-39,9959.330658182864,0.9964229611548944,-2.8565081658953225e-21
306120,0.0,-1.1430215783972119e-39,9959.33065818275,0.9964229611548956,-2.8759289005092928e-21
306180,0.0,-1.1473942157546936e-39,9959.330658182631,0.9964229611548968,-2.8950546977753742e-21
306240,0.0,-1.1516775168998577e-39,9959.330658182513,0.996422961154898,-2.9138855576935682e-21
306300,0.0,-1.155871481832704e-39,9959.330658182393,0.9964229611548994,-2.9324214802638725e-21
306360,0.0,-1.1599761105532323e-39,9959.33065818227,0.9964229611549006,-2.9506624654862894e-21
306420,0.0,-1.1639914030614432e-39,9959.330658182147,0.9964229611549019,-2.968608513360817e-21
306480,0.0,-1.1679173593573366e-39,9959.330658182022,0.9964229611549031,-2.9862596238874573e-21
306540,0.0,-1.1717539794409121e-39,9959.330658181896,0.9964229611549045,-3.003615797066208e-21
306600,0.0,-1.1755012633121701e-39,9959.330658181767,0.9964229611549058,-3.0206770328970706e-21
306660,0.0,-1.17915921097111e-39,9959.330658181638,0.9964229611549072,-3.0374433313800455e-21
306720,0.0,-1.1827278224177327e-39,9959.330658181507,0.9964229611549086,-3.0539146925151324e-21
306780,0.0,-1.1862070976520375e-39,9959.330658181374,0.9964229611549099,-3.0700911163023295e-21
306840,0.0,-1.1895970366740248e-39,9959.33065818124,0.9964229611549114,-3.0859726027416385e-21
306900,0.0,-1.192897639483694e-39,9959.330658181105,0.9964229611549128,-3.1015591518330597e-21
306960,0.0,-1.1961089060810458e-39,9959.330658180967,0.9964229611549142,-3.116850763576592e-21
307020,0.0,-1.19923083646608e-39,9959.330658180828,0.9964229611549157,-3.1318474379722365e-21
307080,0.0,-1.2022634306387965e-39,9959.330658180688,0.9964229611549171,-3.1465491750199917e-21
307140,0.0,-1.2052066885991953e-39,9959.330658180546,0.9964229611549186,-3.1609559747198587e-21
307200,0.0,-1.2080606103472761e-39,9959.330658180403,0.9964229611549201,-3.175067837071838e-21
307260,0.0,-1.2108251958830397e-39,9959.330658180259,0.9964229611549216,-3.188884762075929e-21
307320,0.0,-1.2135004452064856e-39,9959.330658180112,0.9964229611549231,-3.202406749732131e-21
307380,0.0,-1.2160863583176135e-39,9959.330658179964,0.9964229611549247,-3.215633800040444e-21
307440,0.0,-1.2185829352164236e-39,9959.330658179813,0.9964229611549262,-3.22856591300087e-21
307500,0.0,-1.2209901759029165e-39,9959.330658179662,0.9964229611549278,-3.2412030886134066e-21
307560,0.0,-1.2233080803770914e-39,9959.330658179511,0.9964229611549295,-3.2535453268780554e-21
307620,0.0,-1.2255366486389489e-39,9959.330658179357,0.996422961154931,-3.2655926277948152e-21
307680,0.0,-1.2276758806884883e-39,9959.3306581792,0.9964229611549327,-3.2773449913636866e-21
307740,0.0,-1.2297257765257104e-39,9959.330658179044,0.9964229611549343,-3.2888024175846705e-21
307800,0.0,-1.2316863361506148e-39,9959.330658178886,0.996422961154936,-3.299964906457766e-21
307860,0.0,-1.2335575595632014e-39,9959.330658178726,0.9964229611549377,-3.310832457982972e-21
307920,0.0,-1.2353394467634704e-39,9959.330658178564,0.9964229611549393,-3.32140507216029e-21
307980,0.0,-1.2370319977514215e-39,9959.3306581784,0.996422961154941,-3.33168274898972e-21
308040,0.0,-1.2386352125270551e-39,9959.330658178234,0.9964229611549428,-3.3416654884712613e-21
308100,0.0,-1.240149091090371e-39,9959.330658178069,0.9964229611549446,-3.3513532906049143e-21
308160,0.0,-1.2415736334413692e-39,9959.3306581779,0.9964229611549462,-3.3607461553906792e-21
308220,0.0,-1.2429088395800498e-39,9959.33065817773,0.996422961154948,-3.369844082828555e-21
308280,0.0,-1.2441547095064129e-39,9959.33065817756,0.9964229611549498,-3.378647072918543e-21
308340,0.0,-1.245311243220458e-39,9959.330658177387,0.9964229611549517,-3.3871551256606427e-21
308400,0.0,-1.2463784407221854e-39,9959.330658177214,0.9964229611549534,-3.3953682410548535e-21
308460,0.0,-1.2473563020115953e-39,9959.330658177038,0.9964229611549553,-3.4032864191011764e-21
308520,0.0,-1.2482448270886875e-39,9959.330658176861,0.9964229611549571,-3.41090965979961e-21
308580,0.0,-1.2490440159534619e-39,9959.330658176683,0.996422961154959,-3.418237963150156e-21
308640,0.0,-1.2497538686059188e-39,9959.330658176501,0.9964229611549609,-3.4252713291528126e-21
308700,0.0,-1.2503743850460578e-39,9959.33065817632,0.9964229611549628,-3.432009757807583e-21
308760,0.0,-1.2509055652738792e-39,9959.330658176137,0.9964229611549646,-3.438453249114463e-21
308820,0.0,-1.251347409289383e-39,9959.330658175952,0.9964229611549666,-3.444601803073455e-21
308880,0.0,-1.2516999170925691e-39,9959.330658175766,0.9964229611549685,-3.45045541968456e-21
308940,0.0,-1.2519630886834376e-39,9959.330658175577,0.9964229611549705,-3.456014098947774e-21
309000,0.0,-1.2521369240619882e-39,9959.330658175388,0.9964229611549725,-3.461277840863102e-21
309060,0.0,-1.2522214232282214e-39,9959.330658175197,0.9964229611549745,-3.4662466454305395e-21
309120,0.0,-1.2522165861821367e-39,9959.330658175006,0.9964229611549765,-3.47092051265009e-21
309180,0.0,-1.2521224129237344e-39,9959.330658174811,0.9964229611549785,-3.475299442521752e-21
309240,0.0,-1.2519389034530143e-39,9959.330658174615,0.9964229611549806,-3.4793834350455256e-21
309300,0.0,-1.2516660577699768e-39,9959.330658174418,0.9964229611549826,-3.4831724902214105e-21
309360,0.0,-1.2513038758746213e-39,9959.33065817422,0.9964229611549847,-3.486666608049407e-21
309420,0.0,-1.2508523577669483e-39,9959.33065817402,0.9964229611549869,-3.4898657885295155e-21
309480,0.0,-1.2503115034469576e-39,9959.330658173818,0.996422961154989,-3.492770031661736e-21
309540,0.0,-1.2496813129146492e-39,9959.330658173614,0.9964229611549911,-3.495379337446067e-21
309600,0.0,-1.2489617861700233e-39,9959.33065817341,0.9964229611549932,-3.49769370588251e-21
309660,0.0,-1.2481529232130795e-39,9959.330658173203,0.9964229611549953,-3.499713136971064e-21
309720,0.0,-1.2472547240438181e-39,9959.330658172996,0.9964229611549975,-3.5014376307117306e-21
309780,0.0,-1.246267188662239e-39,9959.330658172787,0.9964229611549997,-3.502867187104509e-21
309840,0.0,-1.245190317068342e-39,9959.330658172576,0.9964229611550018,-3.504001806149398e-21
309900,0.0,-1.2440241092621277e-39,9959.330658172363,0.9964229611550041,-3.504841487846399e-21
309960,0.0,-1.2427685652435956e-39,9959.330658172148,0.9964229611550064,-3.505386232195512e-21
310020,0.0,-1.2414236850127457e-39,9959.330658171933,0.9964229611550086,-3.505636039196736e-21
310080,0.0,-1.2399894685695783e-39,9959.330658171717,0.9964229611550108,-3.505590908850071e-21
310140,0.0,-1.238465915914093e-39,9959.330658171497,0.9964229611550132,-3.50525084115552e-21
310200,0.0,-1.2368530270462905e-39,9959.330658171277,0.9964229611550155,-3.504615836113078e-21
310260,0.0,-1.2351508019661698e-39,9959.330658171057,0.9964229611550177,-3.5036858937227494e-21
310320,0.0,-1.2333592406737317e-39,9959.330658170833,0.99642296115502,-3.502461013984532e-21
310380,0.0,-1.2314783431689756e-39,9959.330658170607,0.9964229611550225,-3.500941196898425e-21
310440,0.0,-1.2295081094519021e-39,9959.330658170382,0.9964229611550248,-3.499126442464431e-21
310500,0.0,-1.2274485395225111e-39,9959.330658170154,0.9964229611550272,-3.497016750682548e-21
310560,0.0,-1.225299633380802e-39,9959.330658169925,0.9964229611550296,-3.4946121215527766e-21
310620,0.0,-1.2230613910267755e-39,9959.330658169694,0.996422961155032,-3.491912555075117e-21
310680,0.0,-1.2207338124604312e-39,9959.330658169461,0.9964229611550345,-3.488918051249569e-21
310740,0.0,-1.2183168976817694e-39,9959.330658169227,0.9964229611550369,-3.485628610076133e-21
310800,0.0,-1.2158106466907896e-39,9959.330658168992,0.9964229611550394,-3.482044231554808e-21
310860,0.0,-1.2132150594874924e-39,9959.330658168756,0.9964229611550418,-3.478164915685595e-21
310920,0.0,-1.2105301360718774e-39,9959.330658168516,0.9964229611550443,-3.473990662468492e-21
310980,0.0,-1.2077558764439448e-39,9959.330658168277,0.9964229611550468,-3.4695214719035025e-21
311040,0.0,-1.2048922806036946e-39,9959.330658168035,0.9964229611550494,-3.4647573439906244e-21
311100,0.0,-1.2019393485511264e-39,9959.330658167792,0.9964229611550519,-3.459698278729858e-21
311160,0.0,-1.1988970802862408e-39,9959.330658167546,0.9964229611550545,-3.454344276121202e-21
311220,0.0,-1.1957654758090373e-39,9959.3306581673,0.996422961155057,-3.448695336164659e-21
311280,0.0,-1.1925445351195165e-39,9959.330658167053,0.9964229611550596,-3.4427514588602264e-21
311340,0.0,-1.1892342582176775e-39,9959.330658166804,0.9964229611550622,-3.4365126442079056e-21
311400,0.0,-1.1858346451035213e-39,9959.330658166553,0.9964229611550648,-3.429978892207698e-21
311460,0.0,-1.1823456957770471e-39,9959.3306581663,0.9964229611550675,-3.4231502028596e-21
311520,0.0,-1.1787674102382554e-39,9959.330658166047,0.9964229611550701,-3.416026576163615e-21
311580,0.0,-1.1750997884871457e-39,9959.33065816579,0.9964229611550728,-3.40860801211974e-21
311640,0.0,-1.1713428305237187e-39,9959.330658165534,0.9964229611550754,-3.400894510727978e-21
311700,0.0,-1.167496536347974e-39,9959.330658165276,0.9964229611550781,-3.392886071988327e-21
311760,0.0,-1.1635609059599114e-39,9959.330658165016,0.9964229611550809,-3.384582695900788e-21
311820,0.0,-1.1595359393595313e-39,9959.330658164754,0.9964229611550837,-3.37598438246536e-21
311880,0.0,-1.1554216365468333e-39,9959.330658164492,0.9964229611550863,-3.3670911316820443e-21
311940,0.0,-1.1512179975218182e-39,9959.330658164226,0.9964229611550891,-3.35790294355084e-21
312000,0.0,-1.1469250222844849e-39,9959.33065816396,0.9964229611550919,-3.348419818071747e-21
312060,0.0,-1.142542710834834e-39,9959.330658163693,0.9964229611550947,-3.338641755244766e-21
312120,0.0,-1.1380710631728654e-39,9959.330658163424,0.9964229611550975,-3.3285687550698965e-21
312180,0.0,-1.1335100792985792e-39,9959.330658163153,0.9964229611551003,-3.318200817547138e-21
312240,0.0,-1.1288597592119754e-39,9959.33065816288,0.9964229611551032,-3.3075379426764917e-21
312300,0.0,-1.1241201029130536e-39,9959.330658162606,0.9964229611551061,-3.2965801304579572e-21
312360,0.0,-1.1192911104018145e-39,9959.330658162331,0.996422961155109,-3.285327380891534e-21
312420,0.0,-1.1143727816782575e-39,9959.330658162055,0.9964229611551119,-3.273779693977222e-21
312480,0.0,-1.109365116742383e-39,9959.330658161776,0.9964229611551148,-3.2619370697150223e-21
312540,0.0,-1.1042681155941906e-39,9959.330658161496,0.9964229611551176,-3.249799508104934e-21
312600,0.0,-1.0990817782336808e-39,9959.330658161214,0.9964229611551206,-3.237367009146957e-21
312660,0.0,-1.093806104660853e-39,9959.33065816093,0.9964229611551235,-3.224639572841092e-21
312720,0.0,-1.0884410948757078e-39,9959.330658160647,0.9964229611551265,-3.2116171991873386e-21
312780,0.0,-1.0829867488782448e-39,9959.330658160361,0.9964229611551295,-3.1982998881856966e-21
312840,0.0,-1.0774430666684639e-39,9959.330658160074,0.9964229611551325,-3.1846876398361657e-21
312900,0.0,-1.0718100482463656e-39,9959.330658159784,0.9964229611551355,-3.1707804541387474e-21
312960,0.0,-1.0660876936119495e-39,9959.330658159493,0.9964229611551386,-3.1565783310934405e-21
313020,0.0,-1.0602760027652161e-39,9959.3306581592,0.9964229611551416,-3.1420812707002447e-21
313080,0.0,-1.0543749757061643e-39,9959.330658158906,0.9964229611551447,-3.1272892729591604e-21
313140,0.0,-1.0483846124347955e-39,9959.330658158611,0.9964229611551478,-3.1122023378701887e-21
313200,0.0,-1.0423049129511087e-39,9959.330658158315,0.9964229611551509,-3.0968204654333277e-21
313260,0.0,-1.0361358772551043e-39,9959.330658158016,0.996422961155154,-3.0811436556485785e-21
313320,0.0,-1.029877505346782e-39,9959.330658157716,0.9964229611551572,-3.065171908515941e-21
313380,0.0,-1.0235297972261423e-39,9959.330658157414,0.9964229611551603,-3.048905224035415e-21
313440,0.0,-1.0170927528931849e-39,9959.330658157112,0.9964229611551635,-3.0323436022070005e-21
313500,0.0,-1.0105663723479096e-39,9959.330658156807,0.9964229611551666,-3.015487043030698e-21
313560,0.0,-1.003950655590317e-39,9959.330658156501,0.9964229611551698,-2.9983355465065072e-21
313620,0.0,-9.972456026204063e-40,9959.330658156194,0.996422961155173,-2.9808891126344272e-21
313680,0.0,-9.904512134381783e-40,9959.330658155885,0.9964229611551763,-2.9631477414144594e-21
313740,0.0,-9.835674880436322e-40,9959.330658155573,0.9964229611551796,-2.945111432846603e-21
313800,0.0,-9.765944264367688e-40,9959.33065815526,0.9964229611551828,-2.9267801869308585e-21
313860,0.0,-9.695320286175875e-40,9959.330658154948,0.996422961155186,-2.9081540036672255e-21
313920,0.0,-9.623802945860887e-40,9959.330658154633,0.9964229611551894,-2.889232883055704e-21
313980,0.0,-9.551392243422722e-40,9959.330658154315,0.9964229611551927,-2.870016825096294e-21
314040,0.0,-9.47808817886138e-40,9959.330658153996,0.996422961155196,-2.850505829788996e-21
314100,0.0,-9.40389075217686e-40,9959.330658153678,0.9964229611551993,-2.830699897133809e-21
314160,0.0,-9.328799963369162e-40,9959.330658153356,0.9964229611552027,-2.810599027130734e-21
314220,0.0,-9.252815812438291e-40,9959.330658153032,0.9964229611552061,-2.790203219779771e-21
314280,0.0,-9.17593829938424e-40,9959.330658152709,0.9964229611552095,-2.7695124750809185e-21
314340,0.0,-9.098167424207015e-40,9959.330658152383,0.9964229611552129,-2.7485267930341782e-21
314400,0.0,-9.019503186906611e-40,9959.330658152056,0.9964229611552163,-2.72724617363955e-21
314460,0.0,-8.939945587483032e-40,9959.330658151726,0.9964229611552198,-2.7056706168970325e-21
314520,0.0,-8.859494625936273e-40,9959.330658151395,0.9964229611552232,-2.683800122806627e-21
314580,0.0,-8.778150302266341e-40,9959.330658151062,0.9964229611552267,-2.6616346913683335e-21
314640,0.0,-8.69591261647323e-40,9959.33065815073,0.9964229611552301,-2.639174322582151e-21
314700,0.0,-8.612781568556942e-40,9959.330658150395,0.9964229611552337,-2.6164190164480802e-21
314760,0.0,-8.52875715851748e-40,9959.330658150056,0.9964229611552372,-2.5933687729661214e-21
314820,0.0,-8.443839386354838e-40,9959.330658149718,0.9964229611552408,-2.5700235921362743e-21
314880,0.0,-8.358028252069022e-40,9959.33065814938,0.9964229611552443,-2.546383473958538e-21
314940,0.0,-8.271323755660027e-40,9959.330658149038,0.9964229611552479,-2.522448418432914e-21
315000,0.0,-8.183725897127856e-40,9959.330658148694,0.9964229611552514,-2.498218425559401e-21
315060,0.0,-8.095234676472508e-40,9959.33065814835,0.996422961155255,-2.4736934953380005e-21
315120,0.0,-8.005850093693983e-40,9959.330658148005,0.9964229611552586,-2.4488736277687104e-21
315180,0.0,-7.915572148792282e-40,9959.330658147657,0.9964229611552623,-2.423758822851533e-21
315240,0.0,-7.824400841767403e-40,9959.330658147308,0.9964229611552659,-2.398349080586467e-21
315300,0.0,-7.73233617261935e-40,9959.330658146957,0.9964229611552695,-2.3726444009735123e-21
315360,0.0,-7.639378141348116e-40,9959.330658146604,0.9964229611552733,-2.346644784012669e-21
315420,0.0,-7.545526747953709e-40,9959.330658146251,0.996422961155277,-2.3203502297039375e-21
315480,0.0,-7.450781992436122e-40,9959.330658145896,0.9964229611552806,-2.2937607380473177e-21
315540,0.0,-7.35514387479536e-40,9959.33065814554,0.9964229611552844,-2.2668763090428097e-21
315600,0.0,-7.258612395031423e-40,9959.330658145182,0.9964229611552882,-2.239696942690413e-21
315660,0.0,-7.161187553144307e-40,9959.330658144821,0.9964229611552918,-2.212222638990128e-21
315720,0.0,-7.062869349134015e-40,9959.33065814446,0.9964229611552957,-2.184453397941955e-21
315780,0.0,-6.9636577830005455e-40,9959.330658144097,0.9964229611552995,-2.1563892195458928e-21
315840,0.0,-6.8635528547439e-40,9959.330658143732,0.9964229611553033,-2.128030103801943e-21
315900,0.0,-6.762554564364076e-40,9959.330658143366,0.996422961155307,-2.099376050710104e-21
315960,0.0,-6.660662911861077e-40,9959.330658142999,0.9964229611553109,-2.070427060270377e-21
316020,0.0,-6.5578778972349e-40,9959.33065814263,0.9964229611553148,-2.0411831324827615e-21
316080,0.0,-6.454199520485548e-40,9959.33065814226,0.9964229611553187,-2.0116442673472582e-21
316140,0.0,-6.349627781613017e-40,9959.330658141887,0.9964229611553226,-1.9818104648638656e-21
316200,0.0,-6.244162680617311e-40,9959.330658141515,0.9964229611553265,-1.9516817250325852e-21
316260,0.0,-6.137804217498427e-40,9959.330658141138,0.9964229611553304,-1.9212580478534163e-21
316320,0.0,-6.030552392256367e-40,9959.330658140761,0.9964229611553344,-1.8905394333263588e-21
316380,0.0,-5.92240720489113e-40,9959.330658140383,0.9964229611553382,-1.859525881451413e-21
316440,0.0,-5.813368655402716e-40,9959.330658140005,0.9964229611553422,-1.828217392228579e-21
316500,0.0,-5.703436743791126e-40,9959.330658139623,0.9964229611553462,-1.7966139656578567e-21
316560,0.0,-5.592611470056358e-40,9959.33065813924,0.9964229611553502,-1.7647156017392454e-21
316620,0.0,-5.480892834198414e-40,9959.330658138855,0.9964229611553542,-1.732522300472746e-21
316680,0.0,-5.368280836217293e-40,9959.33065813847,0.9964229611553582,-1.700034061858359e-21
316740,0.0,-5.2547754761129955e-40,9959.330658138082,0.9964229611553623,-1.6672508858960825e-21
316800,0.0,-5.140376753885521e-40,9959.330658137693,0.9964229611553663,-1.6341727725859179e-21
316860,0.0,-5.0250846695348695e-40,9959.330658137304,0.9964229611553704,-1.6007997219278649e-21
316920,0.0,-4.9088992230610416e-40,9959.33065813691,0.9964229611553745,-1.5671317339219237e-21
316980,0.0,-4.7918204144640364e-40,9959.330658136518,0.9964229611553787,-1.5331688085680939e-21
317040,0.0,-4.673848243743855e-40,9959.330658136121,0.9964229611553828,-1.4989109458663756e-21
317100,0.0,-4.5549827109004955e-40,9959.330658135725,0.996422961155387,-1.4643581458167694e-21
317160,0.0,-4.4352238159339605e-40,9959.330658135326,0.9964229611553911,-1.4295104084192743e-21
317220,0.0,-4.314571558844249e-40,9959.330658134928,0.9964229611553953,-1.394367733673891e-21
317280,0.0,-4.19302593963136e-40,9959.330658134526,0.9964229611553994,-1.3589301215806194e-21
317340,0.0,-4.070586958295294e-40,9959.330658134124,0.9964229611554036,-1.3231975721394592e-21
317400,0.0,-3.947254614836052e-40,9959.330658133718,0.9964229611554078,-1.2871700853504107e-21
317460,0.0,-3.823028909253633e-40,9959.330658133313,0.9964229611554122,-1.2508476612134738e-21
317520,0.0,-3.697909841548037e-40,9959.330658132905,0.9964229611554164,-1.2142302997286486e-21
317580,0.0,-3.5718974117192643e-40,9959.330658132498,0.9964229611554206,-1.1773180008959348e-21
317640,0.0,-3.4449916197673144e-40,9959.330658132087,0.996422961155425,-1.1401107647153327e-21
317700,0.0,-3.3171924656921885e-40,9959.330658131674,0.9964229611554293,-1.1026085911868423e-21
317760,0.0,-3.1884999494938854e-40,9959.33065813126,0.9964229611554336,-1.0648114803104635e-21
317820,0.0,-3.0589140711724056e-40,9959.330658130846,0.9964229611554379,-1.0267194320861961e-21
317880,0.0,-2.928434830727749e-40,9959.33065813043,0.9964229611554423,-9.883324465140404e-22
317940,0.0,-2.7970622281599156e-40,9959.330658130011,0.9964229611554466,-9.496505235939966e-22
318000,0.0,-2.6647962634689055e-40,9959.330658129591,0.996422961155451,-9.10673663326064e-22
318060,0.0,-2.531636936654718e-40,9959.33065812917,0.9964229611554554,-8.714018657102432e-22
318120,0.0,-2.3975842477173545e-40,9959.330658128747,0.9964229611554598,-8.318351307465339e-22
318180,0.0,-2.2626381966568137e-40,9959.330658128323,0.9964229611554642,-7.919734584349362e-22
318240,0.0,-2.1267987834730965e-40,9959.330658127898,0.9964229611554687,-7.518168487754501e-22
318300,0.0,-1.9900660081662026e-40,9959.33065812747,0.9964229611554731,-7.113653017680757e-22
318360,0.0,-1.8524398707361314e-40,9959.33065812704,0.9964229611554777,-6.706188174128129e-22
318420,0.0,-1.713920371182884e-40,9959.330658126612,0.9964229611554821,-6.295773957096617e-22
318480,0.0,-1.5745075095064593e-40,9959.330658126179,0.9964229611554867,-5.882410366586219e-22
318540,0.0,-1.434201285706858e-40,9959.330658125746,0.9964229611554912,-5.46609740259694e-22
318600,0.0,-1.2930016997840801e-40,9959.330658125311,0.9964229611554958,-5.046835065128775e-22
318660,0.0,-1.1509087517381252e-40,9959.330658124874,0.9964229611555003,-4.624623354181727e-22
318720,0.0,-1.0079224415689937e-40,9959.330658124436,0.9964229611555049,-4.1994622697557947e-22
318780,0.0,-8.640427692766852e-41,9959.330658123996,0.9964229611555094,-3.7713518118509787e-22
318840,0.0,-7.192697348612001e-41,9959.330658123556,0.9964229611555141,-3.340291980467279e-22
318900,0.0,-5.736033383225381e-41,9959.330658123112,0.9964229611555188,-2.9062827756046946e-22
318960,0.0,-4.2704357966069935e-41,9959.330658122668,0.9964229611555233,-2.4693241972632266e-22
319020,0.0,-2.7959045887568387e-41,9959.330658122222,0.996422961155528,-2.0294162454428747e-22
319080,0.0,-9.430734879891288e-41,9959.330658123228,0.9964229611555175,-4.253922751816584e-22
319140,0.0,-2.1913690827263442e-40,9959.330658125282,0.9964229611554961,-8.399887392072483e-22
319200,0.0,-3.439243022682583e-40,9959.330658127335,0.9964229611554746,-1.2544452510245848e-21
319260,0.0,-4.686695307859514e-40,9959.330658129387,0.9964229611554531,-1.668761810634053e-21
319320,0.0,-5.933725938255469e-40,9959.33065813144,0.9964229611554317,-2.082938418035653e-21
319380,0.0,-7.18033491387295e-40,9959.33065813349,0.9964229611554103,-2.4969750732297702e-21
319440,0.0,-8.426522234708622e-40,9959.33065813554,0.9964229611553889,-2.910871776216019e-21
319500,0.0,-9.672287900764149e-40,9959.33065813759,0.9964229611553674,-3.3246285269940145e-21
319560,0.0,-1.091763191204037e-39,9959.330658139637,0.996422961155346,-3.738245325564143e-21
319620,0.0,-1.2162554268536447e-39,9959.330658141685,0.9964229611553247,-4.151722171926786e-21
319680,0.0,-1.3407054970252384e-39,9959.330658143734,0.9964229611553033,-4.5650590660815624e-21
319740,0.0,-1.4651134017187345e-39,9959.33065814578,0.9964229611552818,-4.978256008028086e-21
319800,0.0,-1.5894791409342997e-39,9959.330658147826,0.9964229611552605,-5.391312997766741e-21
319860,0.0,-1.7138027146718504e-39,9959.330658149871,0.9964229611552391,-5.804230035297913e-21
319920,0.0,-1.838084122931304e-39,9959.330658151915,0.9964229611552178,-6.217007120620831e-21
319980,0.0,-1.9623233657128265e-39,9959.33065815396,0.9964229611551965,-6.629644253736267e-21
320040,0.0,-2.0865204430162516e-39,9959.330658156003,0.996422961155175,-7.042141434643449e-21
320100,0.0,-2.2106753548418287e-39,9959.330658158045,0.9964229611551537,-7.454498663343147e-21
320160,0.0,-2.3347881011892253e-39,9959.330658160088,0.9964229611551324,-7.866715939834594e-21
320220,0.0,-2.458858682058608e-39,9959.33065816213,0.9964229611551111,-8.278793264118558e-21
320280,0.0,-2.5828870974500594e-39,9959.33065816417,0.9964229611550898,-8.690730636194267e-21
320340,0.0,-2.7068733473634964e-39,9959.33065816621,0.9964229611550685,-9.102528056062492e-21
320400,0.0,-2.8308174317989194e-39,9959.330658168248,0.9964229611550471,-9.514185523722466e-21
320460,0.0,-2.954719350756245e-39,9959.330658170287,0.9964229611550258,-9.925703039174573e-21
320520,0.0,-3.0785791042356395e-39,9959.330658172325,0.9964229611550045,-1.0337080602419192e-20
320580,0.0,-3.20239669223702e-39,9959.330658174362,0.9964229611549832,-1.0748318213455947e-20
320640,0.0,-3.3261721147603024e-39,9959.330658176397,0.996422961154962,-1.1159415872284448e-20
320700,0.0,-3.4499053718056546e-39,9959.330658178435,0.9964229611549407,-1.1570373578905082e-20
320760,0.0,-3.573596463372992e-39,9959.330658180468,0.9964229611549195,-1.198119133331823e-20
320820,0.0,-3.6972453894622326e-39,9959.330658182504,0.9964229611548981,-1.2391869135523127e-20
320880,0.0,-3.820852150073542e-39,9959.330658184537,0.9964229611548769,-1.2802406985520539e-20
320940,0.0,-3.944416745206754e-39,9959.330658186569,0.9964229611548556,-1.32128048833097e-20
321000,0.0,-4.067939174862117e-39,9959.3306581886,0.9964229611548344,-1.3623062828891374e-20
321060,0.0,-4.191419439039301e-39,9959.330658190633,0.9964229611548132,-1.4033180822264802e-20
321120,0.0,-4.3148575377385535e-39,9959.330658192664,0.996422961154792,-1.444315886343074e-20
321180,0.0,-4.4382534709597085e-39,9959.330658194694,0.9964229611547708,-1.485299695238843e-20
321240,0.0,-4.561607238702932e-39,9959.330658196723,0.9964229611547496,-1.5262695089138628e-20
321300,0.0,-4.684918840968142e-39,9959.330658198753,0.9964229611547284,-1.5672253273680583e-20
321360,0.0,-4.808188277755255e-39,9959.33065820078,0.9964229611547072,-1.6081671506014666e-20
321420,0.0,-4.931415549064436e-39,9959.330658202807,0.996422961154686,-1.6490949786141264e-20
321480,0.0,-5.054600654895603e-39,9959.330658204834,0.9964229611546648,-1.6900088114059994e-20
321540,0.0,-5.177743595248673e-39,9959.33065820686,0.9964229611546437,-1.7309086489770474e-20
321600,0.0,-5.300844370123811e-39,9959.330658208886,0.9964229611546225,-1.7717944913273085e-20
321660,0.0,-5.423902979520853e-39,9959.33065821091,0.9964229611546014,-1.8126663384568212e-20
321720,0.0,-5.5469194234400456e-39,9959.330658212933,0.9964229611545802,-1.853524190365547e-20
321780,0.0,-5.669893701881059e-39,9959.330658214958,0.9964229611545591,-1.8943680470534475e-20
321840,0.0,-5.792825814844058e-39,9959.33065821698,0.9964229611545379,-1.9351979085205614e-20
321900,0.0,-5.915715762329126e-39,9959.330658219002,0.9964229611545168,-1.9760137747668887e-20
321960,0.0,-6.038563544336178e-39,9959.330658221023,0.9964229611544957,-2.016815645792467e-20
322020,0.0,-6.161369160865218e-39,9959.330658223043,0.9964229611544746,-2.0576035215972585e-20
322080,0.0,-6.28413261191616e-39,9959.330658225063,0.9964229611544535,-2.0983774021812253e-20
322140,0.0,-6.40685389748917e-39,9959.330658227082,0.9964229611544324,-2.1391372875444053e-20
322200,0.0,-6.529533017584166e-39,9959.3306582291,0.9964229611544113,-2.179883177686836e-20
322260,0.0,-6.652169972201066e-39,9959.330658231118,0.9964229611543902,-2.2206150726084426e-20
322320,0.0,-6.774764761340034e-39,9959.330658233135,0.9964229611543691,-2.2613329723093e-20
322380,0.0,-6.897317385000905e-39,9959.330658235152,0.996422961154348,-2.3020368767893327e-20
322440,0.0,-7.019827843183927e-39,9959.330658237168,0.9964229611543269,-2.3427267860486166e-20
322500,0.0,-7.14229613588877e-39,9959.330658239182,0.996422961154306,-2.3834027000870756e-20
322560,0.0,-7.264722263115599e-39,9959.330658241197,0.9964229611542849,-2.424064618904786e-20
322620,0.0,-7.387106224864577e-39,9959.33065824321,0.9964229611542639,-2.4647125425017092e-20
322680,0.0,-7.509448021135378e-39,9959.330658245222,0.9964229611542428,-2.5053464708778077e-20
322740,0.0,-7.631747651928247e-39,9959.330658247236,0.9964229611542218,-2.5459664040331195e-20
322800,0.0,-7.754005117243017e-39,9959.330658249246,0.9964229611542007,-2.5865723419676444e-20
322860,0.0,-7.876220417079857e-39,9959.330658251258,0.9964229611541797,-2.6271642846814202e-20
322920,0.0,-7.998393551438683e-39,9959.330658253268,0.9964229611541587,-2.6677422321744098e-20
322980,0.0,-8.120524520319412e-39,9959.330658255278,0.9964229611541378,-2.7083061844465744e-20
323040,0.0,-8.24261332372221e-39,9959.330658257286,0.9964229611541168,-2.748856141497952e-20
323100,0.0,-8.364659961646993e-39,9959.330658259294,0.9964229611540958,-2.7893921033285805e-20
323160,0.0,-8.48666443409368e-39,9959.3306582613,0.9964229611540748,-2.829914069938423e-20
323220,0.0,-8.608626741062435e-39,9959.330658263309,0.9964229611540538,-2.87042204132744e-20
323280,0.0,-8.730546882553092e-39,9959.330658265313,0.9964229611540328,-2.9109160174956705e-20
323340,0.0,-8.852424858565901e-39,9959.33065826732,0.996422961154012,-2.9513959984431517e-20
323400,0.0,-8.97426066910053e-39,9959.330658269324,0.996422961153991,-2.991861984169809e-20
323460,0.0,-9.096054314157227e-39,9959.330658271329,0.99642296115397,-3.032313974675717e-20
323520,0.0,-9.21780579373583e-39,9959.330658273331,0.9964229611539491,-3.0727519699608e-20
323580,0.0,-9.339515107836498e-39,9959.330658275334,0.9964229611539281,-3.113175970025134e-20
323640,0.0,-9.461182256459154e-39,9959.330658277335,0.9964229611539073,-3.1535859748686436e-20
323700,0.0,-9.582807239603712e-39,9959.330658279336,0.9964229611538864,-3.1939819844914043e-20
323760,0.0,-9.704390057270339e-39,9959.330658281337,0.9964229611538654,-3.2343639988933405e-20
323820,0.0,-9.825930709458951e-39,9959.330658283336,0.9964229611538445,-3.274732018074527e-20
323880,0.0,-9.947429196169467e-39,9959.330658285335,0.9964229611538237,-3.3150860420348895e-20
323940,0.0,-1.0068885517402051e-38,9959.330658287334,0.9964229611538028,-3.355426070774465e-20
324000,0.0,-1.0190299673156539e-38,9959.330658289331,0.9964229611537819,-3.395752104293292e-20
324060,0.0,-1.0311671663433177e-38,9959.330658291328,0.996422961153761,-3.4360641425913317e-20
324120,0.0,-1.0433001488231636e-38,9959.330658293326,0.9964229611537402,-3.476362185668547e-20
324180,0.0,-1.0554289147552081e-38,9959.330658295321,0.9964229611537193,-3.5166462335249746e-20
324240,0.0,-1.0675534641394595e-38,9959.330658297316,0.9964229611536984,-3.5569162861606164e-20
324300,0.0,-1.0796737969759092e-38,9959.33065829931,0.9964229611536777,-3.597172343575509e-20
324360,0.0,-1.0917899132645577e-38,9959.330658301304,0.9964229611536568,-3.637414405769614e-20
324420,0.0,-1.1039018130053965e-38,9959.330658303295,0.996422961153636,-3.677642472742895e-20
324480,0.0,-1.116009496198442e-38,9959.330658305289,0.9964229611536152,-3.717856544495427e-20
324540,0.0,-1.1281129628436863e-38,9959.330658307279,0.9964229611535944,-3.7580566210271346e-20
324600,0.0,-1.1402122129411208e-38,9959.33065830927,0.9964229611535735,-3.798242702338093e-20
324660,0.0,-1.1523072464907622e-38,9959.33065831126,0.9964229611535528,-3.8384147884282266e-20
324720,0.0,-1.1643980634926021e-38,9959.33065831325,0.996422961153532,-3.8785728792976114e-20
324780,0.0,-1.1764846639466405e-38,9959.330658315239,0.9964229611535113,-3.9187169749461716e-20
324840,0.0,-1.1885670478528695e-38,9959.330658317227,0.9964229611534904,-3.958847075373945e-20
324900,0.0,-1.200645215211297e-38,9959.330658319213,0.9964229611534696,-3.998963180580969e-20
324960,0.0,-1.2127191660219393e-38,9959.330658321202,0.9964229611534489,-4.039065290567206e-20
325020,0.0,-1.2247889002847639e-38,9959.330658323186,0.9964229611534282,-4.079153405332619e-20
325080,0.0,-1.2368544179997952e-38,9959.330658325172,0.9964229611534074,-4.1192275248772456e-20
325140,0.0,-1.248915719167017e-38,9959.330658327157,0.9964229611533867,-4.1592876492011226e-20
325200,0.0,-1.2609728037864455e-38,9959.33065832914,0.9964229611533659,-4.1993337783042123e-20
325260,0.0,-1.2730256718580728e-38,9959.330658331124,0.9964229611533453,-4.239365912186478e-20
325320,0.0,-1.2850743233818902e-38,9959.330658333107,0.9964229611533245,-4.279384050847957e-20
325380,0.0,-1.2971187583579145e-38,9959.330658335088,0.9964229611533038,-4.319388194288649e-20
325440,0.0,-1.3091589767861374e-38,9959.330658337069,0.9964229611532831,-4.359378342508592e-20
325500,0.0,-1.3211949786665506e-38,9959.33065833905,0.9964229611532625,-4.399354495507748e-20
325560,0.0,-1.3332267639991705e-38,9959.330658341029,0.9964229611532417,-4.43931665328608e-20
325620,0.0,-1.345254332783981e-38,9959.330658343008,0.996422961153221,-4.4792648158436244e-20
325680,0.0,-1.3572776850210064e-38,9959.330658344987,0.9964229611532004,-4.51919898318042e-20
325740,0.0,-1.3692968207102138e-38,9959.330658346964,0.9964229611531797,-4.5591191552963907e-20
325800,0.0,-1.38131173985162e-38,9959.330658348941,0.9964229611531591,-4.5990253321916134e-20
325860,0.0,-1.393322442445233e-38,9959.330658350918,0.9964229611531384,-4.638917513866011e-20
325920,0.0,-1.4053289284910444e-38,9959.330658352894,0.9964229611531178,-4.6787957003196585e-20
325980,0.0,-1.4173311979890546e-38,9959.330658354867,0.9964229611530971,-4.718659891552483e-20
326040,0.0,-1.429329250939255e-38,9959.330658356843,0.9964229611530765,-4.758510087564558e-20
326100,0.0,-1.4413230873416623e-38,9959.330658358816,0.9964229611530558,-4.798346288355808e-20
326160,0.0,-1.4533127071962678e-38,9959.330658360788,0.9964229611530353,-4.8381684939263085e-20
326220,0.0,-1.4652981105030642e-38,9959.33065836276,0.9964229611530147,-4.877976704275985e-20
326280,0.0,-1.477279297262067e-38,9959.330658364732,0.996422961152994,-4.9177709194048754e-20
326340,0.0,-1.4892562674732605e-38,9959.330658366704,0.9964229611529735,-4.957551139313016e-20
326400,0.0,-1.5012290211366687e-38,9959.330658368674,0.9964229611529528,-4.997317364000369e-20
326460,0.0,-1.5131975582522592e-38,9959.330658370642,0.9964229611529323,-5.037069593466899e-20
326520,0.0,-1.5251618788200483e-38,9959.330658372612,0.9964229611529117,-5.0768078277126417e-20
326580,0.0,-1.5371219828400524e-38,9959.33065837458,0.9964229611528912,-5.1165320667376344e-20
326640,0.0,-1.5490778703122385e-38,9959.330658376546,0.9964229611528705,-5.156242310541841e-20
326700,0.0,-1.5610295412366315e-38,9959.330658378512,0.99642296115285,-5.195938559125223e-20
326760,0.0,-1.572976995613215e-38,9959.330658380479,0.9964229611528295,-5.2356208124878186e-20
326820,0.0,-1.584920233442005e-38,9959.330658382443,0.9964229611528089,-5.275289070629664e-20
326880,0.0,-1.596859254722994e-38,9959.330658384408,0.9964229611527885,-5.3149433335506863e-20
326940,0.0,-1.608794059456173e-38,9959.330658386372,0.996422961152768,-5.3545836012509586e-20
327000,0.0,-1.620724647641559e-38,9959.330658388335,0.9964229611527474,-5.394209873730407e-20
327060,0.0,-1.6326510192791434e-38,9959.330658390298,0.9964229611527269,-5.433822150989105e-20
327120,0.0,-1.6445731743689183e-38,9959.33065839226,0.9964229611527065,-5.47342043302698e-20
327180,0.0,-1.6564911129108998e-38,9959.330658394221,0.9964229611526859,-5.513004719844067e-20
327240,0.0,-1.668404834905072e-38,9959.330658396182,0.9964229611526654,-5.552575011440406e-20
327300,0.0,-1.6803143403514587e-38,9959.330658398141,0.996422961152645,-5.592131307815957e-20
327360,0.0,-1.692219629250028e-38,9959.3306584001,0.9964229611526245,-5.631673608970685e-20
327420,0.0,-1.704120701600804e-38,9959.33065840206,0.996422961152604,-5.671201914904625e-20
327480,0.0,-1.7160175574037705e-38,9959.330658404017,0.9964229611525836,-5.710716225617816e-20
327540,0.0,-1.7279101966589432e-38,9959.330658405974,0.9964229611525631,-5.75021654111022e-20
327600,0.0,-1.739798619366315e-38,9959.33065840793,0.9964229611525427,-5.7897028613818e-20
327660,0.0,-1.7516828255258772e-38,9959.330658409885,0.9964229611525223,-5.829175186432594e-20
327720,0.0,-1.763562815137646e-38,9959.33065841184,0.9964229611525018,-5.868633516262599e-20
327780,0.0,-1.7754385882016134e-38,9959.330658413794,0.9964229611524814,-5.908077850871857e-20
327840,0.0,-1.7873101447177712e-38,9959.330658415747,0.996422961152461,-5.947508190260326e-20
327900,0.0,-1.7991774846861358e-38,9959.3306584177,0.9964229611524406,-5.986924534427973e-20
327960,0.0,-1.811040608106691e-38,9959.330658419653,0.9964229611524201,-6.026326883374832e-20
328020,0.0,-1.8228995149794605e-38,9959.330658421604,0.9964229611523998,-6.06571523710094e-20
328080,0.0,-1.834754205304413e-38,9959.330658423554,0.9964229611523794,-6.105089595606263e-20
328140,0.0,-1.8466046790815636e-38,9959.330658425504,0.9964229611523591,-6.144449958890762e-20
328200,0.0,-1.8584509363109212e-38,9959.330658427454,0.9964229611523386,-6.183796326954475e-20
328260,0.0,-1.870292976992477e-38,9959.330658429402,0.9964229611523183,-6.223128699797437e-20
328320,0.0,-1.8821308011262317e-38,9959.33065843135,0.9964229611522979,-6.262447077419574e-20
328380,0.0,-1.8939644087121768e-38,9959.330658433299,0.9964229611522776,-6.301751459820964e-20
328440,0.0,-1.9057937997503283e-38,9959.330658435245,0.9964229611522573,-6.341041847001565e-20
328500,0.0,-1.9176189742406788e-38,9959.330658437191,0.9964229611522369,-6.380318238961343e-20
328560,0.0,-1.9294399321832197e-38,9959.330658439136,0.9964229611522166,-6.419580635700334e-20
328620,0.0,-1.9412566735779673e-38,9959.33065844108,0.9964229611521963,-6.458829037218539e-20
328680,0.0,-1.953069198424913e-38,9959.330658443025,0.996422961152176,-6.498063443515993e-20
328740,0.0,-1.9648775067240577e-38,9959.330658444967,0.9964229611521557,-6.53728385459266e-20
328800,0.0,-1.976681598475393e-38,9959.33065844691,0.9964229611521354,-6.576490270448505e-20
328860,0.0,-1.9884814736789266e-38,9959.330658448851,0.996422961152115,-6.615682691083562e-20
328920,0.0,-2.000277132334675e-38,9959.330658450792,0.9964229611520948,-6.654861116497868e-20
328980,0.0,-2.0120685744426058e-38,9959.330658452733,0.9964229611520745,-6.694025546691389e-20
329040,0.0,-2.0238558000027436e-38,9959.330658454672,0.9964229611520543,-6.733175981664086e-20
329100,0.0,-2.0356388090150716e-38,9959.33065845661,0.996422961152034,-6.772312421415995e-20
329160,0.0,-2.0474176014796062e-38,9959.33065845855,0.9964229611520138,-6.811434865947155e-20
329220,0.0,-2.0591921773963393e-38,9959.330658460487,0.9964229611519935,-6.850543315257492e-20
329280,0.0,-2.0709625367652632e-38,9959.330658462424,0.9964229611519733,-6.889637769347078e-20
329340,0.0,-2.0827286795863939e-38,9959.330658464361,0.9964229611519531,-6.928718228215841e-20
329400,0.0,-2.0944906058597226e-38,9959.330658466297,0.9964229611519329,-6.967784691863853e-20
329460,0.0,-2.106248315585242e-38,9959.33065846823,0.9964229611519125,-7.006837160291042e-20
329520,0.0,-2.1180018087629683e-38,9959.330658470166,0.9964229611518923,-7.04587563349748e-20
329580,0.0,-2.129751085392885e-38,9959.3306584721,0.9964229611518721,-7.084900111483096e-20
329640,0.0,-2.1414961454750162e-38,9959.330658474031,0.996422961151852,-7.123910594247962e-20
329700,0.0,-2.1532369890093303e-38,9959.330658475963,0.9964229611518318,-7.162907081792003e-20
329760,0.0,-2.1649736159958426e-38,9959.330658477895,0.9964229611518116,-7.201889574115258e-20
329820,0.0,-2.1767060264345618e-38,9959.330658479827,0.9964229611517914,-7.240858071217763e-20
329880,0.0,-2.188434220325479e-38,9959.330658481756,0.9964229611517713,-7.279812573099481e-20
329940,0.0,-2.2001581976685956e-38,9959.330658483685,0.9964229611517511,-7.318753079760375e-20
330000,0.0,-2.2118779584639023e-38,9959.330658485615,0.9964229611517309,-7.357679591200483e-20
330060,0.0,-2.2235935027114156e-38,9959.33065848754,0.9964229611517108,-7.396592107419803e-20
330120,0.0,-2.2353048304111275e-38,9959.330658489469,0.9964229611516907,-7.435490628418374e-20
330180,0.0,-2.2470119415630298e-38,9959.330658491395,0.9964229611516705,-7.474375154196158e-20
330240,0.0,-2.258714836167139e-38,9959.330658493322,0.9964229611516504,-7.513245684753119e-20
330300,0.0,-2.270413514223439e-38,9959.330658495246,0.9964229611516303,-7.552102220089293e-20
330360,0.0,-2.282107975731953e-38,9959.33065849717,0.9964229611516102,-7.590944760204716e-20
330420,0.0,-2.2937982206926496e-38,9959.330658499095,0.9964229611515901,-7.629773305099352e-20
330480,0.0,-2.305484249105545e-38,9959.330658501018,0.99642296115157,-7.668587854773165e-20
330540,0.0,-2.317166060970655e-38,9959.33065850294,0.9964229611515499,-7.707388409226228e-20
330600,0.0,-2.3288436562879476e-38,9959.330658504863,0.9964229611515298,-7.746174968458468e-20
330660,0.0,-2.3405170350574467e-38,9959.330658506784,0.9964229611515097,-7.78494753246992e-20
330720,0.0,-2.3521861972791366e-38,9959.330658508703,0.9964229611514897,-7.823706101260624e-20
330780,0.0,-2.363851142953033e-38,9959.330658510624,0.9964229611514697,-7.862450674830539e-20
330840,0.0,-2.3755118720791273e-38,9959.330658512543,0.9964229611514496,-7.901181253179631e-20
330900,0.0,-2.387168384657413e-38,9959.33065851446,0.9964229611514295,-7.939897836307937e-20
330960,0.0,-2.3988206806879054e-38,9959.33065851638,0.9964229611514095,-7.978600424215492e-20
331020,0.0,-2.4104687601705957e-38,9959.330658518295,0.9964229611513895,-8.01728901690226e-20
331080,0.0,-2.422112623105477e-38,9959.330658520212,0.9964229611513694,-8.055963614368205e-20
331140,0.0,-2.4337522694925644e-38,9959.330658522127,0.9964229611513494,-8.094624216613363e-20
331200,0.0,-2.445387699331843e-38,9959.330658524043,0.9964229611513294,-8.133270823637735e-20
331260,0.0,-2.4570189126233356e-38,9959.330658525956,0.9964229611513095,-8.171903435441356e-20
331320,0.0,-2.468645909367011e-38,9959.33065852787,0.9964229611512894,-8.21052205202419e-20
331380,0.0,-2.4802686895628936e-38,9959.330658529781,0.9964229611512694,-8.249126673386201e-20
331440,0.0,-2.491887253210966e-38,9959.330658531695,0.9964229611512495,-8.287717299527425e-20
331500,0.0,-2.503501600311245e-38,9959.330658533605,0.9964229611512295,-8.326293930447898e-20
331560,0.0,-2.515111730863723e-38,9959.330658535517,0.9964229611512095,-8.364856566147549e-20
331620,0.0,-2.5267176448683914e-38,9959.330658537427,0.9964229611511896,-8.40340520662645e-20
331680,0.0,-2.5383193423252664e-38,9959.330658539335,0.9964229611511696,-8.441939851884527e-20
331740,0.0,-2.5499168232343396e-38,9959.330658541245,0.9964229611511497,-8.480460501921853e-20
331800,0.0,-2.561510087595604e-38,9959.330658543153,0.9964229611511297,-8.518967156738357e-20
331860,0.0,-2.5730991354090746e-38,9959.33065854506,0.9964229611511098,-8.55745981633411e-20
331920,0.0,-2.584683966674736e-38,9959.330658546965,0.9964229611510899,-8.59593848070904e-20
331980,0.0,-2.5962645813926116e-38,9959.330658548872,0.99642296115107,-8.634403149863219e-20
332040,0.0,-2.6078409795626704e-38,9959.330658550776,0.9964229611510501,-8.672853823796574e-20
332100,0.0,-2.6194131611849275e-38,9959.33065855268,0.9964229611510301,-8.711290502509144e-20
332160,0.0,-2.630981126259391e-38,9959.330658554585,0.9964229611510103,-8.749713186000963e-20
332220,0.0,-2.642544874786053e-38,9959.330658556488,0.9964229611509904,-8.788121874271995e-20
332280,0.0,-2.654104406764914e-38,9959.33065855839,0.9964229611509705,-8.826516567322203e-20
332340,0.0,-2.665659722195965e-38,9959.330658560293,0.9964229611509506,-8.864897265151625e-20
332400,0.0,-2.677210821079223e-38,9959.330658562194,0.9964229611509308,-8.903263967760297e-20
332460,0.0,-2.688757703414679e-38,9959.330658564093,0.9964229611509109,-8.941616675148182e-20
332520,0.0,-2.700300369202327e-38,9959.330658565994,0.996422961150891,-8.979955387315243e-20
332580,0.0,-2.7118388184421805e-38,9959.330658567893,0.9964229611508713,-9.018280104261518e-20
332640,0.0,-2.7233730511342325e-38,9959.33065856979,0.9964229611508514,-9.056590825987042e-20
332700,0.0,-2.734903067278483e-38,9959.33065857169,0.9964229611508315,-9.094887552491744e-20
332760,0.0,-2.7464288668749244e-38,9959.330658573585,0.9964229611508117,-9.133170283775694e-20
332820,0.0,-2.7579504499235644e-38,9959.330658575482,0.9964229611507919,-9.171439019838821e-20
332880,0.0,-2.769467816424419e-38,9959.330658577377,0.9964229611507721,-9.209693760681198e-20
332940,0.0,-2.780980966377456e-38,9959.330658579272,0.9964229611507524,-9.247934506302752e-20
333000,0.0,-2.7924898997827e-38,9959.330658581166,0.9964229611507325,-9.286161256703556e-20
333060,0.0,-2.803994616640134e-38,9959.33065858306,0.9964229611507127,-9.324374011883537e-20
333120,0.0,-2.815495116949775e-38,9959.330658584951,0.996422961150693,-9.362572771842766e-20
333180,0.0,-2.8269914007116145e-38,9959.330658586845,0.9964229611506732,-9.400757536581172e-20
333240,0.0,-2.8384834679256445e-38,9959.330658588735,0.9964229611506534,-9.438928306098792e-20
333300,0.0,-2.849971318591881e-38,9959.330658590627,0.9964229611506337,-9.477085080395662e-20
333360,0.0,-2.861454952710316e-38,9959.330658592517,0.9964229611506139,-9.515227859471744e-20
333420,0.0,-2.8729343702809417e-38,9959.330658594405,0.9964229611505941,-9.553356643327003e-20
333480,0.0,-2.884409571303774e-38,9959.330658596295,0.9964229611505745,-9.591471431961475e-20
333540,0.0,-2.895880555778797e-38,9959.330658598183,0.9964229611505547,-9.629572225375162e-20
333600,0.0,-2.9073473237060344e-38,9959.330658600069,0.996422961150535,-9.667659023568096e-20
333660,0.0,-2.918809875085455e-38,9959.330658601955,0.9964229611505153,-9.705731826540245e-20
333720,0.0,-2.9302682099170814e-38,9959.330658603842,0.9964229611504956,-9.74379063429157e-20
333780,0.0,-2.9417223282008984e-38,9959.330658605726,0.9964229611504759,-9.781835446822109e-20
333840,0.0,-2.953172229936922e-38,9959.33065860761,0.9964229611504561,-9.819866264131897e-20
333900,0.0,-2.9646179151251444e-38,9959.330658609495,0.9964229611504365,-9.857883086220898e-20
333960,0.0,-2.976059383765558e-38,9959.330658611378,0.9964229611504168,-9.895885913089076e-20
334020,0.0,-2.9874966358581773e-38,9959.33065861326,0.9964229611503972,-9.933874744736467e-20
334080,0.0,-2.998929671402995e-38,9959.330658615143,0.9964229611503775,-9.971849581163107e-20
334140,0.0,-3.0103584904000037e-38,9959.330658617024,0.9964229611503579,-1.0009810422368925e-19
334200,0.0,-3.021783092849219e-38,9959.330658618903,0.9964229611503382,-1.0047757268353993e-19
334260,0.0,-3.0332034787506253e-38,9959.330658620784,0.9964229611503186,-1.0085690119118236e-19
334320,0.0,-3.0446196481042456e-38,9959.330658622663,0.9964229611502989,-1.0123608974661729e-19
334380,0.0,-3.0560316009100484e-38,9959.33065862454,0.9964229611502793,-1.01615138349844e-19
334440,0.0,-3.06743933716805e-38,9959.330658626417,0.9964229611502596,-1.019940470008632e-19
334500,0.0,-3.078842856878266e-38,9959.330658628294,0.9964229611502401,-1.0237281569967453e-19
334560,0.0,-3.090242160040665e-38,9959.330658630171,0.9964229611502204,-1.0275144444627762e-19
334620,0.0,-3.10163724665527e-38,9959.330658632047,0.9964229611502009,-1.0312993324067285e-19
334680,0.0,-3.1130281167220663e-38,9959.33065863392,0.9964229611501813,-1.0350828208286021e-19
334740,0.0,-3.124414770241068e-38,9959.330658635796,0.9964229611501617,-1.0388649097284006e-19
334800,0.0,-3.1357972072122693e-38,9959.33065863767,0.9964229611501422,-1.0426455991061206e-19
334860,0.0,-3.1471754276356614e-38,9959.330658639541,0.9964229611501225,-1.0464248889617582e-19
334920,0.0,-3.1585494315112596e-38,9959.330658641413,0.996422961150103,-1.0502027792953171e-19
334980,0.0,-3.169919218839056e-38,9959.330658643285,0.9964229611500834,-1.0539792701068008e-19
335040,0.0,-3.1812847896190514e-38,9959.330658645156,0.9964229611500639,-1.0577543613962024e-19
335100,0.0,-3.1926461438512376e-38,9959.330658647026,0.9964229611500444,-1.061528053163529e-19
335160,0.0,-3.204003281535622e-38,9959.330658648894,0.9964229611500248,-1.0653003454087731e-19
335220,0.0,-3.215356202672221e-38,9959.330658650762,0.9964229611500053,-1.0690712381319422e-19
335280,0.0,-3.2267049072610026e-38,9959.33065865263,0.9964229611499857,-1.072840731333029e-19
335340,0.0,-3.238049395301991e-38,9959.330658654499,0.9964229611499663,-1.0766088250120408e-19
335400,0.0,-3.24938966679517e-38,9959.330658656365,0.9964229611499468,-1.0803755191689702e-19
335460,0.0,-3.260725721740555e-38,9959.330658658231,0.9964229611499272,-1.0841408138038246e-19
335520,0.0,-3.2720575601381393e-38,9959.330658660096,0.9964229611499078,-1.0879047089165967e-19
335580,0.0,-3.283385181987914e-38,9959.33065866196,0.9964229611498883,-1.0916672045072902e-19
335640,0.0,-3.2947085872898954e-38,9959.330658663825,0.9964229611498688,-1.0954283005759086e-19
335700,0.0,-3.306027776044075e-38,9959.330658665687,0.9964229611498494,-1.099187997122448e-19
335760,0.0,-3.317342748250445e-38,9959.33065866755,0.9964229611498299,-1.1029462941469055e-19
335820,0.0,-3.328653503909022e-38,9959.33065866941,0.9964229611498104,-1.106703191649284e-19
335880,0.0,-3.3399600430197894e-38,9959.330658671272,0.996422961149791,-1.1104586896295878e-19
335940,0.0,-3.351262365582771e-38,9959.330658673132,0.9964229611497716,-1.1142127880878127e-19
336000,0.0,-3.362560471597936e-38,9959.330658674991,0.9964229611497522,-1.1179654870239552e-19
336060,0.0,-3.3738543610652995e-38,9959.33065867685,0.9964229611497327,-1.1217167864380193e-19
336120,0.0,-3.3851440339848693e-38,9959.33065867871,0.9964229611497133,-1.1254666863300046e-19
336180,0.0,-3.3964294903566375e-38,9959.330658680567,0.9964229611496939,-1.1292151866999148e-19
336240,0.0,-3.4077107301806044e-38,9959.330658682424,0.9964229611496744,-1.1329622875477463e-19
336300,0.0,-3.418987753456762e-38,9959.33065868428,0.9964229611496551,-1.1367079888734955e-19
336360,0.0,-3.4302605601851336e-38,9959.330658686134,0.9964229611496357,-1.1404522906771697e-19
336420,0.0,-3.4415291503656885e-38,9959.33065868799,0.9964229611496164,-1.1441951929587614e-19
336480,0.0,-3.452793523998442e-38,9959.330658689843,0.9964229611495969,-1.1479366957182746e-19
336540,0.0,-3.4640536810834016e-38,9959.330658691697,0.9964229611495776,-1.1516767989557128e-19
336600,0.0,-3.4753096216205597e-38,9959.33065869355,0.9964229611495582,-1.155415502671072e-19
336660,0.0,-3.4865613456099166e-38,9959.330658695402,0.9964229611495389,-1.1591528068643493e-19
336720,0.0,-3.4978088530514645e-38,9959.330658697254,0.9964229611495196,-1.162888711535548e-19
336780,0.0,-3.5090521439452106e-38,9959.330658699104,0.9964229611495001,-1.1666232166846712e-19
336840,0.0,-3.520291218291171e-38,9959.330658700954,0.9964229611494808,-1.1703563223117158e-19
336900,0.0,-3.5315260760893144e-38,9959.330658702804,0.9964229611494615,-1.1740880284166782e-19
336960,0.0,-3.5427567173396647e-38,9959.330658704652,0.9964229611494422,-1.177818334999562e-19
337020,0.0,-3.553983142042205e-38,9959.3306587065,0.9964229611494229,-1.181547242060367e-19
337080,0.0,-3.565205350196952e-38,9959.330658708346,0.9964229611494037,-1.185274749599097e-19
337140,0.0,-3.5764233418038975e-38,9959.330658710192,0.9964229611493843,-1.1890008576157484e-19
337200,0.0,-3.587637116863034e-38,9959.330658712039,0.996422961149365,-1.1927255661103174e-19
337260,0.0,-3.598846675374377e-38,9959.330658713885,0.9964229611493457,-1.1964488750828078e-19
337320,0.0,-3.610052017337918e-38,9959.33065871573,0.9964229611493265,-1.2001707845332229e-19
337380,0.0,-3.62125314275365e-38,9959.330658717572,0.9964229611493072,-1.2038912944615595e-19
337440,0.0,-3.6324500516215884e-38,9959.330658719415,0.996422961149288,-1.2076104048678139e-19
337500,0.0,-3.643642743941718e-38,9959.330658721257,0.9964229611492686,-1.2113281157519893e-19
337560,0.0,-3.654831219714061e-38,9959.3306587231,0.9964229611492494,-1.2150444271140897e-19
337620,0.0,-3.6660154789385875e-38,9959.33065872494,0.9964229611492302,-1.218759338954108e-19
337680,0.0,-3.67719552161532e-38,9959.33065872678,0.996422961149211,-1.2224728512720512e-19
337740,0.0,-3.688371347744244e-38,9959.33065872862,0.9964229611491918,-1.2261849640679122e-19
337800,0.0,-3.6995429573253736e-38,9959.33065873046,0.9964229611491725,-1.229895677341698e-19
337860,0.0,-3.710710350358702e-38,9959.330658732297,0.9964229611491533,-1.2336049910934015e-19
337920,0.0,-3.721873526844221e-38,9959.330658734134,0.9964229611491342,-1.2373129053230263e-19
337980,0.0,-3.7330324867819473e-38,9959.330658735971,0.996422961149115,-1.241019420030576e-19
338040,0.0,-3.744187230171871e-38,9959.330658737808,0.9964229611490958,-1.2447245352160471e-19
338100,0.0,-3.755337757013986e-38,9959.330658739644,0.9964229611490766,-1.248428250879436e-19
338160,0.0,-3.7664840673083075e-38,9959.330658741477,0.9964229611490574,-1.252130567020746e-19
338220,0.0,-3.77762616105482e-38,9959.330658743313,0.9964229611490383,-1.255831483639981e-19
338280,0.0,-3.7887640382535457e-38,9959.330658745146,0.9964229611490191,-1.2595310007371374e-19
338340,0.0,-3.799897698904455e-38,9959.330658746978,0.996422961149,-1.2632291183122113e-19
338400,0.0,-3.8110271430075635e-38,9959.33065874881,0.9964229611489808,-1.2669258363652068e-19
338460,0.0,-3.822152370562885e-38,9959.330658750641,0.9964229611489617,-1.270621154896127e-19
338520,0.0,-3.83327338157039e-38,9959.330658752471,0.9964229611489426,-1.274315073904965e-19
338580,0.0,-3.844390176030102e-38,9959.330658754301,0.9964229611489234,-1.278007593391728e-19
338640,0.0,-3.855502753942004e-38,9959.330658756131,0.9964229611489043,-1.2816987133564087e-19
338700,0.0,-3.8666111153061124e-38,9959.33065875796,0.9964229611488852,-1.2853884337990142e-19
338760,0.0,-3.8777152601224196e-38,9959.330658759787,0.9964229611488661,-1.2890767547195375e-19
338820,0.0,-3.888815188390918e-38,9959.330658761615,0.996422961148847,-1.2927636761179857e-19
338880,0.0,-3.899910900111622e-38,9959.330658763442,0.9964229611488279,-1.2964491979943516e-19
338940,0.0,-3.911002395284525e-38,9959.330658765268,0.9964229611488088,-1.3001333203486425e-19
339000,0.0,-3.9220896739096263e-38,9959.330658767092,0.9964229611487898,-1.3038160431808511e-19
339060,0.0,-3.9331727359869187e-38,9959.330658768917,0.9964229611487707,-1.3074973664909808e-19
339120,0.0,-3.94425158151641e-38,9959.33065877074,0.9964229611487516,-1.3111772902790357e-19
339180,0.0,-3.9553262104981144e-38,9959.330658772564,0.9964229611487326,-1.3148558145450117e-19
339240,0.0,-3.9663966229320026e-38,9959.330658774385,0.9964229611487135,-1.3185329392889057e-19
339300,0.0,-3.977462818818097e-38,9959.330658776207,0.9964229611486946,-1.322208664510721e-19
339360,0.0,-3.988524798156382e-38,9959.330658778028,0.9964229611486755,-1.325882990210461e-19
339420,0.0,-3.9995825609468736e-38,9959.330658779849,0.9964229611486565,-1.3295559163881187e-19
339480,0.0,-4.010636107189564e-38,9959.330658781668,0.9964229611486375,-1.3332274430437013e-19
339540,0.0,-4.0216854368844444e-38,9959.330658783487,0.9964229611486185,-1.336897570177202e-19
339600,0.0,-4.032730550031532e-38,9959.330658785306,0.9964229611485995,-1.3405662977886237e-19
339660,0.0,-4.0437714466308177e-38,9959.330658787123,0.9964229611485804,-1.34423362587797e-19
339720,0.0,-4.054808126682294e-38,9959.33065878894,0.9964229611485615,-1.3478995544452384e-19
339780,0.0,-4.0658405901859773e-38,9959.330658790755,0.9964229611485426,-1.351564083490424e-19
339840,0.0,-4.0768688371418513e-38,9959.33065879257,0.9964229611485236,-1.355227213013531e-19
339900,0.0,-4.087892867549939e-38,9959.330658794386,0.9964229611485046,-1.358888943014563e-19
339960,0.0,-4.09891268141021e-38,9959.3306587962,0.9964229611484856,-1.3625492734935124e-19
340020,0.0,-4.1099282787226793e-38,9959.330658798013,0.9964229611484667,-1.366208204450387e-19
340080,0.0,-4.120939659487356e-38,9959.330658799825,0.9964229611484478,-1.3698657358851795e-19
340140,0.0,-4.1319468237042296e-38,9959.330658801637,0.9964229611484288,-1.3735218677978966e-19
340200,0.0,-4.1429497713733026e-38,9959.330658803448,0.9964229611484099,-1.3771766001885315e-19
340260,0.0,-4.1539485024945667e-38,9959.33065880526,0.996422961148391,-1.3808299330570915e-19
340320,0.0,-4.1649430170680446e-38,9959.33065880707,0.996422961148372,-1.3844818664035726e-19
340380,0.0,-4.1759333150937057e-38,9959.330658808878,0.9964229611483532,-1.3881324002279715e-19
340440,0.0,-4.186919396571565e-38,9959.330658810686,0.9964229611483343,-1.3917815345302916e-19
340500,0.0,-4.1979012615016316e-38,9959.330658812494,0.9964229611483154,-1.3954292693105332e-19
340560,0.0,-4.2088789098838953e-38,9959.330658814302,0.9964229611482964,-1.3990756045686996e-19
340620,0.0,-4.219852341718359e-38,9959.330658816109,0.9964229611482776,-1.4027205403047874e-19
340680,0.0,-4.230821557005013e-38,9959.330658817915,0.9964229611482587,-1.406364076518793e-19
340740,0.0,-4.241786555743865e-38,9959.33065881972,0.9964229611482399,-1.4100062132107198e-19
340800,0.0,-4.252747337934932e-38,9959.330658821524,0.996422961148221,-1.4136469503805714e-19
340860,0.0,-4.263703903578181e-38,9959.330658823328,0.9964229611482022,-1.4172862880283445e-19
340920,0.0,-4.2746562526736377e-38,9959.33065882513,0.9964229611481833,-1.420924226154035e-19
340980,0.0,-4.2856043852212846e-38,9959.330658826933,0.9964229611481645,-1.4245607647576473e-19
341040,0.0,-4.296548301221137e-38,9959.330658828734,0.9964229611481457,-1.4281959038391842e-19
341100,0.0,-4.307488000673189e-38,9959.330658830535,0.9964229611481269,-1.4318296433986389e-19
341160,0.0,-4.3184234835774316e-38,9959.330658832336,0.996422961148108,-1.4354619834360187e-19
341220,0.0,-4.3293547499338805e-38,9959.330658834135,0.9964229611480893,-1.439092923951316e-19
341280,0.0,-4.3402817997425276e-38,9959.330658835934,0.9964229611480705,-1.442722464944538e-19
341340,0.0,-4.351204633003366e-38,9959.330658837733,0.9964229611480516,-1.4463506064156782e-19
341400,0.0,-4.362123249716411e-38,9959.33065883953,0.9964229611480329,-1.4499773483647395e-19
341460,0.0,-4.373037649881646e-38,9959.330658841327,0.9964229611480141,-1.4536026907917257e-19
341520,0.0,-4.383947833499096e-38,9959.330658843122,0.9964229611479953,-1.457226633696633e-19
341580,0.0,-4.3948538005687285e-38,9959.330658844918,0.9964229611479766,-1.4608491770794584e-19
341640,0.0,-4.4057555510905673e-38,9959.330658846713,0.9964229611479578,-1.464470320940205e-19
341700,0.0,-4.416653085064597e-38,9959.330658848507,0.996422961147939,-1.4680900652788766e-19
341760,0.0,-4.427546402490833e-38,9959.3306588503,0.9964229611479203,-1.4717084100954693e-19
341820,0.0,-4.4384355033692677e-38,9959.330658852092,0.9964229611479016,-1.4753253553899798e-19
341880,0.0,-4.4493203876998934e-38,9959.330658853884,0.9964229611478829,-1.4789409011624117e-19
341940,0.0,-4.460201055482725e-38,9959.330658855675,0.9964229611478642,-1.4825550474127648e-19
342000,0.0,-4.471077506717755e-38,9959.330658857467,0.9964229611478455,-1.4861677941410429e-19
342060,0.0,-4.4819497414049767e-38,9959.330658859257,0.9964229611478268,-1.4897791413472422e-19
342120,0.0,-4.492817759544404e-38,9959.330658861045,0.996422961147808,-1.4933890890313596e-19
342180,0.0,-4.503681561136023e-38,9959.330658862833,0.9964229611477894,-1.496997637193398e-19
342240,0.0,-4.514541146179855e-38,9959.330658864621,0.9964229611477707,-1.500604785833361e-19
342300,0.0,-4.5253965146758704e-38,9959.330658866409,0.996422961147752,-1.5042105349512458e-19
342360,0.0,-4.536247666624085e-38,9959.330658868195,0.9964229611477333,-1.5078148845470483e-19
342420,0.0,-4.5470946020245127e-38,9959.330658869982,0.9964229611477147,-1.5114178346207756e-19
342480,0.0,-4.557937320877124e-38,9959.330658871766,0.996422961147696,-1.5150193851724205e-19
342540,0.0,-4.5687758231819417e-38,9959.33065887355,0.9964229611476774,-1.518619536201987e-19
342600,0.0,-4.5796101089389503e-38,9959.330658875333,0.9964229611476587,-1.5222182877094783e-19
342660,0.0,-4.5904401781481644e-38,9959.330658877117,0.9964229611476402,-1.5258156396948908e-19
342720,0.0,-4.6012660308095783e-38,9959.330658878898,0.9964229611476215,-1.529411592158221e-19
342780,0.0,-4.612087666923182e-38,9959.33065888068,0.9964229611476029,-1.5330061450994728e-19
342840,0.0,-4.622905086488993e-38,9959.330658882462,0.9964229611475843,-1.5365992985186457e-19
342900,0.0,-4.6337182895070015e-38,9959.330658884242,0.9964229611475657,-1.5401910524157435e-19
342960,0.0,-4.6445272759772096e-38,9959.330658886021,0.996422961147547,-1.5437814067907627e-19
343020,0.0,-4.655332045899608e-38,9959.3306588878,0.9964229611475285,-1.5473703616436998e-19
343080,0.0,-4.6661325992742054e-38,9959.330658889578,0.99642296114751,-1.550957916974558e-19
343140,0.0,-4.676928936101016e-38,9959.330658891357,0.9964229611474913,-1.554544072783341e-19
343200,0.0,-4.6877210563800105e-38,9959.330658893132,0.9964229611474728,-1.5581288290700454e-19
343260,0.0,-4.698508960111211e-38,9959.330658894909,0.9964229611474542,-1.5617121858346676e-19
343320,0.0,-4.709292647294603e-38,9959.330658896684,0.9964229611474357,-1.5652941430772112e-19
343380,0.0,-4.7200721179302e-38,9959.330658898458,0.9964229611474171,-1.5688747007976795e-19
343440,0.0,-4.730847372017996e-38,9959.330658900233,0.9964229611473986,-1.5724538589960657e-19
343500,0.0,-4.741618409557983e-38,9959.330658902007,0.99642296114738,-1.5760316176723766e-19
343560,0.0,-4.752385230550177e-38,9959.330658903778,0.9964229611473615,-1.5796079768266055e-19
343620,0.0,-4.763147834994569e-38,9959.33065890555,0.996422961147343,-1.5831829364587591e-19
343680,0.0,-4.773906222891152e-38,9959.330658907322,0.9964229611473245,-1.5867564965688305e-19
343740,0.0,-4.784660394239941e-38,9959.330658909092,0.996422961147306,-1.5903286571568268e-19
343800,0.0,-4.795410349040921e-38,9959.330658910862,0.9964229611472876,-1.593899418222741e-19
343860,0.0,-4.806156087294115e-38,9959.330658912631,0.996422961147269,-1.5974687797665797e-19
343920,0.0,-4.816897608999492e-38,9959.3306589144,0.9964229611472506,-1.6010367417883364e-19
343980,0.0,-4.827634914157076e-38,9959.330658916168,0.9964229611472321,-1.6046033042880146e-19
344040,0.0,-4.838368002766851e-38,9959.330658917934,0.9964229611472136,-1.6081684672656176e-19
344100,0.0,-4.84909687482883e-38,9959.330658919702,0.9964229611471952,-1.6117322307211416e-19
344160,0.0,-4.85982153034301e-38,9959.330658921466,0.9964229611471767,-1.6152945946545837e-19
344220,0.0,-4.87054196930938e-38,9959.330658923232,0.9964229611471582,-1.6188555590659468e-19
344280,0.0,-4.881258191727964e-38,9959.330658924997,0.9964229611471398,-1.6224151239552348e-19
344340,0.0,-4.891970197598731e-38,9959.33065892676,0.9964229611471214,-1.6259732893224408e-19
344400,0.0,-4.902677986921697e-38,9959.330658928522,0.9964229611471029,-1.6295300551675718e-19
344460,0.0,-4.913381559696869e-38,9959.330658930285,0.9964229611470846,-1.6330854214906203e-19
344520,0.0,-4.924080915924239e-38,9959.330658932047,0.9964229611470662,-1.6366393882915937e-19
344580,0.0,-4.934776055603809e-38,9959.330658933808,0.9964229611470478,-1.6401919555704848e-19
344640,0.0,-4.94546697873557e-38,9959.330658935567,0.9964229611470293,-1.643743123327301e-19
344700,0.0,-4.956153685319527e-38,9959.330658937328,0.996422961147011,-1.647292891562035e-19
344760,0.0,-4.9668361753557e-38,9959.330658939087,0.9964229611469926,-1.6508412602746934e-19
344820,0.0,-4.977514448844056e-38,9959.330658940844,0.9964229611469743,-1.6543882294652699e-19
344880,0.0,-4.988188505784619e-38,9959.330658942601,0.9964229611469558,-1.6579337991337677e-19
344940,0.0,-4.998858346177372e-38,9959.330658944358,0.9964229611469375,-1.6614779692801904e-19
345000,0.0,-5.009523970022331e-38,9959.330658946114,0.9964229611469192,-1.6650207399045342e-19
345060,0.0,-5.020185377319489e-38,9959.330658947869,0.9964229611469009,-1.668562111006796e-19
345120,0.0,-5.030842568068837e-38,9959.330658949624,0.9964229611468824,-1.6721020825869792e-19
345180,0.0,-5.041495542270393e-38,9959.330658951378,0.9964229611468641,-1.6756406546450873e-19
345240,0.0,-5.052144299924146e-38,9959.330658953131,0.9964229611468458,-1.6791778271811162e-19
345300,0.0,-5.062788841030098e-38,9959.330658954885,0.9964229611468275,-1.6827136001950634e-19
345360,0.0,-5.073429165588242e-38,9959.330658956636,0.9964229611468092,-1.6862479736869319e-19
345420,0.0,-5.084065273598583e-38,9959.330658958388,0.996422961146791,-1.6897809476567214e-19
345480,0.0,-5.094697165061138e-38,9959.330658960138,0.9964229611467726,-1.693312522104436e-19
345540,0.0,-5.105324839975877e-38,9959.330658961888,0.9964229611467543,-1.6968426970300718e-19
345600,0.0,-5.115948298342823e-38,9959.330658963636,0.9964229611467361,-1.7003714724336254e-19
345660,0.0,-5.126567540161958e-38,9959.330658965386,0.9964229611467178,-1.7038988483151003e-19
345720,0.0,-5.1371825654333e-38,9959.330658967134,0.9964229611466996,-1.7074248246745e-19
345780,0.0,-5.147793374156842e-38,9959.33065896888,0.9964229611466813,-1.7109494015118176e-19
345840,0.0,-5.158399966332573e-38,9959.330658970626,0.9964229611466631,-1.71447257882706e-19
345900,0.0,-5.169002341960512e-38,9959.330658972372,0.9964229611466447,-1.7179943566202204e-19
345960,0.0,-5.179600501040648e-38,9959.330658974117,0.9964229611466265,-1.7215147348913053e-19
346020,0.0,-5.190194443572975e-38,9959.330658975861,0.9964229611466083,-1.7250337136403083e-19
346080,0.0,-5.200784169557509e-38,9959.330658977606,0.9964229611465901,-1.728551292867236e-19
346140,0.0,-5.211369678994234e-38,9959.330658979348,0.9964229611465719,-1.7320674725720815e-19
346200,0.0,-5.221950971883172e-38,9959.33065898109,0.9964229611465537,-1.7355822527548518e-19
346260,0.0,-5.232528048224293e-38,9959.330658982832,0.9964229611465355,-1.7390956334155398e-19
346320,0.0,-5.243100908017614e-38,9959.330658984572,0.9964229611465173,-1.7426076145541495e-19
346380,0.0,-5.253669551263149e-38,9959.330658986313,0.9964229611464991,-1.7461181961706835e-19
346440,0.0,-5.264233977960866e-38,9959.330658988052,0.996422961146481,-1.7496273782651392e-19
346500,0.0,-5.274794188110789e-38,9959.330658989791,0.9964229611464628,-1.7531351608375126e-19
346560,0.0,-5.285350181712905e-38,9959.330658991528,0.9964229611464446,-1.7566415438878073e-19
346620,0.0,-5.295901958767233e-38,9959.330658993267,0.9964229611464265,-1.7601465274160267e-19
346680,0.0,-5.306449519273745e-38,9959.330658995003,0.9964229611464083,-1.7636501114221677e-19
346740,0.0,-5.316992863232455e-38,9959.33065899674,0.9964229611463902,-1.7671522959062264e-19
346800,0.0,-5.327531990643373e-38,9959.330658998475,0.9964229611463721,-1.7706530808682065e-19
346860,0.0,-5.338066901506487e-38,9959.330659000208,0.996422961146354,-1.7741524663081112e-19
346920,0.0,-5.348597595821801e-38,9959.330659001944,0.9964229611463358,-1.777650452225934e-19
346980,0.0,-5.359124073589305e-38,9959.330659003677,0.9964229611463177,-1.7811470386216814e-19
347040,0.0,-5.369646334809009e-38,9959.330659005409,0.9964229611462996,-1.7846422254953468e-19
347100,0.0,-5.380164379480926e-38,9959.33065900714,0.9964229611462815,-1.7881360128469366e-19
347160,0.0,-5.390678207605027e-38,9959.330659008872,0.9964229611462634,-1.7916284006764447e-19
347220,0.0,-5.401187819181334e-38,9959.330659010602,0.9964229611462453,-1.7951193889838739e-19
347280,0.0,-5.411693214209831e-38,9959.330659012332,0.9964229611462273,-1.798608977769228e-19
347340,0.0,-5.422194392690534e-38,9959.330659014062,0.9964229611462092,-1.8020971670325032e-19
347400,0.0,-5.432691354623437e-38,9959.33065901579,0.9964229611461911,-1.8055839567736966e-19
347460,0.0,-5.44318410000853e-38,9959.330659017518,0.996422961146173,-1.809069346992811e-19
347520,0.0,-5.45367262884583e-38,9959.330659019244,0.996422961146155,-1.8125533376898505e-19
347580,0.0,-5.464156941135328e-38,9959.33065902097,0.9964229611461369,-1.8160359288648108e-19
347640,0.0,-5.474637036877017e-38,9959.330659022697,0.996422961146119,-1.8195171205176893e-19
347700,0.0,-5.485112916070913e-38,9959.330659024421,0.996422961146101,-1.8229969126484892e-19
347760,0.0,-5.495584578716999e-38,9959.330659026145,0.9964229611460829,-1.8264753052572104e-19
347820,0.0,-5.506052024815298e-38,9959.33065902787,0.9964229611460649,-1.8299522983438563e-19
347880,0.0,-5.516515254365782e-38,9959.330659029592,0.9964229611460469,-1.8334278919084235e-19
347940,0.0,-5.526974267368472e-38,9959.330659031315,0.9964229611460289,-1.8369020859509087e-19
348000,0.0,-5.537429063823353e-38,9959.330659033036,0.9964229611460109,-1.840374880471315e-19
348060,0.0,-5.547879643730439e-38,9959.330659034757,0.9964229611459929,-1.843846275469646e-19
348120,0.0,-5.558326007089725e-38,9959.330659036477,0.996422961145975,-1.8473162709458985e-19
348180,0.0,-5.568768153901201e-38,9959.330659038196,0.996422961145957,-1.850784866900069e-19
348240,0.0,-5.579206084164884e-38,9959.330659039915,0.996422961145939,-1.8542520633321607e-19
348300,0.0,-5.589639797880765e-38,9959.330659041634,0.9964229611459211,-1.857717860242177e-19
348360,0.0,-5.600069295048837e-38,9959.330659043351,0.9964229611459031,-1.8611822576301113e-19
348420,0.0,-5.610494575669115e-38,9959.330659045068,0.9964229611458852,-1.8646452554959705e-19
348480,0.0,-5.620915639741592e-38,9959.330659046784,0.9964229611458673,-1.8681068538397506e-19
348540,0.0,-5.631332487266267e-38,9959.330659048499,0.9964229611458494,-1.871567052661449e-19
348600,0.0,-5.641745118243134e-38,9959.330659050214,0.9964229611458314,-1.8750258519610685e-19
348660,0.0,-5.652153532672199e-38,9959.330659051928,0.9964229611458135,-1.8784832517386131e-19
348720,0.0,-5.662557730553477e-38,9959.330659053641,0.9964229611457956,-1.881939251994075e-19
348780,0.0,-5.67295771188694e-38,9959.330659055353,0.9964229611457778,-1.8853938527274622e-19
348840,0.0,-5.683353476672608e-38,9959.330659057065,0.9964229611457598,-1.888847053938767e-19
348900,0.0,-5.693745024910467e-38,9959.330659058776,0.9964229611457419,-1.8922988556279933e-19
348960,0.0,-5.704132356600533e-38,9959.330659060486,0.996422961145724,-1.895749257795144e-19
349020,0.0,-5.714515471742796e-38,9959.330659062196,0.9964229611457062,-1.8991982604402164e-19
349080,0.0,-5.724894370337252e-38,9959.330659063906,0.9964229611456884,-1.9026458635632065e-19
349140,0.0,-5.735269052383913e-38,9959.330659065614,0.9964229611456705,-1.906092067164118e-19
349200,0.0,-5.745639517882772e-38,9959.330659067322,0.9964229611456527,-1.909536871242954e-19
349260,0.0,-5.756005766833831e-38,9959.330659069028,0.9964229611456348,-1.912980275799708e-19
349320,0.0,-5.766367799237081e-38,9959.330659070736,0.996422961145617,-1.9164222808343871e-19
349380,0.0,-5.776725615092529e-38,9959.33065907244,0.9964229611455991,-1.919862886346984e-19
349440,0.0,-5.78707921440019e-38,9959.330659074147,0.9964229611455814,-1.9233020923375053e-19
349500,0.0,-5.797428597160035e-38,9959.33065907585,0.9964229611455635,-1.9267398988059445e-19
349560,0.0,-5.807773763372086e-38,9959.330659077554,0.9964229611455457,-1.930176305752309e-19
349620,0.0,-5.818114713036328e-38,9959.330659079256,0.996422961145528,-1.9336113131765908e-19
349680,0.0,-5.828451446152777e-38,9959.330659080959,0.9964229611455102,-1.9370449210787976e-19
349740,0.0,-5.838783962721424e-38,9959.33065908266,0.9964229611454923,-1.940477129458922e-19
349800,0.0,-5.849112262742262e-38,9959.33065908436,0.9964229611454746,-1.9439079383169682e-19
349860,0.0,-5.859436346215306e-38,9959.330659086061,0.9964229611454568,-1.947337347652939e-19
349920,0.0,-5.869756213140548e-38,9959.33065908776,0.996422961145439,-1.950765357466831e-19
349980,0.0,-5.880071863517982e-38,9959.330659089459,0.9964229611454214,-1.9541919677586408e-19
350040,0.0,-5.890383297347622e-38,9959.330659091158,0.9964229611454036,-1.957617178528372e-19
350100,0.0,-5.900690514629453e-38,9959.330659092855,0.9964229611453859,-1.9610409897760282e-19
350160,0.0,-5.910993515363497e-38,9959.330659094552,0.9964229611453681,-1.9644634015016052e-19
350220,0.0,-5.921292299549726e-38,9959.330659096247,0.9964229611453504,-1.9678844137051004e-19
350280,0.0,-5.931586867188152e-38,9959.330659097943,0.9964229611453327,-1.971304026386517e-19
350340,0.0,-5.941877218278792e-38,9959.330659099638,0.996422961145315,-1.9747222395458582e-19
350400,0.0,-5.952163352821616e-38,9959.330659101332,0.9964229611452973,-1.9781390531831174e-19
350460,0.0,-5.962445270816646e-38,9959.330659103025,0.9964229611452796,-1.9815544672983013e-19
350520,0.0,-5.972722972263868e-38,9959.330659104717,0.996422961145262,-1.984968481891403e-19
350580,0.0,-5.982996457163301e-38,9959.330659106408,0.9964229611452442,-1.9883810969624296e-19
350640,0.0,-5.99326572551492e-38,9959.3306591081,0.9964229611452265,-1.991792312511374e-19
350700,0.0,-6.003530777318736e-38,9959.33065910979,0.9964229611452089,-1.9952021285382398e-19
350760,0.0,-6.01379161257476e-38,9959.33065911148,0.9964229611451912,-1.9986105450430301e-19
350820,0.0,-6.02404823128298e-38,9959.33065911317,0.9964229611451736,-2.0020175620257418e-19
350880,0.0,-6.0343006334434e-38,9959.330659114858,0.9964229611451559,-2.0054231794863717e-19
350940,0.0,-6.044548819056011e-38,9959.330659116546,0.9964229611451383,-2.0088273974249227e-19
351000,0.0,-6.054792788120821e-38,9959.330659118232,0.9964229611451207,-2.0122302158413984e-19
351060,0.0,-6.065032540637843e-38,9959.330659119918,0.9964229611451031,-2.0156316347357955e-19
351120,0.0,-6.075268076607051e-38,9959.330659121604,0.9964229611450854,-2.0190316541081105e-19
351180,0.0,-6.085499396028464e-38,9959.330659123289,0.9964229611450679,-2.0224302739583468e-19
351240,0.0,-6.095726498902068e-38,9959.330659124973,0.9964229611450502,-2.0258274942865045e-19
351300,0.0,-6.105949385227877e-38,9959.330659126657,0.9964229611450327,-2.0292233150925866e-19
351360,0.0,-6.116168055005886e-38,9959.33065912834,0.996422961145015,-2.0326177363765903e-19
351420,0.0,-6.126382508236086e-38,9959.330659130022,0.9964229611449975,-2.036010758138512e-19
351480,0.0,-6.136592744918492e-38,9959.330659131703,0.99642296114498,-2.0394023803783548e-19
351540,0.0,-6.146798765053095e-38,9959.330659133384,0.9964229611449624,-2.0427926030961223e-19
351600,0.0,-6.157000568639892e-38,9959.330659135065,0.9964229611449448,-2.0461814262918113e-19
351660,0.0,-6.167198155678893e-38,9959.330659136744,0.9964229611449272,-2.0495688499654181e-19
351720,0.0,-6.177391526170086e-38,9959.330659138423,0.9964229611449097,-2.0529548741169465e-19
351780,0.0,-6.187580680113492e-38,9959.330659140101,0.9964229611448921,-2.056339498746399e-19
351840,0.0,-6.197765617509081e-38,9959.330659141779,0.9964229611448747,-2.0597227238537699e-19
351900,0.0,-6.207946338356877e-38,9959.330659143454,0.9964229611448572,-2.0631045494390656e-19
351960,0.0,-6.218122842656864e-38,9959.330659145131,0.9964229611448396,-2.066484975502279e-19
352020,0.0,-6.228295130409056e-38,9959.330659146806,0.9964229611448221,-2.069864002043417e-19
352080,0.0,-6.238463201613448e-38,9959.33065914848,0.9964229611448047,-2.073241629062473e-19
352140,0.0,-6.248627056270031e-38,9959.330659150155,0.9964229611447871,-2.0766178565594506e-19
352200,0.0,-6.25878669437882e-38,9959.330659151829,0.9964229611447697,-2.0799926845343527e-19
352260,0.0,-6.268942115939806e-38,9959.3306591535,0.9964229611447522,-2.083366112987176e-19
352320,0.0,-6.279093320952985e-38,9959.330659155172,0.9964229611447347,-2.0867381419179175e-19
352380,0.0,-6.28924030941837e-38,9959.330659156843,0.9964229611447173,-2.09010877132658e-19
352440,0.0,-6.299383081335952e-38,9959.330659158513,0.9964229611446997,-2.0934780012131673e-19
352500,0.0,-6.309521636705734e-38,9959.330659160183,0.9964229611446823,-2.0968458315776762e-19
352560,0.0,-6.319655975527706e-38,9959.330659161853,0.9964229611446649,-2.1002122624201027e-19
352620,0.0,-6.329786097801878e-38,9959.330659163521,0.9964229611446475,-2.103577293740451e-19
352680,0.0,-6.339912003528262e-38,9959.330659165189,0.99642296114463,-2.1069409255387233e-19
352740,0.0,-6.350033692706831e-38,9959.330659166855,0.9964229611446126,-2.1103031578149138e-19
352800,0.0,-6.360151165337606e-38,9959.330659168521,0.9964229611445953,-2.1136639905690294e-19
352860,0.0,-6.370264421420571e-38,9959.330659170188,0.9964229611445778,-2.1170234238010626e-19
352920,0.0,-6.380373460955742e-38,9959.330659171852,0.9964229611445604,-2.1203814575110203e-19
352980,0.0,-6.390478283943112e-38,9959.330659173516,0.996422961144543,-2.1237380916988963e-19
353040,0.0,-6.400578890382674e-38,9959.33065917518,0.9964229611445257,-2.127093326364697e-19
353100,0.0,-6.410675280274441e-38,9959.330659176843,0.9964229611445082,-2.1304471615084155e-19
353160,0.0,-6.420767453618407e-38,9959.330659178506,0.9964229611444909,-2.1337995971300585e-19
353220,0.0,-6.430855410414571e-38,9959.330659180167,0.9964229611444736,-2.1371506332296196e-19
353280,0.0,-6.440939150662928e-38,9959.330659181827,0.9964229611444562,-2.1405002698071022e-19
353340,0.0,-6.451018674363481e-38,9959.330659183488,0.9964229611444388,-2.1438485068625092e-19
353400,0.0,-6.461093981516249e-38,9959.330659185147,0.9964229611444215,-2.1471953443958376e-19
353460,0.0,-6.4711650721212e-38,9959.330659186806,0.9964229611444042,-2.150540782407084e-19
353520,0.0,-6.481231946178358e-38,9959.330659188463,0.9964229611443869,-2.153884820896252e-19
353580,0.0,-6.491294603687707e-38,9959.33065919012,0.9964229611443696,-2.157227459863341e-19
353640,0.0,-6.501353044649261e-38,9959.330659191777,0.9964229611443522,-2.1605686993083545e-19
353700,0.0,-6.511407269063014e-38,9959.330659193432,0.9964229611443349,-2.1639085392312895e-19
353760,0.0,-6.521457276928958e-38,9959.330659195088,0.9964229611443176,-2.1672469796321426e-19
353820,0.0,-6.531503068247109e-38,9959.330659196743,0.9964229611443003,-2.170584020510917e-19
353880,0.0,-6.541544643017457e-38,9959.330659198396,0.9964229611442831,-2.1739196618676156e-19
353940,0.0,-6.551582001239997e-38,9959.33065920005,0.9964229611442658,-2.177253903702236e-19
354000,0.0,-6.561615142914743e-38,9959.330659201703,0.9964229611442486,-2.1805867460147744e-19
354060,0.0,-6.571644068041681e-38,9959.330659203355,0.9964229611442312,-2.1839181888052346e-19
354120,0.0,-6.581668776620831e-38,9959.330659205005,0.996422961144214,-2.1872482320736185e-19
354180,0.0,-6.591689268652166e-38,9959.330659206656,0.9964229611441967,-2.1905768758199204e-19
354240,0.0,-6.601705544135706e-38,9959.330659208306,0.9964229611441795,-2.1939041200441475e-19
354300,0.0,-6.611717603071444e-38,9959.330659209954,0.9964229611441623,-2.197229964746296e-19
354360,0.0,-6.621725445459375e-38,9959.330659211602,0.9964229611441451,-2.200554409926362e-19
354420,0.0,-6.631729071299511e-38,9959.33065921325,0.9964229611441279,-2.2038774555843496e-19
354480,0.0,-6.641728480591838e-38,9959.330659214898,0.9964229611441107,-2.207199101720262e-19
354540,0.0,-6.651723673336379e-38,9959.330659216545,0.9964229611440935,-2.2105193483340953e-19
354600,0.0,-6.661714649533103e-38,9959.330659218189,0.9964229611440762,-2.2138381954258466e-19
354660,0.0,-6.671701409182026e-38,9959.330659219835,0.996422961144059,-2.2171556429955197e-19
354720,0.0,-6.681683952283155e-38,9959.33065922148,0.9964229611440418,-2.2204716910431136e-19
354780,0.0,-6.691662278836482e-38,9959.330659223122,0.9964229611440247,-2.223786339568632e-19
354840,0.0,-6.701636388842008e-38,9959.330659224765,0.9964229611440075,-2.2270995885720727e-19
354900,0.0,-6.711606282299726e-38,9959.330659226407,0.9964229611439904,-2.2304114380534306e-19
354960,0.0,-6.721571959209641e-38,9959.330659228048,0.9964229611439732,-2.23372188801271e-19
355020,0.0,-6.73153341957177e-38,9959.330659229689,0.9964229611439561,-2.237030938449914e-19
355080,0.0,-6.741490663386083e-38,9959.33065923133,0.9964229611439389,-2.240338589365036e-19
355140,0.0,-6.751443690652602e-38,9959.330659232968,0.9964229611439218,-2.2436448407580824e-19
355200,0.0,-6.761392501371313e-38,9959.330659234607,0.9964229611439047,-2.2469496926290475e-19
355260,0.0,-6.771337095542229e-38,9959.330659236246,0.9964229611438876,-2.2502531449779364e-19
355320,0.0,-6.781277473165344e-38,9959.330659237883,0.9964229611438705,-2.2535551978047436e-19
355380,0.0,-6.791213634240649e-38,9959.330659239518,0.9964229611438533,-2.256855851109476e-19
355440,0.0,-6.801145578768162e-38,9959.330659241155,0.9964229611438363,-2.260155104892126e-19
355500,0.0,-6.811073306747871e-38,9959.33065924279,0.9964229611438192,-2.2634529591527002e-19
355560,0.0,-6.82099681817978e-38,9959.330659244424,0.9964229611438021,-2.266749413891193e-19
355620,0.0,-6.830916113063881e-38,9959.33065924606,0.996422961143785,-2.270044469107607e-19
355680,0.0,-6.84083119140018e-38,9959.330659247691,0.9964229611437679,-2.2733381248019455e-19
355740,0.0,-6.850742053188692e-38,9959.330659249325,0.996422961143751,-2.276630380974205e-19
355800,0.0,-6.860648698429388e-38,9959.330659250956,0.9964229611437339,-2.279921237624383e-19
355860,0.0,-6.87055112712229e-38,9959.330659252588,0.9964229611437169,-2.2832106947524823e-19
355920,0.0,-6.880449339267384e-38,9959.330659254218,0.9964229611436998,-2.2864987523585063e-19
355980,0.0,-6.890343334864682e-38,9959.330659255847,0.9964229611436828,-2.289785410442451e-19
356040,0.0,-6.90023311391418e-38,9959.330659257477,0.9964229611436657,-2.2930706690043145e-19
356100,0.0,-6.910118676415868e-38,9959.330659259105,0.9964229611436487,-2.2963545280440986e-19
356160,0.0,-6.920000022369763e-38,9959.330659260731,0.9964229611436317,-2.2996369875618046e-19
356220,0.0,-6.929877151775857e-38,9959.33065926236,0.9964229611436147,-2.302918047557435e-19
356280,0.0,-6.939750064634141e-38,9959.330659263986,0.9964229611435977,-2.306197708030987e-19
356340,0.0,-6.949618760944632e-38,9959.330659265612,0.9964229611435808,-2.3094759689824563e-19
356400,0.0,-6.959483240707321e-38,9959.330659267236,0.9964229611435638,-2.3127528304118505e-19
356460,0.0,-6.969343503922208e-38,9959.33065926886,0.9964229611435468,-2.3160282923191627e-19
356520,0.0,-6.979199550589288e-38,9959.330659270483,0.9964229611435298,-2.3193023547043967e-19
356580,0.0,-6.989051380708566e-38,9959.330659272106,0.9964229611435128,-2.322575017567555e-19
356640,0.0,-6.998898994280055e-38,9959.330659273728,0.9964229611434959,-2.3258462809086345e-19
356700,0.0,-7.00874239130373e-38,9959.33065927535,0.996422961143479,-2.329116144727632e-19
356760,0.0,-7.018581571779611e-38,9959.330659276971,0.9964229611434621,-2.3323846090245513e-19
356820,0.0,-7.028416535707683e-38,9959.33065927859,0.9964229611434451,-2.335651673799395e-19
356880,0.0,-7.038247283087968e-38,9959.330659280211,0.9964229611434282,-2.33891733905216e-19
356940,0.0,-7.048073813920436e-38,9959.330659281828,0.9964229611434112,-2.3421816047828426e-19
357000,0.0,-7.057896128205104e-38,9959.330659283447,0.9964229611433943,-2.345444470991447e-19
357060,0.0,-7.067714225941979e-38,9959.330659285064,0.9964229611433775,-2.3487059376779724e-19
357120,0.0,-7.077528107131049e-38,9959.330659286681,0.9964229611433606,-2.3519660048424226e-19
357180,0.0,-7.08733777177232e-38,9959.330659288296,0.9964229611433437,-2.355224672484794e-19
357240,0.0,-7.097143219865782e-38,9959.330659289912,0.9964229611433268,-2.3584819406050837e-19
357300,0.0,-7.106944451411444e-38,9959.330659291527,0.99642296114331,-2.3617378092032946e-19
357360,0.0,-7.116741466409317e-38,9959.33065929314,0.9964229611432931,-2.3649922782794297e-19
357420,0.0,-7.126534264859375e-38,9959.330659294754,0.9964229611432762,-2.3682453478334866e-19
357480,0.0,-7.136322846761638e-38,9959.330659296365,0.9964229611432593,-2.3714970178654615e-19
357540,0.0,-7.146107212116093e-38,9959.330659297977,0.9964229611432426,-2.3747472883753577e-19
357600,0.0,-7.155887360922753e-38,9959.330659299589,0.9964229611432257,-2.377996159363178e-19
357660,0.0,-7.165663293181613e-38,9959.330659301198,0.9964229611432088,-2.381243630828917e-19
357720,0.0,-7.175435008892663e-38,9959.330659302808,0.9964229611431921,-2.38448970277258e-19
357780,0.0,-7.18520250805592e-38,9959.330659304418,0.9964229611431752,-2.3877343751941617e-19
357840,0.0,-7.194965790671375e-38,9959.330659306026,0.9964229611431584,-2.3909776480936674e-19
357900,0.0,-7.204724856739021e-38,9959.330659307634,0.9964229611431417,-2.3942195214710917e-19
357960,0.0,-7.214479706258873e-38,9959.33065930924,0.9964229611431249,-2.39745999532644e-19
358020,0.0,-7.224230339230917e-38,9959.330659310846,0.996422961143108,-2.400699069659707e-19
358080,0.0,-7.233976755655173e-38,9959.330659312453,0.9964229611430913,-2.403936744470898e-19
358140,0.0,-7.243718955531614e-38,9959.330659314057,0.9964229611430745,-2.407173019760007e-19
358200,0.0,-7.253456938860261e-38,9959.330659315661,0.9964229611430577,-2.410407895527038e-19
358260,0.0,-7.263190705641105e-38,9959.330659317264,0.996422961143041,-2.413641371771993e-19
358320,0.0,-7.272920255874141e-38,9959.330659318868,0.9964229611430243,-2.4168734484948697e-19
358380,0.0,-7.282645589559383e-38,9959.330659320469,0.9964229611430075,-2.420104125695664e-19
358440,0.0,-7.292366706696817e-38,9959.330659322071,0.9964229611429908,-2.42333340337438e-19
358500,0.0,-7.302083607286463e-38,9959.330659323672,0.996422961142974,-2.4265612815310204e-19
358560,0.0,-7.311796291328294e-38,9959.330659325271,0.9964229611429574,-2.429787760165579e-19
358620,0.0,-7.321504758822323e-38,9959.330659326872,0.9964229611429406,-2.4330128392780624e-19
358680,0.0,-7.331209009768559e-38,9959.330659328469,0.996422961142924,-2.4362365188684635e-19
358740,0.0,-7.340909044166991e-38,9959.330659330068,0.9964229611429072,-2.439458798936789e-19
358800,0.0,-7.350604862017624e-38,9959.330659331665,0.9964229611428905,-2.4426796794830326e-19
358860,0.0,-7.360296463320448e-38,9959.330659333262,0.9964229611428739,-2.4458991605072016e-19
358920,0.0,-7.369983848075471e-38,9959.330659334857,0.9964229611428572,-2.449117242009288e-19
358980,0.0,-7.379667016282705e-38,9959.330659336452,0.9964229611428405,-2.4523339239892987e-19
359040,0.0,-7.389345967942125e-38,9959.330659338048,0.9964229611428238,-2.455549206447228e-19
359100,0.0,-7.39902070305375e-38,9959.330659339641,0.9964229611428072,-2.4587630893830783e-19
359160,0.0,-7.408691221617566e-38,9959.330659341234,0.9964229611427905,-2.4619755727968535e-19
359220,0.0,-7.418357523633587e-38,9959.330659342826,0.996422961142774,-2.4651866566885495e-19
359280,0.0,-7.428019609101809e-38,9959.330659344418,0.9964229611427573,-2.468396341058164e-19
359340,0.0,-7.437677478022221e-38,9959.33065934601,0.9964229611427406,-2.471604625905699e-19
359400,0.0,-7.44733113039484e-38,9959.330659347599,0.996422961142724,-2.4748115112311597e-19
359460,0.0,-7.456980566219655e-38,9959.330659349189,0.9964229611427075,-2.478016997034541e-19
359520,0.0,-7.466625785496671e-38,9959.330659350779,0.9964229611426908,-2.481221083315841e-19
359580,0.0,-7.476266788225877e-38,9959.330659352367,0.9964229611426743,-2.484423770075062e-19
359640,0.0,-7.485903574407283e-38,9959.330659353955,0.9964229611426576,-2.487625057312204e-19
359700,0.0,-7.495536144040901e-38,9959.33065935554,0.9964229611426411,-2.4908249450272707e-19
359760,0.0,-7.505164497126703e-38,9959.330659357127,0.9964229611426245,-2.494023433220259e-19
359820,0.0,-7.514788633664711e-38,9959.330659358713,0.9964229611426079,-2.497220521891165e-19
359880,0.0,-7.52440855365491e-38,9959.330659360297,0.9964229611425913,-2.500416211039993e-19
359940,0.0,-7.534024257097315e-38,9959.330659361882,0.9964229611425748,-2.503610500666745e-19
360000,0.0,-7.54363574399192e-38,9959.330659363464,0.9964229611425582,-2.506803390771415e-19
360060,0.0,-7.553243014338715e-38,9959.330659365047,0.9964229611425417,-2.50999488135401e-19
360120,0.0,-7.562846068137716e-38,9959.33065936663,0.9964229611425252,-2.513184972414523e-19
360180,0.0,-7.572444905388915e-38,9959.330659368212,0.9964229611425086,-2.51637366395296e-19
360240,0.0,-7.582039526092306e-38,9959.330659369793,0.9964229611424922,-2.519560955969315e-19
360300,0.0,-7.591629930247903e-38,9959.330659371371,0.9964229611424756,-2.5227468484635957e-19
360360,0.0,-7.601216117855698e-38,9959.33065937295,0.9964229611424591,-2.5259313414357966e-19
360420,0.0,-7.610798088915692e-38,9959.33065937453,0.9964229611424427,-2.529114434885916e-19
360480,0.0,-7.620375843427877e-38,9959.330659376108,0.9964229611424261,-2.532296128813957e-19
360540,0.0,-7.629949381392261e-38,9959.330659377685,0.9964229611424097,-2.535476423219919e-19
360600,0.0,-7.639518702808857e-38,9959.330659379262,0.9964229611423931,-2.5386553181038054e-19
360660,0.0,-7.649083807677638e-38,9959.330659380837,0.9964229611423767,-2.5418328134656135e-19
360720,0.0,-7.658644695998626e-38,9959.330659382413,0.9964229611423603,-2.5450089093053395e-19
360780,0.0,-7.668201367771803e-38,9959.330659383986,0.9964229611423439,-2.548183605622987e-19
360840,0.0,-7.677753822997194e-38,9959.330659385561,0.9964229611423274,-2.5513569024185585e-19
360900,0.0,-7.687302061674769e-38,9959.330659387133,0.996422961142311,-2.554528799692052e-19
360960,0.0,-7.696846083804543e-38,9959.330659388706,0.9964229611422946,-2.5576992974434633e-19
361020,0.0,-7.706385889386524e-38,9959.330659390278,0.9964229611422781,-2.560868395672796e-19
361080,0.0,-7.715921478420701e-38,9959.33065939185,0.9964229611422617,-2.564036094380053e-19
361140,0.0,-7.725452850907078e-38,9959.33065939342,0.9964229611422453,-2.5672023935652283e-19
361200,0.0,-7.734980006845646e-38,9959.33065939499,0.9964229611422288,-2.570367293228328e-19
361260,0.0,-7.744502946236413e-38,9959.330659396557,0.9964229611422125,-2.573530793369346e-19
361320,0.0,-7.754021669079392e-38,9959.330659398125,0.9964229611421961,-2.576692893988288e-19
361380,0.0,-7.763536175374556e-38,9959.330659399693,0.9964229611421797,-2.5798535950851484e-19
361440,0.0,-7.773046465121926e-38,9959.330659401261,0.9964229611421633,-2.5830128966599305e-19
361500,0.0,-7.782552538321487e-38,9959.330659402827,0.996422961142147,-2.5861707987126373e-19
361560,0.0,-7.792054394973254e-38,9959.330659404392,0.9964229611421306,-2.5893273012432644e-19
361620,0.0,-7.801552035077219e-38,9959.330659405958,0.9964229611421143,-2.5924824042518105e-19
361680,0.0,-7.811045458633376e-38,9959.33065940752,0.9964229611420979,-2.5956361077382774e-19
361740,0.0,-7.820534665641739e-38,9959.330659409085,0.9964229611420816,-2.5987884117026695e-19
361800,0.0,-7.8300196561023e-38,9959.330659410647,0.9964229611420653,-2.601939316144982e-19
361860,0.0,-7.839500430015053e-38,9959.33065941221,0.9964229611420489,-2.6050888210652134e-19
361920,0.0,-7.848976987380011e-38,9959.33065941377,0.9964229611420327,-2.6082369264633656e-19
361980,0.0,-7.85844932819716e-38,9959.330659415331,0.9964229611420163,-2.611383632339439e-19
362040,0.0,-7.867917452466522e-38,9959.330659416892,0.996422961142,-2.6145289386934375e-19
362100,0.0,-7.877381360188069e-38,9959.33065941845,0.9964229611419837,-2.617672845525357e-19
362160,0.0,-7.886841051361823e-38,9959.33065942001,0.9964229611419674,-2.6208153528351947e-19
362220,0.0,-7.896296525987773e-38,9959.330659421566,0.9964229611419512,-2.6239564606229566e-19
362280,0.0,-7.905747784065916e-38,9959.330659423124,0.9964229611419348,-2.627096168888637e-19
362340,0.0,-7.915194825596264e-38,9959.33065942468,0.9964229611419186,-2.630234477632242e-19
362400,0.0,-7.924637650578805e-38,9959.330659426236,0.9964229611419023,-2.6333713868537648e-19
362460,0.0,-7.934076259013557e-38,9959.330659427791,0.9964229611418861,-2.6365068965532124e-19
362520,0.0,-7.943510650900494e-38,9959.330659429346,0.9964229611418699,-2.639641006730578e-19
362580,0.0,-7.952940826239629e-38,9959.3306594309,0.9964229611418536,-2.642773717385865e-19
362640,0.0,-7.96236678503097e-38,9959.330659432453,0.9964229611418374,-2.645905028519076e-19
362700,0.0,-7.971788527274509e-38,9959.330659434005,0.9964229611418212,-2.649034940130209e-19
362760,0.0,-7.981206052970249e-38,9959.330659435556,0.996422961141805,-2.6521634522192596e-19
362820,0.0,-7.990619362118179e-38,9959.330659437108,0.9964229611417887,-2.655290564786232e-19
362880,0.0,-8.000028454718307e-38,9959.330659438658,0.9964229611417725,-2.6584162778311255e-19
362940,0.0,-8.009433330770648e-38,9959.330659440207,0.9964229611417563,-2.6615405913539434e-19
363000,0.0,-8.018833990275173e-38,9959.330659441757,0.9964229611417402,-2.6646635053546825e-19
363060,0.0,-8.028230433231905e-38,9959.330659443305,0.996422961141724,-2.66778501983334e-19
363120,0.0,-8.037622659640828e-38,9959.330659444853,0.9964229611417078,-2.670905134789919e-19
363180,0.0,-8.047010669501955e-38,9959.3306594464,0.9964229611416917,-2.674023850224422e-19
363240,0.0,-8.056394462815283e-38,9959.330659447945,0.9964229611416755,-2.677141166136847e-19
363300,0.0,-8.065774039580801e-38,9959.330659449492,0.9964229611416594,-2.6802570825271893e-19
363360,0.0,-8.075149399798526e-38,9959.330659451036,0.9964229611416432,-2.6833715993954537e-19
363420,0.0,-8.084520543468448e-38,9959.33065945258,0.9964229611416271,-2.686484716741642e-19
363480,0.0,-8.09388747059057e-38,9959.330659454123,0.996422961141611,-2.6895964345657487e-19
363540,0.0,-8.103250181164882e-38,9959.330659455667,0.9964229611415948,-2.69270675286778e-19
363600,0.0,-8.112608675191394e-38,9959.330659457208,0.9964229611415787,-2.695815671647729e-19
363660,0.0,-8.121962952670118e-38,9959.33065945875,0.9964229611415626,-2.698923190905603e-19
363720,0.0,-8.131313013601026e-38,9959.330659460291,0.9964229611415465,-2.702029310641395e-19
363780,0.0,-8.14065885798414e-38,9959.33065946183,0.9964229611415304,-2.7051340308551113e-19
363840,0.0,-8.150000485819446e-38,9959.330659463369,0.9964229611415143,-2.7082373515467463e-19
363900,0.0,-8.159337897106957e-38,9959.330659464908,0.9964229611414983,-2.711339272716305e-19
363960,0.0,-8.168671091846667e-38,9959.330659466446,0.9964229611414822,-2.714439794363782e-19
364020,0.0,-8.178000070038569e-38,9959.330659467983,0.9964229611414661,-2.7175389164891808e-19
364080,0.0,-8.187324831682676e-38,9959.33065946952,0.9964229611414501,-2.720636639092504e-19
364140,0.0,-8.196645376778981e-38,9959.330659471056,0.996422961141434,-2.723732962173748e-19
364200,0.0,-8.205961705327479e-38,9959.330659472591,0.996422961141418,-2.7268278857329106e-19
364260,0.0,-8.215273817328182e-38,9959.330659474124,0.9964229611414019,-2.7299214097699944e-19
364320,0.0,-8.224581712781083e-38,9959.33065947566,0.996422961141386,-2.7330135342850025e-19
364380,0.0,-8.233885391686183e-38,9959.330659477191,0.99642296114137,-2.736104259277929e-19
364440,0.0,-8.243184854043475e-38,9959.330659478725,0.9964229611413539,-2.7391935847487803e-19
364500,0.0,-8.252480099852972e-38,9959.330659480256,0.9964229611413379,-2.7422815106975495e-19
364560,0.0,-8.261771129114667e-38,9959.330659481786,0.9964229611413219,-2.745368037124243e-19
364620,0.0,-8.271057941828554e-38,9959.330659483318,0.9964229611413059,-2.748453164028855e-19
364680,0.0,-8.280340537994648e-38,9959.330659484847,0.9964229611412899,-2.751536891411391e-19
364740,0.0,-8.289618917612932e-38,9959.330659486375,0.9964229611412739,-2.7546192192718454e-19
364800,0.0,-8.298893080683428e-38,9959.330659487903,0.996422961141258,-2.757700147610224e-19
364860,0.0,-8.30816302720611e-38,9959.330659489431,0.9964229611412421,-2.760779676426521e-19
364920,0.0,-8.31742875718099e-38,9959.330659490957,0.9964229611412261,-2.7638578057207395e-19
364980,0.0,-8.326690270608077e-38,9959.330659492483,0.9964229611412101,-2.7669345354928822e-19
365040,0.0,-8.33594756748736e-38,9959.33065949401,0.9964229611411942,-2.7700098657429464e-19
365100,0.0,-8.345200647818843e-38,9959.330659495534,0.9964229611411782,-2.7730837964709284e-19
365160,0.0,-8.354449511602518e-38,9959.330659497058,0.9964229611411624,-2.7761563276768323e-19
365220,0.0,-8.363694158838391e-38,9959.330659498582,0.9964229611411464,-2.7792274593606604e-19
365280,0.0,-8.372934589526476e-38,9959.330659500105,0.9964229611411305,-2.78229719152241e-19
365340,0.0,-8.382170803666746e-38,9959.330659501627,0.9964229611411146,-2.7853655241620773e-19
365400,0.0,-8.391402801259223e-38,9959.330659503148,0.9964229611410987,-2.788432457279666e-19
365460,0.0,-8.40063058230389e-38,9959.330659504669,0.9964229611410829,-2.791497990875176e-19
365520,0.0,-8.409854146800762e-38,9959.330659506188,0.996422961141067,-2.794562124948611e-19
365580,0.0,-8.419073494749835e-38,9959.330659507708,0.9964229611410511,-2.797624859499967e-19
365640,0.0,-8.428288626151097e-38,9959.330659509227,0.9964229611410352,-2.800686194529241e-19
365700,0.0,-8.437499541004566e-38,9959.330659510744,0.9964229611410194,-2.8037461300364366e-19
365760,0.0,-8.446706239310232e-38,9959.330659512261,0.9964229611410035,-2.806804666021556e-19
365820,0.0,-8.455908721068099e-38,9959.330659513778,0.9964229611409876,-2.8098618024845943e-19
365880,0.0,-8.465106986278157e-38,9959.330659515294,0.9964229611409718,-2.812917539425557e-19
365940,0.0,-8.474301034940413e-38,9959.330659516809,0.996422961140956,-2.815971876844438e-19
366000,0.0,-8.483490867054881e-38,9959.330659518324,0.9964229611409401,-2.819024814741243e-19
366060,0.0,-8.492676482621534e-38,9959.330659519837,0.9964229611409243,-2.8220763531159664e-19
366120,0.0,-8.501857881640393e-38,9959.33065952135,0.9964229611409086,-2.8251264919686145e-19
366180,0.0,-8.511035064111449e-38,9959.330659522862,0.9964229611408927,-2.8281752312991835e-19
366240,0.0,-8.520208030034699e-38,9959.330659524374,0.9964229611408769,-2.831222571107671e-19
366300,0.0,-8.529376779410154e-38,9959.330659525885,0.9964229611408612,-2.8342685113940797e-19
366360,0.0,-8.5385413122378e-38,9959.330659527395,0.9964229611408454,-2.8373130521584094e-19
366420,0.0,-8.547701628517657e-38,9959.330659528905,0.9964229611408296,-2.8403561934006637e-19
366480,0.0,-8.556857728249701e-38,9959.330659530413,0.9964229611408139,-2.84339793512084e-19
366540,0.0,-8.566009611433943e-38,9959.33065953192,0.9964229611407981,-2.8464382773189335e-19
366600,0.0,-8.575157278070391e-38,9959.330659533429,0.9964229611407823,-2.849477219994949e-19
366660,0.0,-8.584300728159036e-38,9959.330659534937,0.9964229611407666,-2.8525147631488887e-19
366720,0.0,-8.59343996169988e-38,9959.330659536443,0.9964229611407508,-2.8555509067807497e-19
366780,0.0,-8.602574978692917e-38,9959.330659537947,0.996422961140735,-2.8585856508905287e-19
366840,0.0,-8.611705779138152e-38,9959.330659539452,0.9964229611407194,-2.8616189954782295e-19
366900,0.0,-8.620832363035599e-38,9959.330659540956,0.9964229611407036,-2.864650940543854e-19
366960,0.0,-8.62995473038523e-38,9959.33065954246,0.996422961140688,-2.8676814860873975e-19
367020,0.0,-8.639072881187069e-38,9959.330659543963,0.9964229611406722,-2.870710632108865e-19
367080,0.0,-8.648186815441098e-38,9959.330659545465,0.9964229611406565,-2.873738378608251e-19
367140,0.0,-8.657296533147338e-38,9959.330659546966,0.9964229611406409,-2.876764725585561e-19
367200,0.0,-8.666402034305765e-38,9959.330659548466,0.9964229611406251,-2.8797896730407896e-19
367260,0.0,-8.67550331891639e-38,9959.330659549967,0.9964229611406095,-2.8828132209739426e-19
367320,0.0,-8.68460038697922e-38,9959.330659551466,0.9964229611405938,-2.8858353693850136e-19
367380,0.0,-8.693693238494249e-38,9959.330659552965,0.9964229611405782,-2.888856118274009e-19
367440,0.0,-8.702781873461476e-38,9959.330659554462,0.9964229611405625,-2.891875467640923e-19
367500,0.0,-8.711866291880895e-38,9959.330659555959,0.9964229611405468,-2.894893417485758e-19
367560,0.0,-8.720946493752513e-38,9959.330659557456,0.9964229611405312,-2.8979099678085177e-19
367620,0.0,-8.730022479076342e-38,9959.330659558951,0.9964229611405157,-2.9009251186091983e-19
367680,0.0,-8.739094247852358e-38,9959.330659560446,0.9964229611405,-2.9039388698877973e-19
367740,0.0,-8.748161800080578e-38,9959.330659561942,0.9964229611404843,-2.906951221644317e-19
367800,0.0,-8.757225135760991e-38,9959.330659563435,0.9964229611404688,-2.909962173878759e-19
367860,0.0,-8.766284254893607e-38,9959.330659564926,0.9964229611404531,-2.912971726591125e-19
367920,0.0,-8.775339157478424e-38,9959.33065956642,0.9964229611404376,-2.9159798797814125e-19
367980,0.0,-8.784389843515431e-38,9959.330659567911,0.996422961140422,-2.918986633449618e-19
368040,0.0,-8.793436313004645e-38,9959.330659569403,0.9964229611404064,-2.921991987595745e-19
368100,0.0,-8.802478565946056e-38,9959.330659570893,0.9964229611403909,-2.924995942219796e-19
368160,0.0,-8.81151660233966e-38,9959.330659572383,0.9964229611403753,-2.927998497321769e-19
368220,0.0,-8.820550422185469e-38,9959.33065957387,0.9964229611403597,-2.93099965290166e-19
368280,0.0,-8.829580025483475e-38,9959.330659575358,0.9964229611403441,-2.933999408959475e-19
368340,0.0,-8.838605412233682e-38,9959.330659576846,0.9964229611403286,-2.9369977654952086e-19
368400,0.0,-8.84762658243608e-38,9959.330659578334,0.996422961140313,-2.939994722508863e-19
368460,0.0,-8.856643536090683e-38,9959.33065957982,0.9964229611402976,-2.942990280000443e-19
368520,0.0,-8.865656273197485e-38,9959.330659581305,0.9964229611402821,-2.945984437969943e-19
368580,0.0,-8.874664793756478e-38,9959.330659582789,0.9964229611402665,-2.948977196417362e-19
368640,0.0,-8.883669097767678e-38,9959.330659584273,0.996422961140251,-2.951968555342702e-19
368700,0.0,-8.892669185231069e-38,9959.330659585758,0.9964229611402355,-2.9549585147459666e-19
368760,0.0,-8.901665056146671e-38,9959.33065958724,0.99642296114022,-2.9579470746271525e-19
368820,0.0,-8.910656710514459e-38,9959.33065958872,0.9964229611402046,-2.9609342349862565e-19
368880,0.0,-8.919644148334446e-38,9959.330659590203,0.996422961140189,-2.9639199958232817e-19
368940,0.0,-8.928627369606637e-38,9959.330659591684,0.9964229611401736,-2.966904357138229e-19
369000,0.0,-8.937606374331028e-38,9959.330659593163,0.9964229611401582,-2.9698873189310996e-19
369060,0.0,-8.946581162507617e-38,9959.330659594643,0.9964229611401427,-2.972868881201892e-19
369120,0.0,-8.955551734136398e-38,9959.33065959612,0.9964229611401272,-2.975849043950603e-19
369180,0.0,-8.964518089217377e-38,9959.3306595976,0.9964229611401118,-2.9788278071772347e-19
369240,0.0,-8.973480227750568e-38,9959.330659599076,0.9964229611400963,-2.981805170881791e-19
369300,0.0,-8.982438149735945e-38,9959.330659600553,0.9964229611400809,-2.9847811350642654e-19
369360,0.0,-8.991391855173527e-38,9959.330659602028,0.9964229611400655,-2.9877556997246647e-19
369420,0.0,-9.000341344063302e-38,9959.330659603504,0.9964229611400501,-2.990728864862982e-19
369480,0.0,-9.009286616405279e-38,9959.330659604977,0.9964229611400347,-2.9937006304792235e-19
369540,0.0,-9.018227672199458e-38,9959.33065960645,0.9964229611400193,-2.9966709965733834e-19
369600,0.0,-9.027164511445827e-38,9959.330659607924,0.9964229611400038,-2.999639963145468e-19
369660,0.0,-9.036097134144403e-38,9959.330659609397,0.9964229611399885,-3.00260753019547e-19
369720,0.0,-9.045025540295174e-38,9959.330659610869,0.9964229611399731,-3.005573697723397e-19
369780,0.0,-9.053949729898147e-38,9959.330659612338,0.9964229611399578,-3.0085384657292423e-19
369840,0.0,-9.062869702953311e-38,9959.33065961381,0.9964229611399424,-3.011501834213009e-19
369900,0.0,-9.071785459460674e-38,9959.330659615278,0.996422961139927,-3.0144638031746998e-19
369960,0.0,-9.080696999420247e-38,9959.330659616748,0.9964229611399117,-3.017424372614312e-19
370020,0.0,-9.089604322832007e-38,9959.330659618216,0.9964229611398964,-3.020383542531842e-19
370080,0.0,-9.098507429695972e-38,9959.330659619684,0.996422961139881,-3.023341312927294e-19
370140,0.0,-9.107406320012129e-38,9959.33065962115,0.9964229611398657,-3.02629768380067e-19
370200,0.0,-9.11630099378049e-38,9959.330659622616,0.9964229611398504,-3.0292526551519677e-19
370260,0.0,-9.125191451001052e-38,9959.330659624082,0.9964229611398351,-3.032206226981183e-19
370320,0.0,-9.134077691673803e-38,9959.330659625546,0.9964229611398198,-3.0351583992883205e-19
370380,0.0,-9.142959715798767e-38,9959.33065962701,0.9964229611398044,-3.0381091720733815e-19
370440,0.0,-9.151837523375918e-38,9959.330659628473,0.9964229611397891,-3.0410585453363615e-19
370500,0.0,-9.160711114405265e-38,9959.330659629935,0.9964229611397739,-3.0440065190772657e-19
370560,0.0,-9.169580488886819e-38,9959.330659631398,0.9964229611397586,-3.046953093296088e-19
370620,0.0,-9.17844564682057e-38,9959.330659632858,0.9964229611397434,-3.049898267992834e-19
370680,0.0,-9.187306588206522e-38,9959.330659634319,0.9964229611397281,-3.0528420431674995e-19
370740,0.0,-9.196163313044664e-38,9959.33065963578,0.9964229611397128,-3.0557844188200857e-19
370800,0.0,-9.205015821335005e-38,9959.330659637239,0.9964229611396975,-3.0587253949505966e-19
370860,0.0,-9.213864113077558e-38,9959.330659638697,0.9964229611396823,-3.0616649715590283e-19
370920,0.0,-9.222708188272296e-38,9959.330659640154,0.9964229611396671,-3.0646031486453785e-19
370980,0.0,-9.23154804691924e-38,9959.330659641611,0.9964229611396519,-3.06753992620965e-19
371040,0.0,-9.240383689018375e-38,9959.330659643068,0.9964229611396367,-3.070475304251846e-19
371100,0.0,-9.249215114569723e-38,9959.330659644524,0.9964229611396215,-3.0734092827719632e-19
371160,0.0,-9.258042323573255e-38,9959.330659645979,0.9964229611396063,-3.076341861769999e-19
371220,0.0,-9.266865316028986e-38,9959.330659647434,0.9964229611395911,-3.0792730412459556e-19
371280,0.0,-9.275684091936922e-38,9959.330659648887,0.9964229611395758,-3.082202821199834e-19
371340,0.0,-9.284498651297057e-38,9959.33065965034,0.9964229611395606,-3.0851312016316357e-19
371400,0.0,-9.293308994109391e-38,9959.330659651792,0.9964229611395455,-3.08805818254136e-19
371460,0.0,-9.302115120373917e-38,9959.330659653244,0.9964229611395303,-3.090983763929002e-19
371520,0.0,-9.31091703009064e-38,9959.330659654695,0.9964229611395152,-3.0939079457945657e-19
371580,0.0,-9.319714723259576e-38,9959.330659656145,0.9964229611395,-3.096830728138053e-19
371640,0.0,-9.328508199880697e-38,9959.330659657595,0.9964229611394849,-3.0997521109594625e-19
371700,0.0,-9.337297459954024e-38,9959.330659659045,0.9964229611394697,-3.1026720942587895e-19
371760,0.0,-9.346082503479543e-38,9959.330659660493,0.9964229611394546,-3.1055906780360384e-19
371820,0.0,-9.354863330457266e-38,9959.330659661939,0.9964229611394395,-3.108507862291211e-19
371880,0.0,-9.363639940887188e-38,9959.330659663387,0.9964229611394244,-3.1114236470243025e-19
371940,0.0,-9.372412334769302e-38,9959.330659664833,0.9964229611394093,-3.1143380322353183e-19
372000,0.0,-9.381180512103622e-38,9959.330659666277,0.9964229611393941,-3.1172510179242525e-19
372060,0.0,-9.389944472890139e-38,9959.330659667723,0.9964229611393791,-3.1201626040911105e-19
372120,0.0,-9.398704217128849e-38,9959.330659669165,0.996422961139364,-3.1230727907358873e-19
372180,0.0,-9.407459744819764e-38,9959.33065967061,0.9964229611393489,-3.125981577858585e-19
372240,0.0,-9.416211055962878e-38,9959.330659672052,0.9964229611393338,-3.128888965459207e-19
372300,0.0,-9.42495815055819e-38,9959.330659673495,0.9964229611393187,-3.131794953537751e-19
372360,0.0,-9.433701028605695e-38,9959.330659674935,0.9964229611393037,-3.134699542094213e-19
372420,0.0,-9.442439690105403e-38,9959.330659676376,0.9964229611392886,-3.137602731128596e-19
372480,0.0,-9.45117413505731e-38,9959.330659677815,0.9964229611392736,-3.1405045206409034e-19
372540,0.0,-9.459904363461411e-38,9959.330659679255,0.9964229611392585,-3.1434049106311325e-19
372600,0.0,-9.468630375317717e-38,9959.330659680692,0.9964229611392436,-3.1463039010992796e-19
372660,0.0,-9.477352170626215e-38,9959.330659682131,0.9964229611392285,-3.149201492045348e-19
372720,0.0,-9.486069749386923e-38,9959.330659683568,0.9964229611392135,-3.1520976834693407e-19
372780,0.0,-9.494783111599817e-38,9959.330659685005,0.9964229611391985,-3.1549924753712518e-19
372840,0.0,-9.50349225726491e-38,9959.33065968644,0.9964229611391835,-3.1578858677510875e-19
372900,0.0,-9.512197186382208e-38,9959.330659687876,0.9964229611391685,-3.1607778606088413e-19
372960,0.0,-9.520897898951704e-38,9959.330659689309,0.9964229611391535,-3.1636684539445193e-19
373020,0.0,-9.5295943949734e-38,9959.330659690742,0.9964229611391385,-3.166557647758115e-19
373080,0.0,-9.538286674447287e-38,9959.330659692176,0.9964229611391235,-3.1694454420496364e-19
373140,0.0,-9.546974737373373e-38,9959.330659693609,0.9964229611391086,-3.1723318368190755e-19
373200,0.0,-9.55565858375167e-38,9959.33065969504,0.9964229611390936,-3.175216832066439e-19
373260,0.0,-9.564338213582152e-38,9959.33065969647,0.9964229611390787,-3.17810042779172e-19
373320,0.0,-9.57301362686484e-38,9959.3306596979,0.9964229611390637,-3.180982623994923e-19
373380,0.0,-9.58168482359972e-38,9959.33065969933,0.9964229611390488,-3.1838634206760505e-19
373440,0.0,-9.590351803786805e-38,9959.33065970076,0.9964229611390338,-3.186742817835099e-19
373500,0.0,-9.59901456742609e-38,9959.330659702187,0.996422961139019,-3.1896208154720663e-19
373560,0.0,-9.607673114517565e-38,9959.330659703615,0.996422961139004,-3.1924974135869543e-19
373620,0.0,-9.616327445061245e-38,9959.330659705041,0.9964229611389891,-3.195372612179764e-19
373680,0.0,-9.624977559057124e-38,9959.330659706467,0.9964229611389742,-3.1982464112504976e-19
373740,0.0,-9.633623456505203e-38,9959.330659707894,0.9964229611389593,-3.201118810799153e-19
373800,0.0,-9.642265137405474e-38,9959.330659709318,0.9964229611389445,-3.2039898108257267e-19
373860,0.0,-9.650902601757943e-38,9959.330659710742,0.9964229611389296,-3.2068594113302214e-19
373920,0.0,-9.659535849562623e-38,9959.330659712165,0.9964229611389147,-3.20972761231264e-19
373980,0.0,-9.668164880819489e-38,9959.330659713587,0.9964229611388998,-3.212594413772981e-19
374040,0.0,-9.67678969552856e-38,9959.33065971501,0.996422961138885,-3.21545981571124e-19
374100,0.0,-9.685410293689821e-38,9959.33065971643,0.9964229611388701,-3.21832381812742e-19
374160,0.0,-9.69402667530329e-38,9959.33065971785,0.9964229611388553,-3.2211864210215242e-19
374220,0.0,-9.702638840368958e-38,9959.330659719271,0.9964229611388404,-3.224047624393547e-19
374280,0.0,-9.711246788886815e-38,9959.33065972069,0.9964229611388256,-3.2269074282434943e-19
374340,0.0,-9.719850520856885e-38,9959.330659722109,0.9964229611388108,-3.2297658325713625e-19
374400,0.0,-9.72845003627914e-38,9959.330659723526,0.9964229611387959,-3.232622837377149e-19
374460,0.0,-9.737045335153597e-38,9959.330659724943,0.9964229611387811,-3.235478442660857e-19
374520,0.0,-9.745636417480255e-38,9959.33065972636,0.9964229611387664,-3.23833264842249e-19
374580,0.0,-9.754223283259114e-38,9959.330659727775,0.9964229611387516,-3.2411854546620434e-19
374640,0.0,-9.762805932490171e-38,9959.33065972919,0.9964229611387367,-3.2440368613795154e-19
374700,0.0,-9.771384365173418e-38,9959.330659730604,0.996422961138722,-3.246886868574909e-19
374760,0.0,-9.779958581308874e-38,9959.330659732019,0.9964229611387072,-3.2497354762482234e-19
374820,0.0,-9.788528580896526e-38,9959.33065973343,0.9964229611386924,-3.252582684399462e-19
374880,0.0,-9.79709436393637e-38,9959.330659734844,0.9964229611386777,-3.2554284930286226e-19
374940,0.0,-9.80565593042842e-38,9959.330659736255,0.9964229611386629,-3.2582729021357013e-19
375000,0.0,-9.814213280372661e-38,9959.330659737665,0.9964229611386483,-3.261115911720701e-19
375060,0.0,-9.822766413769115e-38,9959.330659739077,0.9964229611386335,-3.263957521783625e-19
375120,0.0,-9.831315330617754e-38,9959.330659740484,0.9964229611386187,-3.2667977323244706e-19
375180,0.0,-9.839860030918592e-38,9959.330659741894,0.9964229611386041,-3.2696365433432346e-19
375240,0.0,-9.848400514671634e-38,9959.330659743302,0.9964229611385893,-3.27247395483992e-19
375300,0.0,-9.856936781876874e-38,9959.33065974471,0.9964229611385746,-3.275309966814529e-19
375360,0.0,-9.865468832534314e-38,9959.330659746116,0.9964229611385599,-3.278144579267057e-19
375420,0.0,-9.873996666643947e-38,9959.330659747522,0.9964229611385452,-3.2809777921975094e-19
375480,0.0,-9.882520284205776e-38,9959.330659748928,0.9964229611385306,-3.2838096056058796e-19
375540,0.0,-9.891039685219817e-38,9959.330659750332,0.9964229611385159,-3.286640019492174e-19
375600,0.0,-9.899554869686045e-38,9959.330659751737,0.9964229611385012,-3.2894690338563874e-19
375660,0.0,-9.908065837604479e-38,9959.33065975314,0.9964229611384865,-3.2922966486985217e-19
375720,0.0,-9.916572588975103e-38,9959.330659754542,0.9964229611384718,-3.2951228640185806e-19
375780,0.0,-9.925075123797931e-38,9959.330659755944,0.9964229611384572,-3.2979476798165604e-19
375840,0.0,-9.93357344207296e-38,9959.330659757345,0.9964229611384426,-3.300771096092459e-19
375900,0.0,-9.94206754380018e-38,9959.330659758745,0.996422961138428,-3.3035931128462787e-19
375960,0.0,-9.950557428979606e-38,9959.330659760146,0.9964229611384133,-3.306413730078023e-19
376020,0.0,-9.95904309761123e-38,9959.330659761545,0.9964229611383987,-3.309232947787688e-19
376080,0.0,-9.967524549695054e-38,9959.330659762943,0.9964229611383841,-3.3120507659752716e-19
376140,0.0,-9.976001785231068e-38,9959.33065976434,0.9964229611383695,-3.3148671846407766e-19
376200,0.0,-9.984474804219286e-38,9959.330659765737,0.9964229611383549,-3.3176822037842057e-19
376260,0.0,-9.992943606659705e-38,9959.330659767134,0.9964229611383403,-3.3204958234055533e-19
376320,0.0,-1.0001408192552316e-37,9959.33065976853,0.9964229611383257,-3.323308043504825e-19
376380,0.0,-1.0009868561897131e-37,9959.330659769925,0.9964229611383112,-3.3261188640820153e-19
376440,0.0,-1.0018324714694145e-37,9959.330659771318,0.9964229611382965,-3.32892828513713e-19
376500,0.0,-1.002677665094335e-37,9959.330659772713,0.996422961138282,-3.3317363066701627e-19
376560,0.0,-1.0035224370644763e-37,9959.330659774105,0.9964229611382674,-3.3345429286811204e-19
376620,0.0,-1.0043667873798367e-37,9959.330659775498,0.9964229611382529,-3.3373481511699955e-19
376680,0.0,-1.0052107160404182e-37,9959.33065977689,0.9964229611382384,-3.3401519741367953e-19
376740,0.0,-1.006054223046218e-37,9959.33065977828,0.9964229611382238,-3.3429543975815136e-19
376800,0.0,-1.006897308397238e-37,9959.33065977967,0.9964229611382093,-3.3457554215041527e-19
376860,0.0,-1.0077399720934786e-37,9959.330659781059,0.9964229611381948,-3.348555045904717e-19
376920,0.0,-1.0085822141349388e-37,9959.330659782448,0.9964229611381803,-3.3513532707832017e-19
376980,0.0,-1.009424034521619e-37,9959.330659783836,0.9964229611381658,-3.3541500961396053e-19
377040,0.0,-1.0102654332535182e-37,9959.330659785224,0.9964229611381513,-3.3569455219739297e-19
377100,0.0,-1.0111064103306375e-37,9959.33065978661,0.9964229611381368,-3.359739548286176e-19
377160,0.0,-1.0119469657529778e-37,9959.330659787996,0.9964229611381223,-3.362532175076346e-19
377220,0.0,-1.0127870995205367e-37,9959.330659789382,0.9964229611381078,-3.365323402344438e-19
377280,0.0,-1.013626811633316e-37,9959.330659790767,0.9964229611380934,-3.368113230090448e-19
377340,0.0,-1.0144661020913148e-37,9959.330659792151,0.9964229611380789,-3.3709016583143793e-19
377400,0.0,-1.0153049708945345e-37,9959.330659793533,0.9964229611380645,-3.3736886870162347e-19
377460,0.0,-1.0161434180429729e-37,9959.330659794916,0.99642296113805,-3.376474316196012e-19
377520,0.0,-1.0169814435366311e-37,9959.330659796298,0.9964229611380355,-3.379258545853707e-19
377580,0.0,-1.0178190473755098e-37,9959.330659797679,0.9964229611380211,-3.382041375989324e-19
377640,0.0,-1.0186562295596083e-37,9959.33065979906,0.9964229611380068,-3.3848228066028646e-19
377700,0.0,-1.0194929900889267e-37,9959.33065980044,0.9964229611379923,-3.387602837694324e-19
377760,0.0,-1.0203293289634645e-37,9959.330659801819,0.9964229611379779,-3.3903814692637077e-19
377820,0.0,-1.0211652461832219e-37,9959.330659803196,0.9964229611379635,-3.3931587013110095e-19
377880,0.0,-1.0220007417482005e-37,9959.330659804575,0.996422961137949,-3.3959345338362355e-19
377940,0.0,-1.0228358156583978e-37,9959.330659805952,0.9964229611379347,-3.39870896683938e-19
378000,0.0,-1.0236704679138155e-37,9959.330659807329,0.9964229611379203,-3.4014820003204487e-19
378060,0.0,-1.0245046985144524e-37,9959.330659808704,0.996422961137906,-3.404253634279436e-19
378120,0.0,-1.0253385074603097e-37,9959.330659810079,0.9964229611378915,-3.4070238687163473e-19
378180,0.0,-1.0261718947513871e-37,9959.330659811452,0.9964229611378772,-3.409792703631177e-19
378240,0.0,-1.0270048603876835e-37,9959.330659812826,0.9964229611378629,-3.4125601390239283e-19
378300,0.0,-1.0278374043692012e-37,9959.330659814199,0.9964229611378486,-3.415326174894603e-19
378360,0.0,-1.0286695266959374e-37,9959.33065981557,0.9964229611378341,-3.4180908112432004e-19
378420,0.0,-1.0295012273678935e-37,9959.330659816942,0.9964229611378198,-3.420854048069715e-19
378480,0.0,-1.03033250638507e-37,9959.330659818314,0.9964229611378055,-3.4236158853741516e-19
378540,0.0,-1.0311633637474663e-37,9959.330659819683,0.9964229611377912,-3.4263763231565124e-19
378600,0.0,-1.0319937994550827e-37,9959.330659821053,0.996422961137777,-3.429135361416791e-19
378660,0.0,-1.0328238135079183e-37,9959.330659822423,0.9964229611377626,-3.431893000154995e-19
378720,0.0,-1.0336534059059744e-37,9959.33065982379,0.9964229611377483,-3.4346492393711163e-19
378780,0.0,-1.03448257664925e-37,9959.330659825157,0.996422961137734,-3.437404079065162e-19
378840,0.0,-1.035311325737745e-37,9959.330659826524,0.9964229611377198,-3.4401575192371264e-19
378900,0.0,-1.0361396531714608e-37,9959.33065982789,0.9964229611377055,-3.442909559887015e-19
378960,0.0,-1.0369675589503955e-37,9959.330659829255,0.9964229611376912,-3.4456602010148224e-19
379020,0.0,-1.0377950430745515e-37,9959.330659830619,0.9964229611376769,-3.4484094426205533e-19
379080,0.0,-1.038622105543926e-37,9959.330659831983,0.9964229611376627,-3.4511572847042027e-19
379140,0.0,-1.0394487463585203e-37,9959.330659833347,0.9964229611376485,-3.4539037272657734e-19
379200,0.0,-1.0402749655183354e-37,9959.33065983471,0.9964229611376342,-3.456648770305269e-19
379260,0.0,-1.0411007630233699e-37,9959.33065983607,0.99642296113762,-3.459392413822685e-19
379320,0.0,-1.0419261388736246e-37,9959.330659837433,0.9964229611376058,-3.4621346578180204e-19
379380,0.0,-1.0427510930690983e-37,9959.330659838794,0.9964229611375915,-3.4648755022912764e-19
379440,0.0,-1.043575625609792e-37,9959.330659840152,0.9964229611375773,-3.467614947242457e-19
379500,0.0,-1.0443997364957067e-37,9959.330659841511,0.9964229611375631,-3.470352992671559e-19
379560,0.0,-1.0452234257268401e-37,9959.33065984287,0.9964229611375489,-3.473089638578579e-19
379620,0.0,-1.0460466933031942e-37,9959.330659844227,0.9964229611375347,-3.4758248849635203e-19
379680,0.0,-1.0468695392247672e-37,9959.330659845586,0.9964229611375206,-3.478558731826383e-19
379740,0.0,-1.0476919634915608e-37,9959.33065984694,0.9964229611375064,-3.4812911791671695e-19
379800,0.0,-1.048513966103574e-37,9959.330659848296,0.9964229611374922,-3.4840222269858783e-19
379860,0.0,-1.0493355470608068e-37,9959.330659849651,0.9964229611374781,-3.486751875282505e-19
379920,0.0,-1.05015670636326e-37,9959.330659851006,0.996422961137464,-3.489480124057053e-19
379980,0.0,-1.0509774440109329e-37,9959.33065985236,0.9964229611374498,-3.492206973309525e-19
380040,0.0,-1.051797760003826e-37,9959.330659853713,0.9964229611374357,-3.4949324230399157e-19
380100,0.0,-1.052617654341938e-37,9959.330659855064,0.9964229611374216,-3.497656473248231e-19
380160,0.0,-1.0534371270252705e-37,9959.330659856416,0.9964229611374074,-3.500379123934467e-19
380220,0.0,-1.054256178053823e-37,9959.330659857767,0.9964229611373933,-3.5031003750986217e-19
380280,0.0,-1.0550748074275946e-37,9959.330659859117,0.9964229611373792,-3.505820226740698e-19
380340,0.0,-1.0558930151465868e-37,9959.330659860467,0.9964229611373651,-3.508538678860698e-19
380400,0.0,-1.0567108012107988e-37,9959.330659861815,0.996422961137351,-3.5112557314586193e-19
380460,0.0,-1.05752816562023e-37,9959.330659863163,0.9964229611373369,-3.5139713845344594e-19
380520,0.0,-1.058345108374882e-37,9959.33065986451,0.9964229611373229,-3.5166856380882204e-19
380580,0.0,-1.0591616294747528e-37,9959.330659865856,0.9964229611373088,-3.519398492119903e-19
380640,0.0,-1.0599777289198448e-37,9959.330659867202,0.9964229611372947,-3.5221099466295097e-19
380700,0.0,-1.0607934067101555e-37,9959.330659868549,0.9964229611372806,-3.524820001617038e-19
380760,0.0,-1.0616086628456861e-37,9959.330659869893,0.9964229611372666,-3.5275286570824843e-19
380820,0.0,-1.0624234973264371e-37,9959.330659871237,0.9964229611372525,-3.5302359130258524e-19
380880,0.0,-1.063237910152408e-37,9959.33065987258,0.9964229611372385,-3.5329417694471443e-19
380940,0.0,-1.0640519013235987e-37,9959.330659873922,0.9964229611372245,-3.535646226346358e-19
381000,0.0,-1.0648654708400088e-37,9959.330659875264,0.9964229611372104,-3.5383492837234896e-19
381060,0.0,-1.0656786187016385e-37,9959.330659876605,0.9964229611371964,-3.5410509415785426e-19
381120,0.0,-1.0664913449084895e-37,9959.330659877945,0.9964229611371824,-3.54375119991152e-19
381180,0.0,-1.067303649460559e-37,9959.330659879286,0.9964229611371684,-3.5464500587224154e-19
381240,0.0,-1.068115532357849e-37,9959.330659880625,0.9964229611371545,-3.549147518011236e-19
381300,0.0,-1.0689269936003583e-37,9959.330659881964,0.9964229611371405,-3.551843577777974e-19
381360,0.0,-1.0697380331880886e-37,9959.3306598833,0.9964229611371265,-3.5545382380226366e-19
381420,0.0,-1.0705486511210377e-37,9959.330659884637,0.9964229611371125,-3.5572314987452176e-19
381480,0.0,-1.0713588473992064e-37,9959.330659885974,0.9964229611370985,-3.55992335994572e-19
381540,0.0,-1.0721686220225958e-37,9959.33065988731,0.9964229611370846,-3.5626138216241465e-19
381600,0.0,-1.072977974991205e-37,9959.330659888645,0.9964229611370706,-3.5653028837804944e-19
381660,0.0,-1.073786906305034e-37,9959.330659889978,0.9964229611370568,-3.5679905464147607e-19
381720,0.0,-1.0745954159640822e-37,9959.330659891311,0.9964229611370428,-3.5706768095269484e-19
381780,0.0,-1.0754035039683505e-37,9959.330659892645,0.9964229611370289,-3.57336167311706e-19
381840,0.0,-1.0762111703178396e-37,9959.330659893976,0.9964229611370149,-3.576045137185093e-19
381900,0.0,-1.0770184150125475e-37,9959.330659895308,0.996422961137001,-3.5787272017310447e-19
381960,0.0,-1.0778252380524759e-37,9959.33065989664,0.9964229611369871,-3.5814078667549177e-19
382020,0.0,-1.0786316394376234e-37,9959.330659897969,0.9964229611369732,-3.584087132256712e-19
382080,0.0,-1.0794376191679912e-37,9959.330659899299,0.9964229611369593,-3.58676499823643e-19
382140,0.0,-1.0802431772435793e-37,9959.330659900626,0.9964229611369454,-3.58944146469407e-19
382200,0.0,-1.0810483136643863e-37,9959.330659901956,0.9964229611369315,-3.5921165316296283e-19
382260,0.0,-1.0818530284304147e-37,9959.330659903282,0.9964229611369176,-3.5947901990431104e-19
382320,0.0,-1.0826573215416614e-37,9959.33065990461,0.9964229611369039,-3.597462466934511e-19
382380,0.0,-1.083461192998128e-37,9959.330659905934,0.99642296113689,-3.600133335303836e-19
382440,0.0,-1.0842646427998153e-37,9959.33065990726,0.9964229611368761,-3.60280280415108e-19
382500,0.0,-1.0850676709467223e-37,9959.330659908584,0.9964229611368622,-3.6054708734762473e-19
382560,0.0,-1.0858702774388494e-37,9959.330659909909,0.9964229611368485,-3.608137543279333e-19
382620,0.0,-1.0866724622761954e-37,9959.330659911231,0.9964229611368346,-3.610802813560341e-19
382680,0.0,-1.0874742254587621e-37,9959.330659912554,0.9964229611368208,-3.613466684319273e-19
382740,0.0,-1.0882755669865484e-37,9959.330659913876,0.996422961136807,-3.616129155556125e-19
382800,0.0,-1.0890764868595542e-37,9959.330659915197,0.9964229611367932,-3.618790227270897e-19
382860,0.0,-1.0898769850777804e-37,9959.330659916517,0.9964229611367794,-3.6214498994635894e-19
382920,0.0,-1.090677061641226e-37,9959.330659917838,0.9964229611367657,-3.6241081721342066e-19
382980,0.0,-1.0914767165498924e-37,9959.330659919156,0.9964229611367518,-3.6267650452827414e-19
383040,0.0,-1.0922759498037775e-37,9959.330659920475,0.996422961136738,-3.629420518909201e-19
383100,0.0,-1.0930747614028825e-37,9959.330659921792,0.9964229611367242,-3.6320745930135787e-19
383160,0.0,-1.093873151347208e-37,9959.33065992311,0.9964229611367105,-3.634727267595878e-19
383220,0.0,-1.0946711196367532e-37,9959.330659924426,0.9964229611366967,-3.6373785426561014e-19
383280,0.0,-1.0954686662715186e-37,9959.330659925741,0.996422961136683,-3.6400284181942467e-19
383340,0.0,-1.096265791251503e-37,9959.330659927056,0.9964229611366693,-3.6426768942103095e-19
383400,0.0,-1.0970624945767072e-37,9959.33065992837,0.9964229611366555,-3.645323970704294e-19
383460,0.0,-1.0978587762471327e-37,9959.330659929683,0.9964229611366419,-3.647969647676203e-19
383520,0.0,-1.0986546362627766e-37,9959.330659930996,0.9964229611366281,-3.65061392512603e-19
383580,0.0,-1.099450074623641e-37,9959.33065993231,0.9964229611366144,-3.6532568030537816e-19
383640,0.0,-1.1002450913297248e-37,9959.33065993362,0.9964229611366007,-3.6558982814594515e-19
383700,0.0,-1.101039686381029e-37,9959.33065993493,0.996422961136587,-3.658538360343045e-19
383760,0.0,-1.101833859777553e-37,9959.33065993624,0.9964229611365732,-3.6611770397045577e-19
383820,0.0,-1.1026276115192964e-37,9959.33065993755,0.9964229611365596,-3.6638143195439945e-19
383880,0.0,-1.1034209416062603e-37,9959.33065993886,0.9964229611365459,-3.6664501998613493e-19
383940,0.0,-1.1042138500384438e-37,9959.330659940168,0.9964229611365323,-3.669084680656629e-19
384000,0.0,-1.1050063368158473e-37,9959.330659941474,0.9964229611365186,-3.6717177619298263e-19
384060,0.0,-1.10579840193847e-37,9959.330659942781,0.996422961136505,-3.6743494436809455e-19
384120,0.0,-1.1065900454063132e-37,9959.330659944088,0.9964229611364913,-3.6769797259099885e-19
384180,0.0,-1.1073812672193762e-37,9959.330659945392,0.9964229611364777,-3.6796086086169534e-19
384240,0.0,-1.1081720673776586e-37,9959.330659946696,0.996422961136464,-3.682236091801836e-19
384300,0.0,-1.1089624458811613e-37,9959.330659948,0.9964229611364505,-3.6848621754646403e-19
384360,0.0,-1.109752402729884e-37,9959.330659949303,0.9964229611364368,-3.6874868596053686e-19
384420,0.0,-1.1105419379238257e-37,9959.330659950607,0.9964229611364231,-3.690110144224019e-19
384480,0.0,-1.1113310514629882e-37,9959.330659951907,0.9964229611364096,-3.692732029320587e-19
384540,0.0,-1.1121197433473698e-37,9959.330659953208,0.9964229611363961,-3.695352514895077e-19
384600,0.0,-1.1129080135769724e-37,9959.330659954509,0.9964229611363824,-3.69797160094749e-19
384660,0.0,-1.1136958621517938e-37,9959.33065995581,0.9964229611363689,-3.7005892874778227e-19
384720,0.0,-1.1144832890718349e-37,9959.330659957108,0.9964229611363553,-3.703205574486079e-19
384780,0.0,-1.1152702943370965e-37,9959.330659958407,0.9964229611363417,-3.705820461972254e-19
384840,0.0,-1.116056877947578e-37,9959.330659959704,0.9964229611363281,-3.708433949936353e-19
384900,0.0,-1.1168430399032794e-37,9959.330659961,0.9964229611363146,-3.7110460383783704e-19
384960,0.0,-1.1176287802042e-37,9959.330659962297,0.996422961136301,-3.713656727298309e-19
385020,0.0,-1.1184140988503412e-37,9959.330659963593,0.9964229611362875,-3.7162660166961723e-19
385080,0.0,-1.119198995841702e-37,9959.330659964888,0.9964229611362739,-3.7188739065719566e-19
385140,0.0,-1.119983471178282e-37,9959.330659966181,0.9964229611362605,-3.7214803969256595e-19
385200,0.0,-1.120767524860083e-37,9959.330659967474,0.996422961136247,-3.7240854877572836e-19
385260,0.0,-1.1215511568871028e-37,9959.330659968768,0.9964229611362334,-3.726689179066832e-19
385320,0.0,-1.1223343672593436e-37,9959.330659970059,0.99642296113622,-3.729291470854301e-19
385380,0.0,-1.1231171559768033e-37,9959.33065997135,0.9964229611362064,-3.7318923631196894e-19
385440,0.0,-1.1238995230394827e-37,9959.330659972642,0.996422961136193,-3.734491855862999e-19
385500,0.0,-1.1246814684473827e-37,9959.330659973932,0.9964229611361795,-3.7370899490842293e-19
385560,0.0,-1.1254629922005024e-37,9959.330659975221,0.996422961136166,-3.739686642783384e-19
385620,0.0,-1.126244094298842e-37,9959.33065997651,0.9964229611361525,-3.7422819369604607e-19
385680,0.0,-1.127024774742401e-37,9959.330659977799,0.996422961136139,-3.744875831615455e-19
385740,0.0,-1.1278050335311797e-37,9959.330659979085,0.9964229611361256,-3.7474683267483713e-19
385800,0.0,-1.1285848706651795e-37,9959.330659980373,0.9964229611361122,-3.750059422359211e-19
385860,0.0,-1.129364286144398e-37,9959.330659981657,0.9964229611360987,-3.752649118447973e-19
385920,0.0,-1.130143279968837e-37,9959.330659982943,0.9964229611360853,-3.7552374150146526e-19
385980,0.0,-1.130921852138495e-37,9959.330659984227,0.9964229611360719,-3.757824312059254e-19
386040,0.0,-1.1317000026533738e-37,9959.330659985511,0.9964229611360584,-3.760409809581779e-19
386100,0.0,-1.1324777315134723e-37,9959.330659986794,0.9964229611360451,-3.762993907582223e-19
386160,0.0,-1.13325503871879e-37,9959.330659988076,0.9964229611360317,-3.7655766060605915e-19
386220,0.0,-1.1340319242693288e-37,9959.330659989359,0.9964229611360182,-3.7681579050168803e-19
386280,0.0,-1.1348083881650864e-37,9959.33065999064,0.9964229611360049,-3.770737804451088e-19
386340,0.0,-1.1355844304060644e-37,9959.33065999192,0.9964229611359915,-3.7733163043632176e-19
386400,0.0,-1.1363600509922614e-37,9959.3306599932,0.9964229611359782,-3.775893404753268e-19
386460,0.0,-1.1371352499236791e-37,9959.330659994479,0.9964229611359647,-3.778469105621242e-19
386520,0.0,-1.1379100272003166e-37,9959.330659995758,0.9964229611359514,-3.7810434069671385e-19
386580,0.0,-1.1386843828221733e-37,9959.330659997035,0.9964229611359381,-3.783616308790953e-19
386640,0.0,-1.1394583167892507e-37,9959.330659998312,0.9964229611359248,-3.7861878110926886e-19
386700,0.0,-1.1402318291015477e-37,9959.330659999589,0.9964229611359114,-3.7887579138723486e-19
386760,0.0,-1.141004919759064e-37,9959.330660000864,0.996422961135898,-3.79132661712993e-19
386820,0.0,-1.141777588761801e-37,9959.330660002139,0.9964229611358847,-3.7938939208654296e-19
386880,0.0,-1.142549836109757e-37,9959.330660003412,0.9964229611358715,-3.7964598250788507e-19
386940,0.0,-1.1433216618029341e-37,9959.330660004685,0.9964229611358582,-3.7990243297701955e-19
387000,0.0,-1.1440930658413298e-37,9959.330660005959,0.9964229611358448,-3.801587434939459e-19
387060,0.0,-1.1448640482249454e-37,9959.33066000723,0.9964229611358315,-3.804149140586647e-19
387120,0.0,-1.1456346089537816e-37,9959.330660008502,0.9964229611358183,-3.8067094467117536e-19
387180,0.0,-1.1464047480278374e-37,9959.330660009773,0.996422961135805,-3.8092683533147837e-19
387240,0.0,-1.1471744654471132e-37,9959.330660011043,0.9964229611357917,-3.811825860395733e-19
387300,0.0,-1.1479437612116083e-37,9959.330660012312,0.9964229611357784,-3.814381967954606e-19
387360,0.0,-1.1487126353213234e-37,9959.33066001358,0.9964229611357652,-3.8169366759913974e-19
387420,0.0,-1.1494810877762593e-37,9959.330660014848,0.9964229611357519,-3.819489984506113e-19
387480,0.0,-1.1502491185764139e-37,9959.330660016116,0.9964229611357387,-3.8220418934987473e-19
387540,0.0,-1.151016727721789e-37,9959.330660017382,0.9964229611357255,-3.824592402969303e-19
387600,0.0,-1.1517839152123834e-37,9959.330660018648,0.9964229611357123,-3.8271415129177826e-19
387660,0.0,-1.1525506810481987e-37,9959.330660019914,0.9964229611356991,-3.8296892233441834e-19
387720,0.0,-1.1533170252292328e-37,9959.330660021178,0.9964229611356858,-3.832235534248503e-19
387780,0.0,-1.1540829477554866e-37,9959.330660022442,0.9964229611356726,-3.834780445630744e-19
387840,0.0,-1.1548484486269612e-37,9959.330660023705,0.9964229611356594,-3.837323957490906e-19
387900,0.0,-1.1556135278436553e-37,9959.330660024967,0.9964229611356462,-3.839866069828992e-19
387960,0.0,-1.1563781854055695e-37,9959.33066002623,0.996422961135633,-3.842406782645e-19
388020,0.0,-1.157142421312703e-37,9959.33066002749,0.9964229611356198,-3.844946095938926e-19
388080,0.0,-1.1579062355650565e-37,9959.33066002875,0.9964229611356067,-3.847484009710776e-19
388140,0.0,-1.1586696281626302e-37,9959.33066003001,0.9964229611355935,-3.8500205239605447e-19
388200,0.0,-1.1594325991054233e-37,9959.330660031268,0.9964229611355804,-3.8525556386882376e-19
388260,0.0,-1.1601951483934366e-37,9959.330660032527,0.9964229611355672,-3.8550893538938494e-19
388320,0.0,-1.1609572760266698e-37,9959.330660033786,0.9964229611355541,-3.8576216695773844e-19
388380,0.0,-1.1617189820051223e-37,9959.330660035042,0.996422961135541,-3.8601525857388384e-19
388440,0.0,-1.1624802663287954e-37,9959.330660036298,0.9964229611355278,-3.8626821023782137e-19
388500,0.0,-1.1632411289976876e-37,9959.330660037553,0.9964229611355147,-3.8652102194955132e-19
388560,0.0,-1.1640015700118009e-37,9959.330660038808,0.9964229611355016,-3.867736937090734e-19
388620,0.0,-1.1647615893711327e-37,9959.330660040063,0.9964229611354884,-3.8702622551638734e-19
388680,0.0,-1.1655211870756844e-37,9959.330660041316,0.9964229611354753,-3.8727861737149336e-19
388740,0.0,-1.1662803631254568e-37,9959.330660042568,0.9964229611354622,-3.875308692743919e-19
388800,0.0,-1.1670391175204488e-37,9959.33066004382,0.9964229611354491,-3.8778298122508247e-19
388860,0.0,-1.167797450260661e-37,9959.330660045072,0.9964229611354362,-3.8803495322356494e-19
388920,0.0,-1.1685553613460922e-37,9959.330660046322,0.9964229611354231,-3.882867852698395e-19
388980,0.0,-1.1693128507767439e-37,9959.330660047572,0.99642296113541,-3.885384773639062e-19
389040,0.0,-1.1700699185526154e-37,9959.330660048821,0.996422961135397,-3.8879002950576533e-19
389100,0.0,-1.170826564673706e-37,9959.330660050071,0.9964229611353839,-3.890414416954166e-19
389160,0.0,-1.1715827891400174e-37,9959.330660051319,0.9964229611353709,-3.8929271393285975e-19
389220,0.0,-1.172338591951548e-37,9959.330660052565,0.9964229611353578,-3.8954384621809497e-19
389280,0.0,-1.1730939731082994e-37,9959.330660053813,0.9964229611353448,-3.897948385511226e-19
389340,0.0,-1.1738489326102696e-37,9959.330660055059,0.9964229611353318,-3.900456909319421e-19
389400,0.0,-1.1746034704574599e-37,9959.330660056303,0.9964229611353188,-3.9029640336055405e-19
389460,0.0,-1.1753575866498703e-37,9959.330660057547,0.9964229611353058,-3.9054697583695785e-19
389520,0.0,-1.1761112811875007e-37,9959.330660058791,0.9964229611352927,-3.90797408361154e-19
389580,0.0,-1.176864554070351e-37,9959.330660060034,0.9964229611352797,-3.9104770093314205e-19
389640,0.0,-1.1776174052984206e-37,9959.330660061276,0.9964229611352668,-3.912978535529225e-19
389700,0.0,-1.17836983487171e-37,9959.330660062518,0.9964229611352539,-3.9154786622049483e-19
389760,0.0,-1.1791218427902204e-37,9959.330660063759,0.9964229611352409,-3.917977389358595e-19
389820,0.0,-1.1798734290539494e-37,9959.330660065,0.9964229611352279,-3.920474716990161e-19
389880,0.0,-1.180624593662899e-37,9959.33066006624,0.9964229611352149,-3.922970645099648e-19
389940,0.0,-1.1813753366170678e-37,9959.330660067479,0.996422961135202,-3.925465173687059e-19
390000,0.0,-1.182125657916457e-37,9959.330660068717,0.996422961135189,-3.9279583027523914e-19
390060,0.0,-1.1828755575610662e-37,9959.330660069954,0.9964229611351761,-3.930450032295642e-19
390120,0.0,-1.1836250355508945e-37,9959.330660071191,0.9964229611351632,-3.9329403623168145e-19
390180,0.0,-1.184374091885944e-37,9959.330660072426,0.9964229611351503,-3.9354292928159104e-19
390240,0.0,-1.185122726566212e-37,9959.330660073663,0.9964229611351374,-3.937916823792928e-19
390300,0.0,-1.1858709395917007e-37,9959.330660074898,0.9964229611351245,-3.9404029552478644e-19
390360,0.0,-1.1866187309624084e-37,9959.330660076132,0.9964229611351115,-3.942887687180722e-19
390420,0.0,-1.1873661006783367e-37,9959.330660077365,0.9964229611350987,-3.9453710195915033e-19
390480,0.0,-1.188113048739485e-37,9959.330660078598,0.9964229611350858,-3.9478529524802035e-19
390540,0.0,-1.1888595751458523e-37,9959.33066007983,0.9964229611350729,-3.950333485846828e-19
390600,0.0,-1.1896056798974401e-37,9959.330660081061,0.9964229611350601,-3.952812619691371e-19
390660,0.0,-1.1903513629942478e-37,9959.330660082293,0.9964229611350472,-3.9552903540138376e-19
390720,0.0,-1.1910966244362746e-37,9959.330660083522,0.9964229611350344,-3.957766688814223e-19
390780,0.0,-1.1918414642235222e-37,9959.330660084752,0.9964229611350215,-3.9602416240925296e-19
390840,0.0,-1.1925858823559889e-37,9959.33066008598,0.9964229611350087,-3.9627151598487607e-19
390900,0.0,-1.1933298788336765e-37,9959.330660087207,0.9964229611349958,-3.9651872960829127e-19
390960,0.0,-1.1940734536565828e-37,9959.330660088435,0.9964229611349831,-3.9676580327949836e-19
391020,0.0,-1.1948166068247093e-37,9959.330660089661,0.9964229611349702,-3.9701273699849754e-19
391080,0.0,-1.195559338338056e-37,9959.330660090887,0.9964229611349574,-3.972595307652892e-19
391140,0.0,-1.1963016481966224e-37,9959.330660092111,0.9964229611349446,-3.975061845798729e-19
391200,0.0,-1.197043536400409e-37,9959.330660093337,0.9964229611349318,-3.977526984422485e-19
391260,0.0,-1.1977850029494146e-37,9959.33066009456,0.996422961134919,-3.9799907235241626e-19
391320,0.0,-1.1985260478436402e-37,9959.330660095784,0.9964229611349062,-3.982453063103761e-19
391380,0.0,-1.1992666710830868e-37,9959.330660097006,0.9964229611348935,-3.9849140031612837e-19
391440,0.0,-1.200006872667752e-37,9959.330660098227,0.9964229611348807,-3.9873735436967277e-19
391500,0.0,-1.2007466525976376e-37,9959.33066009945,0.996422961134868,-3.98983168471009e-19
391560,0.0,-1.2014860108727427e-37,9959.330660100668,0.9964229611348552,-3.9922884262013744e-19
391620,0.0,-1.2022249474930686e-37,9959.330660101888,0.9964229611348424,-3.994743768170582e-19
391680,0.0,-1.2029634624586133e-37,9959.330660103107,0.9964229611348298,-3.997197710617712e-19
391740,0.0,-1.2037015557693779e-37,9959.330660104326,0.996422961134817,-3.9996502535427596e-19
391800,0.0,-1.2044392274253629e-37,9959.330660105543,0.9964229611348042,-4.0021013969457287e-19
391860,0.0,-1.2051764774265677e-37,9959.33066010676,0.9964229611347916,-4.0045511408266216e-19
391920,0.0,-1.2059133057729926e-37,9959.330660107977,0.9964229611347788,-4.0069994851854334e-19
391980,0.0,-1.2066497124646364e-37,9959.330660109192,0.9964229611347661,-4.0094464300221694e-19
392040,0.0,-1.207385697501501e-37,9959.330660110407,0.9964229611347535,-4.0118919753368263e-19
392100,0.0,-1.2081212608835853e-37,9959.33066011162,0.9964229611347407,-4.014336121129402e-19
392160,0.0,-1.2088564026108888e-37,9959.330660112833,0.9964229611347281,-4.0167788673998993e-19
392220,0.0,-1.2095911226834128e-37,9959.330660114047,0.9964229611347154,-4.0192202141483207e-19
392280,0.0,-1.2103254211011566e-37,9959.330660115258,0.9964229611347027,-4.02166016137466e-19
392340,0.0,-1.2110592978641196e-37,9959.33066011647,0.9964229611346901,-4.024098709078924e-19
392400,0.0,-1.2117927529723033e-37,9959.330660117681,0.9964229611346774,-4.0265358572611065e-19
392460,0.0,-1.2125257864257062e-37,9959.33066011889,0.9964229611346648,-4.0289716059212103e-19
392520,0.0,-1.21325839822433e-37,9959.3306601201,0.9964229611346521,-4.0314059550592374e-19
392580,0.0,-1.2139905883681725e-37,9959.330660121308,0.9964229611346396,-4.033838904675187e-19
392640,0.0,-1.214722356857235e-37,9959.330660122516,0.9964229611346269,-4.0362704547690546e-19
392700,0.0,-1.2154537036915179e-37,9959.330660123724,0.9964229611346143,-4.0387006053408433e-19
392760,0.0,-1.2161846288710205e-37,9959.33066012493,0.9964229611346017,-4.041129356390556e-19
392820,0.0,-1.2169151323957432e-37,9959.330660126136,0.9964229611345891,-4.043556707918188e-19
392880,0.0,-1.217645214265685e-37,9959.33066012734,0.9964229611345765,-4.0459826599237437e-19
392940,0.0,-1.2183748744808474e-37,9959.330660128546,0.9964229611345639,-4.048407212407218e-19
393000,0.0,-1.2191041130412296e-37,9959.330660129748,0.9964229611345513,-4.050830365368616e-19
393060,0.0,-1.219832929946831e-37,9959.330660130952,0.9964229611345388,-4.053252118807933e-19
393120,0.0,-1.2205613251976527e-37,9959.330660132155,0.9964229611345262,-4.055672472725174e-19
393180,0.0,-1.221289298793694e-37,9959.330660133355,0.9964229611345137,-4.058091427120334e-19
393240,0.0,-1.222016850734956e-37,9959.330660134558,0.9964229611345011,-4.060508981993417e-19
393300,0.0,-1.222743981021437e-37,9959.330660135756,0.9964229611344886,-4.062925137344419e-19
393360,0.0,-1.2234706896531376e-37,9959.330660136957,0.996422961134476,-4.0653398931733424e-19
393420,0.0,-1.2241969766300588e-37,9959.330660138156,0.9964229611344635,-4.0677532494801905e-19
393480,0.0,-1.2249228419521998e-37,9959.330660139354,0.996422961134451,-4.070165206264959e-19
393540,0.0,-1.2256482856195608e-37,9959.330660140551,0.9964229611344384,-4.0725757635276463e-19
393600,0.0,-1.2263733076321408e-37,9959.330660141748,0.996422961134426,-4.074984921268255e-19
393660,0.0,-1.2270979079899408e-37,9959.330660142945,0.9964229611344134,-4.0773926794867885e-19
393720,0.0,-1.227822086692962e-37,9959.33066014414,0.996422961134401,-4.0797990381832422e-19
393780,0.0,-1.2285458437412017e-37,9959.330660145335,0.9964229611343884,-4.082203997357615e-19
393840,0.0,-1.2292691791346618e-37,9959.330660146528,0.996422961134376,-4.0846075570099085e-19
393900,0.0,-1.2299920928733412e-37,9959.330660147722,0.9964229611343636,-4.087009717140124e-19
393960,0.0,-1.230714584957241e-37,9959.330660148915,0.996422961134351,-4.089410477748263e-19
394020,0.0,-1.2314366553863608e-37,9959.330660150106,0.9964229611343386,-4.091809838834324e-19
394080,0.0,-1.2321583041606999e-37,9959.330660151298,0.9964229611343262,-4.0942078003983034e-19
394140,0.0,-1.2328795312802598e-37,9959.33066015249,0.9964229611343137,-4.0966043624402066e-19
394200,0.0,-1.2336003367450385e-37,9959.330660153679,0.9964229611343013,-4.0989995249600286e-19
394260,0.0,-1.2343207205550379e-37,9959.330660154868,0.9964229611342889,-4.1013932879577716e-19
394320,0.0,-1.2350406827102562e-37,9959.330660156056,0.9964229611342764,-4.103785651433439e-19
394380,0.0,-1.235760223210695e-37,9959.330660157244,0.996422961134264,-4.1061766153870277e-19
394440,0.0,-1.2364793420563539e-37,9959.330660158432,0.9964229611342517,-4.108566179818535e-19
394500,0.0,-1.237198039247232e-37,9959.330660159618,0.9964229611342392,-4.1109543447279634e-19
394560,0.0,-1.2379163147833304e-37,9959.330660160804,0.9964229611342268,-4.1133411101153163e-19
394620,0.0,-1.2386341686646485e-37,9959.330660161988,0.9964229611342145,-4.1157264759805897e-19
394680,0.0,-1.2393516008911862e-37,9959.330660163172,0.996422961134202,-4.1181104423237824e-19
394740,0.0,-1.2400686114629442e-37,9959.330660164356,0.9964229611341897,-4.120493009144896e-19
394800,0.0,-1.2407852003799216e-37,9959.33066016554,0.9964229611341774,-4.1228741764439315e-19
394860,0.0,-1.2415013676421199e-37,9959.330660166723,0.996422961134165,-4.12525394422089e-19
394920,0.0,-1.242217113249537e-37,9959.330660167903,0.9964229611341526,-4.1276323124757707e-19
394980,0.0,-1.2429324372021738e-37,9959.330660169084,0.9964229611341403,-4.13000928120857e-19
395040,0.0,-1.243647339500031e-37,9959.330660170264,0.996422961134128,-4.1323848504192904e-19
395100,0.0,-1.2443618201431082e-37,9959.330660171445,0.9964229611341157,-4.1347590201079344e-19
395160,0.0,-1.2450758791314054e-37,9959.330660172624,0.9964229611341033,-4.1371317902745007e-19
395220,0.0,-1.2457895164649216e-37,9959.330660173802,0.996422961134091,-4.139503160918985e-19
395280,0.0,-1.2465027321436584e-37,9959.33066017498,0.9964229611340787,-4.1418731320413907e-19
395340,0.0,-1.2472155261676149e-37,9959.330660176156,0.9964229611340665,-4.14424170364172e-19
395400,0.0,-1.247927898536791e-37,9959.330660177331,0.9964229611340542,-4.1466088757199683e-19
395460,0.0,-1.2486398492511873e-37,9959.330660178508,0.9964229611340418,-4.148974648276141e-19
395520,0.0,-1.2493513783108028e-37,9959.330660179681,0.9964229611340296,-4.151339021310232e-19
395580,0.0,-1.2500624857156394e-37,9959.330660180856,0.9964229611340173,-4.1537019948222465e-19
395640,0.0,-1.2507731714656948e-37,9959.33066018203,0.9964229611340051,-4.15606356881218e-19
395700,0.0,-1.25148343556097e-37,9959.330660183203,0.9964229611339928,-4.158423743280035e-19
395760,0.0,-1.2521932780014656e-37,9959.330660184374,0.9964229611339805,-4.1607825182258143e-19
395820,0.0,-1.252902698787181e-37,9959.330660185546,0.9964229611339683,-4.1631398936495144e-19
395880,0.0,-1.2536116979181164e-37,9959.330660186715,0.9964229611339561,-4.165495869551133e-19
395940,0.0,-1.254320275394271e-37,9959.330660187887,0.9964229611339439,-4.167850445930673e-19
396000,0.0,-1.2550284312156455e-37,9959.330660189054,0.9964229611339316,-4.1702036227881378e-19
396060,0.0,-1.255736165382241e-37,9959.330660190224,0.9964229611339195,-4.172555400123523e-19
396120,0.0,-1.2564434778940551e-37,9959.330660191392,0.9964229611339073,-4.174905777936827e-19
396180,0.0,-1.2571503687510898e-37,9959.330660192558,0.9964229611338951,-4.1772547562280527e-19
396240,0.0,-1.257856837953344e-37,9959.330660193726,0.9964229611338828,-4.1796023349972016e-19
396300,0.0,-1.258562885500818e-37,9959.330660194892,0.9964229611338706,-4.18194851424427e-19
396360,0.0,-1.259268511393512e-37,9959.330660196056,0.9964229611338585,-4.184293293969262e-19
396420,0.0,-1.2599737156314256e-37,9959.33066019722,0.9964229611338463,-4.186636674172173e-19
396480,0.0,-1.26067849821456e-37,9959.330660198384,0.9964229611338341,-4.1889786548530072e-19
396540,0.0,-1.2613828591429133e-37,9959.330660199546,0.996422961133822,-4.191319236011761e-19
396600,0.0,-1.262086798416487e-37,9959.330660200709,0.9964229611338099,-4.1936584176484383e-19
396660,0.0,-1.2627903160352798e-37,9959.330660201871,0.9964229611337977,-4.195996199763034e-19
396720,0.0,-1.263493411999293e-37,9959.330660203032,0.9964229611337856,-4.1983325823555543e-19
396780,0.0,-1.2641960863085262e-37,9959.330660204192,0.9964229611337735,-4.200667565425993e-19
396840,0.0,-1.2648983389629788e-37,9959.33066020535,0.9964229611337614,-4.2030011489743527e-19
396900,0.0,-1.2656001699626518e-37,9959.33066020651,0.9964229611337493,-4.205333333000637e-19
396960,0.0,-1.2663015793075444e-37,9959.330660207668,0.9964229611337372,-4.207664117504842e-19
397020,0.0,-1.2670025669976564e-37,9959.330660208827,0.9964229611337251,-4.209993502486966e-19
397080,0.0,-1.267703133032989e-37,9959.330660209982,0.996422961133713,-4.2123214879470113e-19
397140,0.0,-1.2684032774135408e-37,9959.330660211139,0.9964229611337009,-4.214648073884978e-19
397200,0.0,-1.2691030001393135e-37,9959.330660212294,0.9964229611336888,-4.216973260300868e-19
397260,0.0,-1.269802301210305e-37,9959.330660213449,0.9964229611336768,-4.21929704719468e-19
397320,0.0,-1.2705011806265164e-37,9959.330660214602,0.9964229611336647,-4.221619434566411e-19
397380,0.0,-1.2711996383879483e-37,9959.330660215757,0.9964229611336526,-4.2239404224160627e-19
397440,0.0,-1.2718976744945997e-37,9959.330660216909,0.9964229611336406,-4.226260010743638e-19
397500,0.0,-1.2725952889464712e-37,9959.33066021806,0.9964229611336286,-4.2285781995491353e-19
397560,0.0,-1.273292481743562e-37,9959.330660219211,0.9964229611336165,-4.230894988832551e-19
397620,0.0,-1.2739892528858728e-37,9959.330660220363,0.9964229611336045,-4.2332103785938884e-19
397680,0.0,-1.2746856023734044e-37,9959.330660221513,0.9964229611335925,-4.2355243688331494e-19
397740,0.0,-1.2753815302061545e-37,9959.330660222662,0.9964229611335805,-4.237836959550329e-19
397800,0.0,-1.2760770363841256e-37,9959.33066022381,0.9964229611335684,-4.240148150745433e-19
397860,0.0,-1.2767721209073156e-37,9959.330660224958,0.9964229611335564,-4.2424579424184555e-19
397920,0.0,-1.2774667837757265e-37,9959.330660226105,0.9964229611335444,-4.2447663345694013e-19
397980,0.0,-1.2781610249893564e-37,9959.330660227251,0.9964229611335326,-4.2470733271982665e-19
398040,0.0,-1.278854844548206e-37,9959.330660228397,0.9964229611335206,-4.2493789203050555e-19
398100,0.0,-1.2795482424522767e-37,9959.330660229543,0.9964229611335086,-4.251683113889766e-19
398160,0.0,-1.280241218701566e-37,9959.330660230687,0.9964229611334966,-4.2539859079523946e-19
398220,0.0,-1.2809337732960758e-37,9959.33066023183,0.9964229611334847,-4.256287302492945e-19
398280,0.0,-1.2816259062358049e-37,9959.330660232974,0.9964229611334727,-4.2585872975114166e-19
398340,0.0,-1.2823176175207543e-37,9959.330660234116,0.9964229611334608,-4.260885893007812e-19
398400,0.0,-1.2830089071509236e-37,9959.330660235257,0.9964229611334489,-4.2631830889821293e-19
398460,0.0,-1.2836997751263123e-37,9959.3306602364,0.996422961133437,-4.2654788854343647e-19
398520,0.0,-1.2843902214469215e-37,9959.330660237538,0.996422961133425,-4.2677732823645215e-19
398580,0.0,-1.2850802461127503e-37,9959.330660238678,0.9964229611334131,-4.270066279772602e-19
398640,0.0,-1.2857698491237985e-37,9959.330660239817,0.9964229611334012,-4.2723578776586015e-19
398700,0.0,-1.2864590304800671e-37,9959.330660240956,0.9964229611333894,-4.2746480760225257e-19
398760,0.0,-1.2871477901815552e-37,9959.330660242093,0.9964229611333775,-4.276936874864368e-19
398820,0.0,-1.287836128228264e-37,9959.33066024323,0.9964229611333656,-4.2792242741841336e-19
398880,0.0,-1.2885240446201916e-37,9959.330660244364,0.9964229611333537,-4.2815102739818184e-19
398940,0.0,-1.2892115393573391e-37,9959.330660245501,0.9964229611333418,-4.2837948742574275e-19
399000,0.0,-1.289898612439707e-37,9959.330660246635,0.99642296113333,-4.286078075010955e-19
399060,0.0,-1.290585263867295e-37,9959.33066024777,0.9964229611333182,-4.288359876242406e-19
399120,0.0,-1.2912714936401025e-37,9959.330660248903,0.9964229611333063,-4.2906402779517763e-19
399180,0.0,-1.2919573017581296e-37,9959.330660250036,0.9964229611332944,-4.2929192801390672e-19
399240,0.0,-1.2926426882213769e-37,9959.330660251168,0.9964229611332827,-4.295196882804283e-19
399300,0.0,-1.293327653029844e-37,9959.330660252299,0.9964229611332708,-4.2974730859474195e-19
399360,0.0,-1.2940121961835305e-37,9959.330660253429,0.996422961133259,-4.299747889568475e-19
399420,0.0,-1.2946963176824375e-37,9959.330660254558,0.9964229611332472,-4.3020212936674513e-19
399480,0.0,-1.295380017526564e-37,9959.330660255688,0.9964229611332354,-4.3042932982443523e-19
399540,0.0,-1.296063295715911e-37,9959.330660256817,0.9964229611332236,-4.306563903299174e-19
399600,0.0,-1.296746152250477e-37,9959.330660257945,0.9964229611332118,-4.3088331088319146e-19
399660,0.0,-1.2974285871302627e-37,9959.330660259071,0.9964229611332001,-4.3111009148425767e-19
399720,0.0,-1.298110600355269e-37,9959.330660260197,0.9964229611331883,-4.3133673213311597e-19
399780,0.0,-1.298792191925495e-37,9959.330660261323,0.9964229611331765,-4.315632328297667e-19
399840,0.0,-1.2994733618409411e-37,9959.330660262449,0.9964229611331648,-4.3178959357420955e-19
399900,0.0,-1.3001541101016063e-37,9959.330660263573,0.996422961133153,-4.320158143664443e-19
399960,0.0,-1.3008344367074913e-37,9959.330660264697,0.9964229611331412,-4.3224189520647114e-19
400020,0.0,-1.3015143416585974e-37,9959.33066026582,0.9964229611331296,-4.3246783609429035e-19
400080,0.0,-1.3021938249549223e-37,9959.330660266942,0.9964229611331178,-4.326936370299015e-19
400140,0.0,-1.3028728865964676e-37,9959.330660268064,0.9964229611331061,-4.32919298013305e-19
400200,0.0,-1.3035515265832326e-37,9959.330660269185,0.9964229611330944,-4.3314481904450063e-19
400260,0.0,-1.304229744915217e-37,9959.330660270305,0.9964229611330827,-4.333702001234882e-19
400320,0.0,-1.3049075415924217e-37,9959.330660271424,0.9964229611330709,-4.335954412502678e-19
400380,0.0,-1.305584916614846e-37,9959.330660272542,0.9964229611330593,-4.338205424248399e-19
400440,0.0,-1.3062618699824908e-37,9959.330660273661,0.9964229611330476,-4.34045503647204e-19
400500,0.0,-1.3069384016953547e-37,9959.330660274778,0.996422961133036,-4.342703249173601e-19
400560,0.0,-1.307614511753439e-37,9959.330660275895,0.9964229611330242,-4.344950062353082e-19
400620,0.0,-1.3082902001567425e-37,9959.330660277012,0.9964229611330125,-4.347195476010486e-19
400680,0.0,-1.3089654669052663e-37,9959.330660278127,0.9964229611330009,-4.349439490145812e-19
400740,0.0,-1.3096403119990103e-37,9959.330660279242,0.9964229611329893,-4.351682104759061e-19
400800,0.0,-1.3103147354379733e-37,9959.330660280355,0.9964229611329777,-4.353923319850228e-19
400860,0.0,-1.310988737222157e-37,9959.330660281468,0.996422961132966,-4.356163135419316e-19
400920,0.0,-1.3116623173515602e-37,9959.330660282581,0.9964229611329544,-4.358401551466328e-19
400980,0.0,-1.312335475826183e-37,9959.330660283693,0.9964229611329428,-4.360638567991262e-19
401040,0.0,-1.313008212646026e-37,9959.330660284804,0.9964229611329312,-4.362874184994114e-19
401100,0.0,-1.3136805278110884e-37,9959.330660285914,0.9964229611329195,-4.365108402474888e-19
401160,0.0,-1.3143524213213719e-37,9959.330660287025,0.996422961132908,-4.367341220433585e-19
401220,0.0,-1.3150238931768739e-37,9959.330660288133,0.9964229611328964,-4.369572638870202e-19
401280,0.0,-1.315694943377596e-37,9959.330660289243,0.9964229611328848,-4.371802657784742e-19
401340,0.0,-1.3163655719235384e-37,9959.33066029035,0.9964229611328732,-4.374031277177201e-19
401400,0.0,-1.3170357788147005e-37,9959.330660291456,0.9964229611328617,-4.376258497047583e-19
401460,0.0,-1.3177055640510826e-37,9959.330660292564,0.9964229611328501,-4.378484317395884e-19
401520,0.0,-1.318374927632684e-37,9959.330660293668,0.9964229611328386,-4.38070873822211e-19
401580,0.0,-1.3190438695595054e-37,9959.330660294774,0.996422961132827,-4.382931759526254e-19
401640,0.0,-1.3197123898315476e-37,9959.330660295878,0.9964229611328155,-4.3851533813083225e-19
401700,0.0,-1.3203804884488084e-37,9959.330660296982,0.9964229611328039,-4.387373603568309e-19
401760,0.0,-1.32104816541129e-37,9959.330660298085,0.9964229611327924,-4.3895924263062175e-19
401820,0.0,-1.3217154207189906e-37,9959.330660299187,0.9964229611327808,-4.391809849522049e-19
401880,0.0,-1.3223822543719124e-37,9959.33066030029,0.9964229611327694,-4.394025873215803e-19
401940,0.0,-1.3230486663700527e-37,9959.33066030139,0.9964229611327579,-4.396240497387475e-19
402000,0.0,-1.3237146567134129e-37,9959.33066030249,0.9964229611327463,-4.398453722037068e-19
402060,0.0,-1.3243802254019941e-37,9959.330660303589,0.9964229611327349,-4.400665547164585e-19
402120,0.0,-1.3250453724357942e-37,9959.330660304688,0.9964229611327234,-4.402875972770021e-19
402180,0.0,-1.3257100978148146e-37,9959.330660305786,0.9964229611327119,-4.405084998853381e-19
402240,0.0,-1.3263744015390543e-37,9959.330660306883,0.9964229611327005,-4.40729262541466e-19
402300,0.0,-1.3270382836085143e-37,9959.33066030798,0.996422961132689,-4.409498852453862e-19
402360,0.0,-1.3277017440231942e-37,9959.330660309077,0.9964229611326776,-4.411703679970983e-19
402420,0.0,-1.3283647827830936e-37,9959.330660310172,0.996422961132666,-4.413907107966029e-19
402480,0.0,-1.3290273998882134e-37,9959.330660311267,0.9964229611326546,-4.416109136438993e-19
402540,0.0,-1.3296895953385529e-37,9959.33066031236,0.9964229611326432,-4.418309765389881e-19
402600,0.0,-1.3303513691341115e-37,9959.330660313453,0.9964229611326318,-4.420508994818688e-19
402660,0.0,-1.331012721274891e-37,9959.330660314547,0.9964229611326204,-4.422706824725415e-19
402720,0.0,-1.3316736517608896e-37,9959.330660315638,0.996422961132609,-4.424903255110067e-19
402780,0.0,-1.332334160592109e-37,9959.33066031673,0.9964229611325975,-4.42709828597264e-19
402840,0.0,-1.3329942477685473e-37,9959.330660317819,0.9964229611325862,-4.429291917313132e-19
402900,0.0,-1.3336539132902055e-37,9959.330660318908,0.9964229611325748,-4.431484149131545e-19
402960,0.0,-1.334313157157084e-37,9959.330660319998,0.9964229611325635,-4.433674981427883e-19
403020,0.0,-1.3349719793691824e-37,9959.330660321088,0.996422961132552,-4.43586441420214e-19
403080,0.0,-1.3356303799265007e-37,9959.330660322175,0.9964229611325407,-4.438052447454317e-19
403140,0.0,-1.3362883588290382e-37,9959.330660323261,0.9964229611325293,-4.440239081184416e-19
403200,0.0,-1.3369459160767962e-37,9959.330660324347,0.9964229611325179,-4.442424315392435e-19
403260,0.0,-1.337603051669774e-37,9959.330660325433,0.9964229611325066,-4.444608150078379e-19
403320,0.0,-1.3382597656079712e-37,9959.33066032652,0.9964229611324953,-4.446790585242245e-19
403380,0.0,-1.3389160578913888e-37,9959.330660327603,0.996422961132484,-4.448971620884028e-19
403440,0.0,-1.3395719285200257e-37,9959.330660328687,0.9964229611324726,-4.451151257003734e-19
403500,0.0,-1.3402273774938834e-37,9959.33066032977,0.9964229611324613,-4.453329493601362e-19
403560,0.0,-1.34088240481296e-37,9959.330660330852,0.99642296113245,-4.45550633067691e-19
403620,0.0,-1.3415370104772564e-37,9959.330660331932,0.9964229611324387,-4.457681768230381e-19
403680,0.0,-1.3421911944867732e-37,9959.330660333015,0.9964229611324275,-4.459855806261772e-19
403740,0.0,-1.3428449568415098e-37,9959.330660334093,0.9964229611324161,-4.462028444771086e-19
403800,0.0,-1.3434982975414665e-37,9959.330660335174,0.9964229611324048,-4.464199683758319e-19
403860,0.0,-1.3441512165866423e-37,9959.330660336253,0.9964229611323936,-4.466369523223476e-19
403920,0.0,-1.344803713977038e-37,9959.330660337331,0.9964229611323823,-4.468537963166551e-19
403980,0.0,-1.3454557897126548e-37,9959.330660338408,0.996422961132371,-4.470705003587551e-19
404040,0.0,-1.34610744379349e-37,9959.330660339485,0.9964229611323598,-4.472870644486468e-19
404100,0.0,-1.346758676219546e-37,9959.33066034056,0.9964229611323485,-4.475034885863308e-19
404160,0.0,-1.3474094869908217e-37,9959.330660341637,0.9964229611323373,-4.477197727718071e-19
404220,0.0,-1.3480598761073167e-37,9959.33066034271,0.9964229611323261,-4.479359170050756e-19
404280,0.0,-1.3487098435690322e-37,9959.330660343785,0.9964229611323149,-4.48151921286136e-19
404340,0.0,-1.3493593893759668e-37,9959.330660344858,0.9964229611323037,-4.483677856149884e-19
404400,0.0,-1.3500085135281226e-37,9959.33066034593,0.9964229611322925,-4.485835099916333e-19
404460,0.0,-1.350657216025497e-37,9959.330660347003,0.9964229611322812,-4.487990944160703e-19
404520,0.0,-1.351305496868092e-37,9959.330660348074,0.99642296113227,-4.490145388882993e-19
404580,0.0,-1.351953356055906e-37,9959.330660349144,0.9964229611322589,-4.492298434083202e-19
404640,0.0,-1.3526007935889405e-37,9959.330660350213,0.9964229611322477,-4.494450079761336e-19
404700,0.0,-1.353247809467195e-37,9959.330660351283,0.9964229611322365,-4.496600325917389e-19
404760,0.0,-1.3538944036906687e-37,9959.33066035235,0.9964229611322254,-4.498749172551365e-19
404820,0.0,-1.354540576259363e-37,9959.330660353418,0.9964229611322142,-4.500896619663261e-19
404880,0.0,-1.355186327173277e-37,9959.330660354486,0.9964229611322031,-4.50304266725308e-19
404940,0.0,-1.35583165643241e-37,9959.330660355552,0.9964229611321919,-4.505187315320818e-19
405000,0.0,-1.356476564036764e-37,9959.330660356618,0.9964229611321808,-4.507330563866478e-19
405060,0.0,-1.357121049986337e-37,9959.330660357682,0.9964229611321697,-4.50947241289006e-19
405120,0.0,-1.357765114281131e-37,9959.330660358746,0.9964229611321586,-4.511612862391565e-19
405180,0.0,-1.3584087569211437e-37,9959.33066035981,0.9964229611321475,-4.513751912370989e-19
405240,0.0,-1.3590519779063762e-37,9959.330660360874,0.9964229611321364,-4.515889562828333e-19
405300,0.0,-1.3596947772368293e-37,9959.330660361935,0.9964229611321253,-4.518025813763601e-19
405360,0.0,-1.3603371549125021e-37,9959.330660362997,0.9964229611321141,-4.520160665176791e-19
405420,0.0,-1.360979110933395e-37,9959.330660364058,0.996422961132103,-4.5222941170679e-19
405480,0.0,-1.361620645299507e-37,9959.330660365118,0.9964229611320919,-4.52442616943693e-19
405540,0.0,-1.3622617580108394e-37,9959.330660366177,0.9964229611320808,-4.526556822283881e-19
405600,0.0,-1.3629024490673915e-37,9959.330660367237,0.9964229611320699,-4.528686075608756e-19
405660,0.0,-1.3635427184691632e-37,9959.330660368294,0.9964229611320587,-4.530813929411552e-19
405720,0.0,-1.3641825662161553e-37,9959.33066036935,0.9964229611320478,-4.532940383692267e-19
405780,0.0,-1.3648219923083665e-37,9959.330660370408,0.9964229611320367,-4.535065438450904e-19
405840,0.0,-1.3654609967457987e-37,9959.330660371465,0.9964229611320257,-4.537189093687464e-19
405900,0.0,-1.36609957952845e-37,9959.33066037252,0.9964229611320146,-4.539311349401946e-19
405960,0.0,-1.3667377406563207e-37,9959.330660373575,0.9964229611320036,-4.541432205594347e-19
406020,0.0,-1.3673754801294125e-37,9959.330660374628,0.9964229611319926,-4.54355166226467e-19
406080,0.0,-1.3680127979477231e-37,9959.330660375681,0.9964229611319816,-4.545669719412913e-19
406140,0.0,-1.3686496941112543e-37,9959.330660376734,0.9964229611319706,-4.547786377039078e-19
406200,0.0,-1.3692861686200044e-37,9959.330660377786,0.9964229611319596,-4.549901635143167e-19
406260,0.0,-1.369922221473975e-37,9959.330660378837,0.9964229611319486,-4.552015493725175e-19
406320,0.0,-1.3705578526731659e-37,9959.330660379888,0.9964229611319376,-4.554127952785104e-19
406380,0.0,-1.3711930622175757e-37,9959.330660380938,0.9964229611319266,-4.556239012322954e-19
406440,0.0,-1.371827850107206e-37,9959.330660381986,0.9964229611319156,-4.558348672338724e-19
406500,0.0,-1.3724622163420561e-37,9959.330660383035,0.9964229611319048,-4.560456932832419e-19
406560,0.0,-1.3730961609221256e-37,9959.330660384083,0.9964229611318938,-4.562563793804036e-19
406620,0.0,-1.3737296838474156e-37,9959.330660385129,0.9964229611318829,-4.56466925525357e-19
406680,0.0,-1.3743627851179248e-37,9959.330660386177,0.9964229611318719,-4.566773317181027e-19
406740,0.0,-1.3749954647336548e-37,9959.33066038722,0.996422961131861,-4.568875979586406e-19
406800,0.0,-1.3756277226946037e-37,9959.330660388267,0.99642296113185,-4.570977242469708e-19
406860,0.0,-1.3762595590007731e-37,9959.33066038931,0.9964229611318391,-4.573077105830928e-19
406920,0.0,-1.3768909736521616e-37,9959.330660390355,0.9964229611318283,-4.57517556967007e-19
406980,0.0,-1.3775219666487706e-37,9959.330660391397,0.9964229611318174,-4.577272633987135e-19
407040,0.0,-1.3781525379905995e-37,9959.33066039244,0.9964229611318065,-4.579368298782119e-19
407100,0.0,-1.3787826876776477e-37,9959.33066039348,0.9964229611317956,-4.581462564055027e-19
407160,0.0,-1.3794124157099163e-37,9959.330660394522,0.9964229611317847,-4.5835554298058545e-19
407220,0.0,-1.3800417220874048e-37,9959.33066039556,0.9964229611317739,-4.585646896034604e-19
407280,0.0,-1.3806706068101124e-37,9959.330660396601,0.996422961131763,-4.587736962741274e-19
407340,0.0,-1.3812990698780408e-37,9959.33066039764,0.9964229611317521,-4.589825629925868e-19
407400,0.0,-1.3819271112911883e-37,9959.330660398678,0.9964229611317413,-4.591912897588379e-19
407460,0.0,-1.3825547310495567e-37,9959.330660399715,0.9964229611317305,-4.593998765728816e-19
407520,0.0,-1.3831819291531438e-37,9959.330660400752,0.9964229611317196,-4.59608323434717e-19
407580,0.0,-1.3838087056019508e-37,9959.330660401787,0.9964229611317088,-4.598166303443446e-19
407640,0.0,-1.3844350603959785e-37,9959.330660402822,0.9964229611316979,-4.600247973017647e-19
407700,0.0,-1.3850609935352256e-37,9959.330660403857,0.9964229611316872,-4.602328243069767e-19
407760,0.0,-1.3856865050196929e-37,9959.330660404892,0.9964229611316764,-4.604407113599808e-19
407820,0.0,-1.3863115948493794e-37,9959.330660405925,0.9964229611316655,-4.606484584607768e-19
407880,0.0,-1.3869362630242857e-37,9959.330660406957,0.9964229611316547,-4.608560656093651e-19
407940,0.0,-1.387560509544413e-37,9959.330660407988,0.996422961131644,-4.610635328057457e-19
408000,0.0,-1.388184334409759e-37,9959.33066040902,0.9964229611316332,-4.612708600499185e-19
408060,0.0,-1.3888077376203256e-37,9959.33066041005,0.9964229611316224,-4.614780473418832e-19
408120,0.0,-1.3894307191761117e-37,9959.33066041108,0.9964229611316117,-4.616850946816402e-19
408180,0.0,-1.390053279077118e-37,9959.33066041211,0.9964229611316009,-4.618920020691892e-19
408240,0.0,-1.3906754173233435e-37,9959.330660413138,0.9964229611315902,-4.620987695045305e-19
408300,0.0,-1.3912971339147888e-37,9959.330660414165,0.9964229611315795,-4.623053969876637e-19
408360,0.0,-1.391918428851455e-37,9959.330660415193,0.9964229611315687,-4.625118845185892e-19
408420,0.0,-1.3925393021333402e-37,9959.330660416219,0.996422961131558,-4.627182320973066e-19
408480,0.0,-1.3931597537604457e-37,9959.330660417245,0.9964229611315473,-4.629244397238162e-19
408540,0.0,-1.3937797837327705e-37,9959.330660418269,0.9964229611315366,-4.631305073981182e-19
408600,0.0,-1.3943993920503156e-37,9959.330660419293,0.9964229611315258,-4.633364351202123e-19
408660,0.0,-1.3950185787130805e-37,9959.330660420317,0.9964229611315152,-4.635422228900982e-19
408720,0.0,-1.395637343721065e-37,9959.33066042134,0.9964229611315045,-4.637478707077763e-19
408780,0.0,-1.3962556870742699e-37,9959.330660422362,0.9964229611314938,-4.639533785732469e-19
408840,0.0,-1.3968736087726943e-37,9959.330660423384,0.9964229611314831,-4.641587464865095e-19
408900,0.0,-1.3974911088163383e-37,9959.330660424404,0.9964229611314724,-4.64363974447564e-19
408960,0.0,-1.3981081872052026e-37,9959.330660425425,0.9964229611314618,-4.645690624564106e-19
409020,0.0,-1.3987248439392863e-37,9959.330660426444,0.9964229611314511,-4.647740105130494e-19
409080,0.0,-1.3993410790185908e-37,9959.330660427462,0.9964229611314405,-4.649788186174805e-19
409140,0.0,-1.3999568924431141e-37,9959.33066042848,0.9964229611314299,-4.651834867697039e-19
409200,0.0,-1.4005722842128575e-37,9959.330660429498,0.9964229611314193,-4.65388014969719e-19
409260,0.0,-1.4011872543278211e-37,9959.330660430514,0.9964229611314086,-4.655924032175263e-19
409320,0.0,-1.4018018027880046e-37,9959.33066043153,0.996422961131398,-4.657966515131259e-19
409380,0.0,-1.4024159295934078e-37,9959.330660432546,0.9964229611313874,-4.660007598565175e-19
409440,0.0,-1.4030296347440305e-37,9959.33066043356,0.9964229611313768,-4.662047282477015e-19
409500,0.0,-1.4036429182398736e-37,9959.330660434574,0.9964229611313662,-4.664085566866773e-19
409560,0.0,-1.4042557800809364e-37,9959.330660435588,0.9964229611313556,-4.666122451734455e-19
409620,0.0,-1.4048682202672187e-37,9959.330660436599,0.996422961131345,-4.668157937080056e-19
409680,0.0,-1.4054802387987214e-37,9959.330660437612,0.9964229611313344,-4.670192022903581e-19
409740,0.0,-1.4060918356754434e-37,9959.330660438622,0.9964229611313239,-4.672224709205024e-19
409800,0.0,-1.406703010897386e-37,9959.330660439633,0.9964229611313133,-4.674255995984391e-19
409860,0.0,-1.4073137644645477e-37,9959.330660440643,0.9964229611313028,-4.676285883241678e-19
409920,0.0,-1.4079240963769292e-37,9959.330660441652,0.9964229611312923,-4.678314370976884e-19
409980,0.0,-1.4085340066345318e-37,9959.33066044266,0.9964229611312817,-4.680341459190016e-19
410040,0.0,-1.409143495237353e-37,9959.330660443668,0.9964229611312712,-4.682367147881069e-19
410100,0.0,-1.4097525621853946e-37,9959.330660444675,0.9964229611312606,-4.68439143705004e-19
410160,0.0,-1.4103612074786556e-37,9959.330660445681,0.9964229611312502,-4.686414326696933e-19
410220,0.0,-1.4109694311171369e-37,9959.330660446687,0.9964229611312396,-4.688435816821749e-19
410280,0.0,-1.4115772331008382e-37,9959.330660447691,0.9964229611312292,-4.690455907424487e-19
410340,0.0,-1.4121846134297587e-37,9959.330660448695,0.9964229611312186,-4.692474598505144e-19
410400,0.0,-1.4127915721038996e-37,9959.3306604497,0.9964229611312082,-4.694491890063722e-19
410460,0.0,-1.4133981091232602e-37,9959.330660450702,0.9964229611311977,-4.696507782100223e-19
410520,0.0,-1.4140042244878404e-37,9959.330660451704,0.9964229611311872,-4.698522274614644e-19
410580,0.0,-1.414609918197641e-37,9959.330660452706,0.9964229611311768,-4.700535367606989e-19
410640,0.0,-1.4152151902526606e-37,9959.330660453707,0.9964229611311662,-4.702547061077253e-19
410700,0.0,-1.4158200406529013e-37,9959.330660454707,0.9964229611311558,-4.704557355025439e-19
410760,0.0,-1.416424469398361e-37,9959.330660455706,0.9964229611311454,-4.706566249451545e-19
410820,0.0,-1.417028476489041e-37,9959.330660456704,0.9964229611311349,-4.708573744355575e-19
410880,0.0,-1.4176320619249401e-37,9959.330660457703,0.9964229611311245,-4.7105798397375235e-19
410940,0.0,-1.4182352257060598e-37,9959.3306604587,0.9964229611311141,-4.712584535597395e-19
411000,0.0,-1.4188379678323992e-37,9959.330660459696,0.9964229611311037,-4.714587831935187e-19
411060,0.0,-1.419440288303958e-37,9959.330660460691,0.9964229611310933,-4.716589728750899e-19
411120,0.0,-1.4200421871207373e-37,9959.330660461688,0.9964229611310829,-4.718590226044536e-19
411180,0.0,-1.4206436642827362e-37,9959.330660462681,0.9964229611310725,-4.720589323816094e-19
411240,0.0,-1.4212447197899548e-37,9959.330660463676,0.9964229611310621,-4.72258702206557e-19
411300,0.0,-1.4218453536423935e-37,9959.33066046467,0.9964229611310518,-4.724583320792968e-19
411360,0.0,-1.4224455658400517e-37,9959.330660465661,0.9964229611310413,-4.726578219998286e-19
411420,0.0,-1.4230453563829308e-37,9959.330660466654,0.996422961131031,-4.728571719681529e-19
411480,0.0,-1.4236447252710286e-37,9959.330660467644,0.9964229611310207,-4.730563819842694e-19
411540,0.0,-1.4242436725043463e-37,9959.330660468635,0.9964229611310103,-4.732554520481777e-19
411600,0.0,-1.4248421980828844e-37,9959.330660469624,0.9964229611309999,-4.734543821598781e-19
411660,0.0,-1.4254403020066421e-37,9959.330660470614,0.9964229611309896,-4.736531723193709e-19
411720,0.0,-1.42603798427562e-37,9959.330660471602,0.9964229611309793,-4.738518225266559e-19
411780,0.0,-1.426635244889817e-37,9959.33066047259,0.996422961130969,-4.740503327817327e-19
411840,0.0,-1.427232083849234e-37,9959.330660473577,0.9964229611309586,-4.742487030846017e-19
411900,0.0,-1.427828501153872e-37,9959.330660474563,0.9964229611309484,-4.74446933435263e-19
411960,0.0,-1.4284244968037286e-37,9959.330660475549,0.9964229611309381,-4.746450238337163e-19
412020,0.0,-1.4290200707988057e-37,9959.330660476533,0.9964229611309278,-4.748429742799619e-19
412080,0.0,-1.4296152231391027e-37,9959.330660477517,0.9964229611309174,-4.750407847739996e-19
412140,0.0,-1.4302099538246194e-37,9959.330660478501,0.9964229611309072,-4.752384553158292e-19
412200,0.0,-1.4308042628553556e-37,9959.330660479483,0.9964229611308969,-4.75435985905451e-19
412260,0.0,-1.4313981502313116e-37,9959.330660480466,0.9964229611308867,-4.7563337654286515e-19
412320,0.0,-1.4319916159524885e-37,9959.330660481448,0.9964229611308765,-4.758306272280714e-19
412380,0.0,-1.4325846600188841e-37,9959.330660482428,0.9964229611308661,-4.760277379610695e-19
412440,0.0,-1.4331772824305003e-37,9959.330660483407,0.9964229611308559,-4.762247087418598e-19
412500,0.0,-1.4337694831873356e-37,9959.330660484387,0.9964229611308457,-4.764215395704423e-19
412560,0.0,-1.4343612622893913e-37,9959.330660485366,0.9964229611308355,-4.76618230446817e-19
412620,0.0,-1.4349526197366671e-37,9959.330660486345,0.9964229611308253,-4.76814781370984e-19
412680,0.0,-1.4355435555291621e-37,9959.330660487321,0.9964229611308151,-4.770111923429428e-19
412740,0.0,-1.4361340696668776e-37,9959.330660488298,0.9964229611308049,-4.772074633626937e-19
412800,0.0,-1.4367241621498127e-37,9959.330660489273,0.9964229611307946,-4.77403594430237e-19
412860,0.0,-1.4373138329779671e-37,9959.330660490248,0.9964229611307844,-4.775995855455723e-19
412920,0.0,-1.437903082151342e-37,9959.330660491223,0.9964229611307742,-4.777954367086999e-19
412980,0.0,-1.4384919096699364e-37,9959.330660492196,0.9964229611307641,-4.779911479196193e-19
413040,0.0,-1.4390803155337516e-37,9959.33066049317,0.9964229611307539,-4.781867191783311e-19
413100,0.0,-1.4396682997427856e-37,9959.330660494143,0.9964229611307438,-4.783821504848349e-19
413160,0.0,-1.4402558622970395e-37,9959.330660495114,0.9964229611307336,-4.78577441839131e-19
413220,0.0,-1.4408430031965137e-37,9959.330660496085,0.9964229611307235,-4.78772593241219e-19
413280,0.0,-1.4414297224412076e-37,9959.330660497057,0.9964229611307134,-4.789676046910994e-19
413340,0.0,-1.4420160200311218e-37,9959.330660498026,0.9964229611307032,-4.791624761887716e-19
413400,0.0,-1.442601895966255e-37,9959.330660498994,0.9964229611306931,-4.79357207734236e-19
413460,0.0,-1.4431873502466087e-37,9959.330660499963,0.996422961130683,-4.795517993274928e-19
413520,0.0,-1.4437723828721821e-37,9959.330660500931,0.9964229611306729,-4.797462509685417e-19
413580,0.0,-1.444356993842975e-37,9959.330660501897,0.9964229611306628,-4.799405626573825e-19
413640,0.0,-1.4449411831589882e-37,9959.330660502863,0.9964229611306527,-4.801347343940154e-19
413700,0.0,-1.445524950820221e-37,9959.330660503829,0.9964229611306425,-4.803287661784407e-19
413760,0.0,-1.4461082968266743e-37,9959.330660504795,0.9964229611306324,-4.805226580106581e-19
413820,0.0,-1.4466912211783466e-37,9959.330660505759,0.9964229611306225,-4.807164098906675e-19
413880,0.0,-1.4472737238752388e-37,9959.330660506721,0.9964229611306124,-4.809100218184689e-19
413940,0.0,-1.4478558049173518e-37,9959.330660507685,0.9964229611306022,-4.811034937940628e-19
414000,0.0,-1.4484374643046836e-37,9959.330660508647,0.9964229611305923,-4.812968258174484e-19
414060,0.0,-1.449018702037236e-37,9959.330660509608,0.9964229611305822,-4.814900178886265e-19
414120,0.0,-1.4495995181150076e-37,9959.330660510568,0.9964229611305722,-4.816830700075965e-19
414180,0.0,-1.4501799125379993e-37,9959.330660511529,0.9964229611305621,-4.818759821743588e-19
414240,0.0,-1.4507598853062113e-37,9959.330660512487,0.9964229611305521,-4.820687543889131e-19
414300,0.0,-1.4513394364196424e-37,9959.330660513448,0.9964229611305421,-4.822613866512595e-19
414360,0.0,-1.451918565878294e-37,9959.330660514404,0.9964229611305321,-4.824538789613982e-19
414420,0.0,-1.4524972736821653e-37,9959.330660515361,0.9964229611305221,-4.826462313193291e-19
414480,0.0,-1.4530755598312566e-37,9959.330660516318,0.9964229611305121,-4.828384437250519e-19
414540,0.0,-1.4536534243255672e-37,9959.330660517275,0.9964229611305021,-4.830305161785668e-19
414600,0.0,-1.4542308671650975e-37,9959.33066051823,0.9964229611304921,-4.8322244867987405e-19
414660,0.0,-1.454807888349849e-37,9959.330660519185,0.9964229611304821,-4.834142412289735e-19
414720,0.0,-1.455384487879819e-37,9959.330660520138,0.9964229611304721,-4.836058938258648e-19
414780,0.0,-1.4559606657550097e-37,9959.330660521091,0.9964229611304621,-4.837974064705482e-19
414840,0.0,-1.4565364219754195e-37,9959.330660522044,0.9964229611304523,-4.839887791630237e-19
414900,0.0,-1.4571117565410496e-37,9959.330660522995,0.9964229611304423,-4.841800119032916e-19
414960,0.0,-1.4576866694518999e-37,9959.330660523947,0.9964229611304324,-4.843711046913518e-19
415020,0.0,-1.4582611607079692e-37,9959.330660524896,0.9964229611304224,-4.845620575272037e-19
415080,0.0,-1.4588352303092591e-37,9959.330660525846,0.9964229611304125,-4.847528704108478e-19
415140,0.0,-1.4594088782557687e-37,9959.330660526795,0.9964229611304026,-4.849435433422842e-19
415200,0.0,-1.4599821045474977e-37,9959.330660527743,0.9964229611303926,-4.851340763215129e-19
415260,0.0,-1.4605549091844471e-37,9959.33066052869,0.9964229611303828,-4.853244693485334e-19
415320,0.0,-1.461127292166616e-37,9959.330660529638,0.9964229611303729,-4.855147224233459e-19
415380,0.0,-1.4616992534940055e-37,9959.330660530584,0.996422961130363,-4.857048355459509e-19
415440,0.0,-1.462270793166614e-37,9959.33066053153,0.9964229611303531,-4.858948087163478e-19
415500,0.0,-1.4628419111844423e-37,9959.330660532474,0.9964229611303432,-4.860846419345371e-19
415560,0.0,-1.463412607547491e-37,9959.330660533418,0.9964229611303334,-4.862743352005182e-19
415620,0.0,-1.4639828822557595e-37,9959.330660534362,0.9964229611303235,-4.864638885142917e-19
415680,0.0,-1.464552735309248e-37,9959.330660535305,0.9964229611303137,-4.866533018758571e-19
415740,0.0,-1.4651221667079558e-37,9959.330660536247,0.9964229611303038,-4.868425752852147e-19
415800,0.0,-1.4656911764518839e-37,9959.330660537189,0.9964229611302939,-4.870317087423646e-19
415860,0.0,-1.4662597645410318e-37,9959.33066053813,0.9964229611302842,-4.872207022473067e-19
415920,0.0,-1.4668279309753991e-37,9959.33066053907,0.9964229611302743,-4.874095558000406e-19
415980,0.0,-1.467395675754987e-37,9959.330660540008,0.9964229611302645,-4.875982694005666e-19
416040,0.0,-1.4679629988797943e-37,9959.330660540947,0.9964229611302547,-4.87786843048885e-19
416100,0.0,-1.4685299003498217e-37,9959.330660541886,0.9964229611302449,-4.879752767449956e-19
416160,0.0,-1.4690963801650686e-37,9959.330660542822,0.9964229611302351,-4.881635704888981e-19
416220,0.0,-1.469662438325535e-37,9959.33066054376,0.9964229611302253,-4.883517242805926e-19
416280,0.0,-1.4702280748312226e-37,9959.330660544694,0.9964229611302156,-4.885397381200797e-19
416340,0.0,-1.470793289682129e-37,9959.33066054563,0.9964229611302058,-4.887276120073585e-19
416400,0.0,-1.4713580828782557e-37,9959.330660546564,0.996422961130196,-4.889153459424298e-19
416460,0.0,-1.4719224544196017e-37,9959.330660547497,0.9964229611301862,-4.891029399252928e-19
416520,0.0,-1.4724864043061679e-37,9959.33066054843,0.9964229611301765,-4.892903939559483e-19
416580,0.0,-1.4730499325379543e-37,9959.330660549364,0.9964229611301668,-4.894777080343957e-19
416640,0.0,-1.4736130391149598e-37,9959.330660550295,0.996422961130157,-4.896648821606355e-19
416700,0.0,-1.474175724037186e-37,9959.330660551226,0.9964229611301473,-4.898519163346672e-19
416760,0.0,-1.4747379873046317e-37,9959.330660552156,0.9964229611301376,-4.900388105564911e-19
416820,0.0,-1.4752998289172968e-37,9959.330660553085,0.9964229611301278,-4.90225564826107e-19
416880,0.0,-1.4758612488751824e-37,9959.330660554015,0.9964229611301182,-4.904121791435151e-19
416940,0.0,-1.4764222471782874e-37,9959.330660554944,0.9964229611301084,-4.905986535087155e-19
417000,0.0,-1.476982823826613e-37,9959.33066055587,0.9964229611300988,-4.90784987921708e-19
417060,0.0,-1.4775429788201578e-37,9959.330660556798,0.9964229611300891,-4.909711823824925e-19
417120,0.0,-1.4781027121589229e-37,9959.330660557724,0.9964229611300794,-4.911572368910691e-19
417180,0.0,-1.4786620238429072e-37,9959.33066055865,0.9964229611300698,-4.91343151447438e-19
417240,0.0,-1.4792209138721118e-37,9959.330660559574,0.9964229611300601,-4.915289260515988e-19
417300,0.0,-1.4797793822465364e-37,9959.330660560498,0.9964229611300505,-4.91714560703552e-19
417360,0.0,-1.4803374289661804e-37,9959.330660561422,0.9964229611300408,-4.919000554032972e-19
417420,0.0,-1.4808950540310446e-37,9959.330660562344,0.9964229611300311,-4.920854101508344e-19
417480,0.0,-1.4814522574411287e-37,9959.330660563266,0.9964229611300215,-4.92270624946164e-19
417540,0.0,-1.4820090391964322e-37,9959.330660564188,0.9964229611300118,-4.924556997892857e-19
417600,0.0,-1.4825653992969561e-37,9959.330660565109,0.9964229611300023,-4.926406346801994e-19
417660,0.0,-1.4831213377426993e-37,9959.33066056603,0.9964229611299926,-4.9282542961890515e-19
417720,0.0,-1.4836768545336633e-37,9959.330660566948,0.9964229611299831,-4.930100846054032e-19
417780,0.0,-1.4842319496698463e-37,9959.330660567866,0.9964229611299734,-4.931945996396932e-19
417840,0.0,-1.484786623151249e-37,9959.330660568785,0.9964229611299639,-4.933789747217757e-19
417900,0.0,-1.4853408749778722e-37,9959.330660569702,0.9964229611299542,-4.9356320985165e-19
417960,0.0,-1.4858947051497151e-37,9959.330660570618,0.9964229611299447,-4.937473050293166e-19
418020,0.0,-1.486448113666778e-37,9959.330660571533,0.9964229611299351,-4.939312602547752e-19
418080,0.0,-1.4870011005290602e-37,9959.330660572448,0.9964229611299256,-4.941150755280261e-19
418140,0.0,-1.4875536657365626e-37,9959.330660573363,0.996422961129916,-4.942987508490691e-19
418200,0.0,-1.4881058092892852e-37,9959.330660574276,0.9964229611299065,-4.94482286217904e-19
418260,0.0,-1.4886575311872268e-37,9959.33066057519,0.9964229611298969,-4.946656816345311e-19
418320,0.0,-1.4892088314303891e-37,9959.330660576103,0.9964229611298874,-4.948489370989504e-19
418380,0.0,-1.489759710018771e-37,9959.330660577014,0.9964229611298778,-4.950320526111619e-19
418440,0.0,-1.490310166952373e-37,9959.330660577925,0.9964229611298683,-4.952150281711656e-19
418500,0.0,-1.490860202231194e-37,9959.330660578837,0.9964229611298588,-4.953978637789613e-19
418560,0.0,-1.4914098158552353e-37,9959.330660579746,0.9964229611298493,-4.95580559434549e-19
418620,0.0,-1.4919590078244971e-37,9959.330660580654,0.9964229611298399,-4.95763115137929e-19
418680,0.0,-1.492507778138978e-37,9959.330660581563,0.9964229611298303,-4.959455308891013e-19
418740,0.0,-1.4930561267986792e-37,9959.330660582471,0.9964229611298209,-4.961278066880655e-19
418800,0.0,-1.4936040538035997e-37,9959.330660583377,0.9964229611298113,-4.963099425348217e-19
418860,0.0,-1.4941515591537404e-37,9959.330660584283,0.9964229611298019,-4.964919384293703e-19
418920,0.0,-1.4946986428491012e-37,9959.330660585189,0.9964229611297925,-4.966737943717108e-19
418980,0.0,-1.4952453048896811e-37,9959.330660586093,0.996422961129783,-4.968555103618438e-19
419040,0.0,-1.4957915452754818e-37,9959.330660586997,0.9964229611297736,-4.970370863997686e-19
419100,0.0,-1.496337364006502e-37,9959.3306605879,0.9964229611297641,-4.972185224854857e-19
419160,0.0,-1.4968827610827417e-37,9959.330660588803,0.9964229611297547,-4.9739981861899475e-19
419220,0.0,-1.4974277365042018e-37,9959.330660589705,0.9964229611297453,-4.97580974800296e-19
419280,0.0,-1.497972290270881e-37,9959.330660590607,0.9964229611297358,-4.977619910293896e-19
419340,0.0,-1.4985164223827813e-37,9959.330660591508,0.9964229611297264,-4.979428673062752e-19
419400,0.0,-1.4990601328399002e-37,9959.330660592408,0.996422961129717,-4.981236036309528e-19
419460,0.0,-1.4996034216422392e-37,9959.330660593307,0.9964229611297076,-4.983042000034225e-19
419520,0.0,-1.5001462887897987e-37,9959.330660594205,0.9964229611296982,-4.984846564236846e-19
419580,0.0,-1.5006887342825777e-37,9959.330660595104,0.9964229611296889,-4.986649728917388e-19
419640,0.0,-1.5012307581205768e-37,9959.330660596,0.9964229611296794,-4.988451494075849e-19
419700,0.0,-1.5017723603037951e-37,9959.330660596897,0.9964229611296701,-4.990251859712231e-19
419760,0.0,-1.5023135408322339e-37,9959.330660597792,0.9964229611296608,-4.992050825826535e-19
419820,0.0,-1.5028542997058925e-37,9959.330660598687,0.9964229611296513,-4.993848392418763e-19
419880,0.0,-1.5033946369247703e-37,9959.330660599582,0.996422961129642,-4.995644559488912e-19
419940,0.0,-1.5039345524888687e-37,9959.330660600475,0.9964229611296327,-4.997439327036979e-19
420000,0.0,-1.5044740463981868e-37,9959.330660601368,0.9964229611296234,-4.99923269506297e-19
420060,0.0,-1.5050131186527249e-37,9959.330660602262,0.996422961129614,-5.00102466356688e-19
420120,0.0,-1.5055517692524822e-37,9959.330660603153,0.9964229611296047,-5.002815232548715e-19
420180,0.0,-1.5060899981974595e-37,9959.330660604044,0.9964229611295954,-5.004604402008467e-19
420240,0.0,-1.5066278054876575e-37,9959.330660604934,0.9964229611295861,-5.006392171946144e-19
420300,0.0,-1.5071651911230745e-37,9959.330660605825,0.9964229611295768,-5.00817854236174e-19
420360,0.0,-1.507702155103712e-37,9959.330660606713,0.9964229611295675,-5.009963513255257e-19
420420,0.0,-1.5082386974295686e-37,9959.3306606076,0.9964229611295582,-5.011747084626698e-19
420480,0.0,-1.5087748181006455e-37,9959.330660608488,0.996422961129549,-5.01352925647606e-19
420540,0.0,-1.5093105171169424e-37,9959.330660609376,0.9964229611295397,-5.01531002880334e-19
420600,0.0,-1.5098457944784585e-37,9959.330660610261,0.9964229611295304,-5.017089401608543e-19
420660,0.0,-1.5103806501851953e-37,9959.330660611147,0.9964229611295212,-5.018867374891666e-19
420720,0.0,-1.5109150842371515e-37,9959.330660612031,0.9964229611295119,-5.020643948652713e-19
420780,0.0,-1.5114490966343273e-37,9959.330660612915,0.9964229611295027,-5.022419122891682e-19
420840,0.0,-1.5119826873767236e-37,9959.3306606138,0.9964229611294935,-5.024192897608569e-19
420900,0.0,-1.5125158564643393e-37,9959.330660614682,0.9964229611294843,-5.0259652728033775e-19
420960,0.0,-1.5130486038971756e-37,9959.330660615564,0.996422961129475,-5.02773624847611e-19
421020,0.0,-1.5135809296752307e-37,9959.330660616446,0.9964229611294658,-5.029505824626764e-19
421080,0.0,-1.5141128337985065e-37,9959.330660617326,0.9964229611294566,-5.031274001255337e-19
421140,0.0,-1.5146443162670015e-37,9959.330660618207,0.9964229611294474,-5.033040778361831e-19
421200,0.0,-1.5151753770807165e-37,9959.330660619085,0.9964229611294383,-5.034806155946248e-19
421260,0.0,-1.5157060162396518e-37,9959.330660619964,0.9964229611294291,-5.036570134008586e-19
421320,0.0,-1.5162362337438065e-37,9959.33066062084,0.9964229611294199,-5.038332712548846e-19
421380,0.0,-1.5167660295931814e-37,9959.33066062172,0.9964229611294108,-5.040093891567025e-19
421440,0.0,-1.517295403787776e-37,9959.330660622596,0.9964229611294015,-5.041853671063128e-19
421500,0.0,-1.51782435632759e-37,9959.330660623471,0.9964229611293924,-5.04361205103715e-19
421560,0.0,-1.5183528872126247e-37,9959.330660624346,0.9964229611293832,-5.045369031489096e-19
421620,0.0,-1.5188809964428785e-37,9959.33066062522,0.9964229611293741,-5.047124612418961e-19
421680,0.0,-1.5194086840183532e-37,9959.330660626094,0.996422961129365,-5.048878793826748e-19
421740,0.0,-1.5199359499390466e-37,9959.330660626967,0.9964229611293559,-5.050631575712456e-19
421800,0.0,-1.5204627942049601e-37,9959.33066062784,0.9964229611293468,-5.052382958076085e-19
421860,0.0,-1.5209892168160939e-37,9959.330660628711,0.9964229611293377,-5.054132940917637e-19
421920,0.0,-1.5215152177724474e-37,9959.330660629583,0.9964229611293286,-5.055881524237111e-19
421980,0.0,-1.5220407970740208e-37,9959.330660630452,0.9964229611293195,-5.057628708034503e-19
422040,0.0,-1.5225659547208136e-37,9959.330660631322,0.9964229611293104,-5.059374492309817e-19
422100,0.0,-1.5230906907128267e-37,9959.330660632191,0.9964229611293013,-5.061118877063054e-19
422160,0.0,-1.52361500505006e-37,9959.330660633059,0.9964229611292922,-5.06286186229421e-19
422220,0.0,-1.5241388977325123e-37,9959.330660633927,0.9964229611292832,-5.064603448003291e-19
422280,0.0,-1.5246623687601852e-37,9959.330660634794,0.9964229611292741,-5.06634363419029e-19
422340,0.0,-1.5251854181330776e-37,9959.33066063566,0.9964229611292651,-5.068082420855213e-19
422400,0.0,-1.5257080458511902e-37,9959.330660636526,0.996422961129256,-5.069819807998054e-19
422460,0.0,-1.526230251914522e-37,9959.33066063739,0.996422961129247,-5.0715557956188205e-19
422520,0.0,-1.5267520363230736e-37,9959.330660638254,0.9964229611292379,-5.073290383717505e-19
422580,0.0,-1.5272733990768461e-37,9959.330660639118,0.9964229611292289,-5.075023572294112e-19
422640,0.0,-1.5277943401758376e-37,9959.33066063998,0.9964229611292199,-5.07675536134864e-19
422700,0.0,-1.5283148596200496e-37,9959.330660640842,0.9964229611292109,-5.078485750881087e-19
422760,0.0,-1.5288349574094805e-37,9959.330660641703,0.9964229611292019,-5.08021474089146e-19
422820,0.0,-1.529354633544132e-37,9959.330660642563,0.9964229611291929,-5.081942331379753e-19
422880,0.0,-1.5298738880240033e-37,9959.330660643423,0.9964229611291839,-5.083668522345965e-19
422940,0.0,-1.530392720849094e-37,9959.330660644282,0.9964229611291749,-5.085393313790098e-19
423000,0.0,-1.5309111320194053e-37,9959.33066064514,0.996422961129166,-5.087116705712156e-19
423060,0.0,-1.531429121534936e-37,9959.330660646,0.9964229611291571,-5.088838698112135e-19
423120,0.0,-1.5319466893956863e-37,9959.330660646856,0.9964229611291481,-5.090559290990032e-19
423180,0.0,-1.532463835601657e-37,9959.330660647713,0.9964229611291391,-5.092278484345851e-19
423240,0.0,-1.532980560152847e-37,9959.33066064857,0.9964229611291302,-5.093996278179591e-19
423300,0.0,-1.5334968630492577e-37,9959.330660649424,0.9964229611291212,-5.095712672491255e-19
423360,0.0,-1.5340127442908875e-37,9959.330660650277,0.9964229611291123,-5.097427667280839e-19
423420,0.0,-1.5345282038777376e-37,9959.330660651132,0.9964229611291033,-5.099141262548345e-19
423480,0.0,-1.535043241809807e-37,9959.330660651985,0.9964229611290945,-5.10085345829377e-19
423540,0.0,-1.5355578580870966e-37,9959.330660652837,0.9964229611290856,-5.102564254517119e-19
423600,0.0,-1.5360720527096063e-37,9959.330660653688,0.9964229611290767,-5.104273651218389e-19
423660,0.0,-1.5365858256773353e-37,9959.33066065454,0.9964229611290678,-5.10598164839758e-19
423720,0.0,-1.5370991769902847e-37,9959.33066065539,0.9964229611290589,-5.10768824605469e-19
423780,0.0,-1.5376121066484538e-37,9959.33066065624,0.99642296112905,-5.109393444189725e-19
423840,0.0,-1.5381246146518424e-37,9959.330660657088,0.9964229611290412,-5.111097242802679e-19
423900,0.0,-1.5386367010004513e-37,9959.330660657937,0.9964229611290323,-5.112799641893554e-19
423960,0.0,-1.53914836569428e-37,9959.330660658785,0.9964229611290234,-5.114500641462352e-19
424020,0.0,-1.5396596087333288e-37,9959.33066065963,0.9964229611290146,-5.116200241509071e-19
424080,0.0,-1.5401704301175968e-37,9959.330660660476,0.9964229611290057,-5.117898442033709e-19
424140,0.0,-1.5406808298470846e-37,9959.330660661322,0.9964229611289969,-5.119595243036271e-19
424200,0.0,-1.5411908079217933e-37,9959.330660662166,0.9964229611289881,-5.121290644516754e-19
424260,0.0,-1.541700364341721e-37,9959.33066066301,0.9964229611289792,-5.122984646475157e-19
424320,0.0,-1.5422094991068688e-37,9959.330660663854,0.9964229611289704,-5.124677248911482e-19
424380,0.0,-1.5427182122172361e-37,9959.330660664697,0.9964229611289617,-5.126368451825729e-19
424440,0.0,-1.5432265036728237e-37,9959.330660665539,0.9964229611289528,-5.128058255217897e-19
424500,0.0,-1.5437343734736313e-37,9959.330660666381,0.996422961128944,-5.129746659087985e-19
424560,0.0,-1.544241821619658e-37,9959.330660667221,0.9964229611289352,-5.131433663435995e-19
424620,0.0,-1.5447488481109053e-37,9959.330660668062,0.9964229611289265,-5.133119268261927e-19
424680,0.0,-1.5452554529473724e-37,9959.3306606689,0.9964229611289177,-5.13480347356578e-19
424740,0.0,-1.5457616361290593e-37,9959.330660669739,0.9964229611289089,-5.136486279347555e-19
424800,0.0,-1.5462673976559656e-37,9959.330660670576,0.9964229611289002,-5.138167685607249e-19
424860,0.0,-1.5467727375280917e-37,9959.330660671414,0.9964229611288915,-5.139847692344867e-19
424920,0.0,-1.5472776557454387e-37,9959.33066067225,0.9964229611288827,-5.141526299560405e-19
424980,0.0,-1.5477821523080045e-37,9959.330660673086,0.996422961128874,-5.143203507253864e-19
425040,0.0,-1.548286227215791e-37,9959.33066067392,0.9964229611288653,-5.144879315425245e-19
425100,0.0,-1.5487898804687964e-37,9959.330660674756,0.9964229611288565,-5.146553724074547e-19
425160,0.0,-1.5492931120670223e-37,9959.330660675589,0.9964229611288479,-5.148226733201772e-19
425220,0.0,-1.5497959220104682e-37,9959.330660676422,0.9964229611288391,-5.149898342806916e-19
425280,0.0,-1.5502983102991334e-37,9959.330660677255,0.9964229611288304,-5.151568552889982e-19
425340,0.0,-1.550800276933019e-37,9959.330660678086,0.9964229611288218,-5.153237363450968e-19
425400,0.0,-1.5513018219121242e-37,9959.330660678917,0.996422961128813,-5.154904774489878e-19
425460,0.0,-1.5518029452364488e-37,9959.330660679747,0.9964229611288044,-5.156570786006709e-19
425520,0.0,-1.552303646905994e-37,9959.330660680576,0.9964229611287957,-5.158235398001459e-19
425580,0.0,-1.5528039269207585e-37,9959.330660681406,0.996422961128787,-5.159898610474131e-19
425640,0.0,-1.5533037852807437e-37,9959.330660682233,0.9964229611287784,-5.161560423424727e-19
425700,0.0,-1.5538032219859478e-37,9959.330660683061,0.9964229611287697,-5.163220836853241e-19
425760,0.0,-1.554302237036372e-37,9959.330660683887,0.9964229611287612,-5.164879850759678e-19
425820,0.0,-1.5548008304320164e-37,9959.330660684715,0.9964229611287525,-5.166537465144036e-19
425880,0.0,-1.5552990021728804e-37,9959.330660685539,0.9964229611287438,-5.168193680006316e-19
425940,0.0,-1.5557967522589647e-37,9959.330660686364,0.9964229611287353,-5.169848495346516e-19
426000,0.0,-1.5562940806902681e-37,9959.330660687188,0.9964229611287266,-5.171501911164639e-19
426060,0.0,-1.5567909874667923e-37,9959.33066068801,0.9964229611287181,-5.173153927460682e-19
426120,0.0,-1.5572874725885354e-37,9959.330660688835,0.9964229611287094,-5.174804544234646e-19
426180,0.0,-1.5577835360554986e-37,9959.330660689655,0.9964229611287009,-5.176453761486533e-19
426240,0.0,-1.558279177867682e-37,9959.330660690477,0.9964229611286922,-5.178101579216339e-19
426300,0.0,-1.558774398025085e-37,9959.330660691297,0.9964229611286837,-5.179747997424067e-19
426360,0.0,-1.5592691965277083e-37,9959.330660692118,0.9964229611286751,-5.181393016109718e-19
426420,0.0,-1.5597635733755507e-37,9959.330660692936,0.9964229611286666,-5.183036635273288e-19
426480,0.0,-1.560257528568613e-37,9959.330660693755,0.996422961128658,-5.184678854914781e-19
426540,0.0,-1.5607510621068962e-37,9959.330660694573,0.9964229611286495,-5.186319675034195e-19
426600,0.0,-1.5612441739903982e-37,9959.33066069539,0.9964229611286409,-5.187959095631531e-19
426660,0.0,-1.5617368642191206e-37,9959.330660696207,0.9964229611286324,-5.189597116706786e-19
426720,0.0,-1.5622291327930624e-37,9959.330660697022,0.9964229611286238,-5.191233738259965e-19
426780,0.0,-1.5627209797122242e-37,9959.330660697837,0.9964229611286154,-5.192868960291064e-19
426840,0.0,-1.5632124049766063e-37,9959.330660698652,0.9964229611286068,-5.194502782800084e-19
426900,0.0,-1.5637034085862076e-37,9959.330660699465,0.9964229611285984,-5.196135205787026e-19
426960,0.0,-1.5641939905410294e-37,9959.330660700278,0.9964229611285899,-5.197766229251888e-19
427020,0.0,-1.5646841508410707e-37,9959.33066070109,0.9964229611285814,-5.199395853194673e-19
427080,0.0,-1.5651738894863317e-37,9959.330660701902,0.9964229611285729,-5.201024077615379e-19
427140,0.0,-1.5656632064768132e-37,9959.330660702713,0.9964229611285644,-5.202650902514005e-19
427200,0.0,-1.5661521018125136e-37,9959.330660703523,0.996422961128556,-5.204276327890554e-19
427260,0.0,-1.566640575493435e-37,9959.330660704332,0.9964229611285474,-5.205900353745024e-19
427320,0.0,-1.5671286275195754e-37,9959.330660705142,0.996422961128539,-5.207522980077415e-19
427380,0.0,-1.5676162578909361e-37,9959.33066070595,0.9964229611285306,-5.209144206887727e-19
427440,0.0,-1.5681034666075163e-37,9959.330660706757,0.9964229611285221,-5.210764034175961e-19
427500,0.0,-1.5685902536693165e-37,9959.330660707563,0.9964229611285137,-5.212382461942116e-19
427560,0.0,-1.5690766190763367e-37,9959.33066070837,0.9964229611285053,-5.2139994901861915e-19
427620,0.0,-1.5695625628285763e-37,9959.330660709174,0.9964229611284969,-5.215615118908189e-19
427680,0.0,-1.5700480849260364e-37,9959.33066070998,0.9964229611284885,-5.217229348108107e-19
427740,0.0,-1.5705331853687161e-37,9959.330660710784,0.9964229611284801,-5.218842177785948e-19
427800,0.0,-1.5710178641566153e-37,9959.330660711586,0.9964229611284717,-5.2204536079417095e-19
427860,0.0,-1.571502121289735e-37,9959.33066071239,0.9964229611284633,-5.222063638575391e-19
427920,0.0,-1.5719859567680742e-37,9959.33066071319,0.996422961128455,-5.223672269686997e-19
427980,0.0,-1.5724693705916334e-37,9959.330660713993,0.9964229611284465,-5.225279501276523e-19
428040,0.0,-1.572952362760412e-37,9959.330660714793,0.9964229611284382,-5.22688533334397e-19
428100,0.0,-1.5734349332744107e-37,9959.330660715594,0.9964229611284299,-5.228489765889337e-19
428160,0.0,-1.5739170821336299e-37,9959.330660716392,0.9964229611284214,-5.230092798912627e-19
428220,0.0,-1.5743988093380682e-37,9959.33066071719,0.9964229611284131,-5.231694432413838e-19
428280,0.0,-1.5748801148877268e-37,9959.33066071799,0.9964229611284048,-5.233294666392969e-19
428340,0.0,-1.5753609987826047e-37,9959.330660718786,0.9964229611283965,-5.234893500850022e-19
428400,0.0,-1.5758414610227027e-37,9959.330660719583,0.9964229611283881,-5.236490935784998e-19
428460,0.0,-1.576321501608021e-37,9959.330660720378,0.9964229611283798,-5.238086971197893e-19
428520,0.0,-1.5768011205385585e-37,9959.330660721173,0.9964229611283715,-5.239681607088711e-19
428580,0.0,-1.5772803178143164e-37,9959.330660721967,0.9964229611283633,-5.241274843457448e-19
428640,0.0,-1.577759093435294e-37,9959.33066072276,0.9964229611283549,-5.242866680304109e-19
428700,0.0,-1.5782374474014915e-37,9959.330660723554,0.9964229611283466,-5.24445711762869e-19
428760,0.0,-1.5787153797129084e-37,9959.330660724347,0.9964229611283384,-5.246046155431193e-19
428820,0.0,-1.5791928903695452e-37,9959.330660725138,0.9964229611283301,-5.247633793711616e-19
428880,0.0,-1.5796699793714027e-37,9959.33066072593,0.9964229611283218,-5.249220032469962e-19
428940,0.0,-1.5801466467184794e-37,9959.330660726719,0.9964229611283136,-5.25080487170623e-19
429000,0.0,-1.5806228924107763e-37,9959.330660727508,0.9964229611283053,-5.252388311420416e-19
429060,0.0,-1.5810987164482924e-37,9959.330660728298,0.9964229611282971,-5.253970351612526e-19
429120,0.0,-1.5815741188310287e-37,9959.330660729085,0.9964229611282889,-5.255550992282557e-19
429180,0.0,-1.5820490995589853e-37,9959.330660729873,0.9964229611282807,-5.257130233430508e-19
429240,0.0,-1.5825236586321611e-37,9959.330660730659,0.9964229611282724,-5.258708075056381e-19
429300,0.0,-1.5829977960505574e-37,9959.330660731444,0.9964229611282642,-5.260284517160174e-19
429360,0.0,-1.583471511814173e-37,9959.33066073223,0.996422961128256,-5.261859559741892e-19
429420,0.0,-1.5839448059230085e-37,9959.330660733016,0.9964229611282478,-5.263433202801529e-19
429480,0.0,-1.5844176783770643e-37,9959.3306607338,0.9964229611282396,-5.265005446339087e-19
429540,0.0,-1.5848901291763394e-37,9959.330660734582,0.9964229611282314,-5.266576290354566e-19
429600,0.0,-1.5853621583208352e-37,9959.330660735364,0.9964229611282233,-5.268145734847968e-19
429660,0.0,-1.58583376581055e-37,9959.330660736146,0.996422961128215,-5.269713779819291e-19
429720,0.0,-1.5863049516454846e-37,9959.330660736929,0.9964229611282069,-5.271280425268533e-19
429780,0.0,-1.5867757158256397e-37,9959.330660737709,0.9964229611281987,-5.2728456711956985e-19
429840,0.0,-1.5872460583510144e-37,9959.33066073849,0.9964229611281906,-5.274409517600786e-19
429900,0.0,-1.5877159792216091e-37,9959.330660739268,0.9964229611281824,-5.275971964483793e-19
429960,0.0,-1.5881854784374233e-37,9959.330660740046,0.9964229611281743,-5.277533011844722e-19
430020,0.0,-1.588654555998458e-37,9959.330660740823,0.9964229611281662,-5.279092659683572e-19
430080,0.0,-1.5891232119047119e-37,9959.330660741602,0.9964229611281581,-5.280650908000343e-19
430140,0.0,-1.5895914461561855e-37,9959.330660742376,0.99642296112815,-5.282207756795036e-19
430200,0.0,-1.5900592587528796e-37,9959.330660743153,0.9964229611281419,-5.283763206067651e-19
430260,0.0,-1.5905266496947932e-37,9959.330660743928,0.9964229611281338,-5.285317255818187e-19
430320,0.0,-1.5909936189819272e-37,9959.330660744703,0.9964229611281257,-5.286869906046643e-19
430380,0.0,-1.5914601666142803e-37,9959.330660745476,0.9964229611281176,-5.288421156753022e-19
430440,0.0,-1.591926292591853e-37,9959.33066074625,0.9964229611281095,-5.2899710079373205e-19
430500,0.0,-1.592391996914647e-37,9959.33066074702,0.9964229611281015,-5.291519459599542e-19
430560,0.0,-1.5928572795826595e-37,9959.330660747792,0.9964229611280934,-5.293066511739684e-19
430620,0.0,-1.5933221405958926e-37,9959.330660748563,0.9964229611280854,-5.294612164357747e-19
430680,0.0,-1.593786579954345e-37,9959.330660749334,0.9964229611280773,-5.296156417453732e-19
430740,0.0,-1.5942505976580176e-37,9959.330660750104,0.9964229611280693,-5.297699271027639e-19
430800,0.0,-1.5947141937069101e-37,9959.330660750871,0.9964229611280612,-5.299240725079465e-19
430860,0.0,-1.5951773681010221e-37,9959.33066075164,0.9964229611280532,-5.300780779609215e-19
430920,0.0,-1.5956401208403545e-37,9959.330660752406,0.9964229611280452,-5.302319434616885e-19
430980,0.0,-1.5961024519249066e-37,9959.330660753174,0.9964229611280372,-5.303856690102477e-19
431040,0.0,-1.596564361354678e-37,9959.33066075394,0.9964229611280292,-5.305392546065989e-19
431100,0.0,-1.5970258491296699e-37,9959.330660754706,0.9964229611280211,-5.306927002507423e-19
431160,0.0,-1.5974869152498812e-37,9959.33066075547,0.9964229611280132,-5.308460059426777e-19
431220,0.0,-1.5979475597153132e-37,9959.330660756234,0.9964229611280052,-5.309991716824055e-19
431280,0.0,-1.5984077825259641e-37,9959.330660756998,0.9964229611279972,-5.311521974699253e-19
431340,0.0,-1.5988675836818355e-37,9959.33066075776,0.9964229611279892,-5.313050833052371e-19
431400,0.0,-1.5993269631829261e-37,9959.330660758522,0.9964229611279812,-5.314578291883412e-19
431460,0.0,-1.599785921029237e-37,9959.330660759282,0.9964229611279734,-5.316104351192375e-19
431520,0.0,-1.600244457220768e-37,9959.330660760043,0.9964229611279654,-5.317629010979258e-19
431580,0.0,-1.6007025717575182e-37,9959.330660760803,0.9964229611279575,-5.319152271244062e-19
431640,0.0,-1.601160264639489e-37,9959.330660761561,0.9964229611279495,-5.320674131986788e-19
431700,0.0,-1.6016175358666793e-37,9959.33066076232,0.9964229611279416,-5.322194593207436e-19
431760,0.0,-1.6020743854390891e-37,9959.330660763078,0.9964229611279336,-5.323713654906004e-19
431820,0.0,-1.6025308133567193e-37,9959.330660763835,0.9964229611279257,-5.325231317082494e-19
431880,0.0,-1.6029868196195692e-37,9959.330660764592,0.9964229611279178,-5.326747579736905e-19
431940,0.0,-1.603442404227639e-37,9959.330660765347,0.99642296112791,-5.328262442869237e-19
432000,0.0,-1.6038975671809284e-37,9959.330660766102,0.9964229611279021,-5.329775906479491e-19
432060,0.0,-1.6043523084794375e-37,9959.330660766856,0.9964229611278942,-5.331287970567665e-19
432120,0.0,-1.6048066281231673e-37,9959.33066076761,0.9964229611278863,-5.332798635133762e-19
432180,0.0,-1.605260526112116e-37,9959.330660768363,0.9964229611278784,-5.334307900177781e-19
432240,0.0,-1.6057140024462853e-37,9959.330660769116,0.9964229611278705,-5.33581576569972e-19
432300,0.0,-1.606167057125674e-37,9959.330660769867,0.9964229611278628,-5.337322231699579e-19
432360,0.0,-1.6066196901502826e-37,9959.330660770618,0.9964229611278549,-5.338827298177361e-19
432420,0.0,-1.6070719015201116e-37,9959.330660771368,0.996422961127847,-5.3403309651330655e-19
432480,0.0,-1.6075236912351597e-37,9959.330660772117,0.9964229611278392,-5.3418332325666885e-19
432540,0.0,-1.607975059295428e-37,9959.330660772866,0.9964229611278314,-5.343334100478234e-19
432600,0.0,-1.6084260057009162e-37,9959.330660773614,0.9964229611278236,-5.344833568867702e-19
432660,0.0,-1.6088765304516245e-37,9959.330660774362,0.9964229611278158,-5.346331637735089e-19
432720,0.0,-1.6093266335475521e-37,9959.330660775107,0.9964229611278079,-5.3478283070804e-19
432780,0.0,-1.6097763149886996e-37,9959.330660775855,0.9964229611278002,-5.349323576903629e-19
432840,0.0,-1.6102255747750677e-37,9959.330660776599,0.9964229611277924,-5.350817447204783e-19
432900,0.0,-1.6106744129066548e-37,9959.330660777345,0.9964229611277846,-5.352309917983857e-19
432960,0.0,-1.6111228293834622e-37,9959.330660778089,0.9964229611277768,-5.353800989240851e-19
433020,0.0,-1.6115708242054892e-37,9959.33066077883,0.9964229611277691,-5.355290660975767e-19
433080,0.0,-1.6120183973727362e-37,9959.330660779573,0.9964229611277613,-5.356778933188605e-19
433140,0.0,-1.6124655488852033e-37,9959.330660780315,0.9964229611277535,-5.358265805879364e-19
433200,0.0,-1.6129122787428897e-37,9959.330660781057,0.9964229611277458,-5.359751279048043e-19
433260,0.0,-1.6133585869457964e-37,9959.330660781798,0.9964229611277381,-5.361235352694645e-19
433320,0.0,-1.613804473493923e-37,9959.330660782538,0.9964229611277303,-5.362718026819169e-19
433380,0.0,-1.614249938387269e-37,9959.330660783276,0.9964229611277226,-5.364199301421611e-19
433440,0.0,-1.6146949816258353e-37,9959.330660784015,0.9964229611277149,-5.365679176501978e-19
433500,0.0,-1.6151396032096211e-37,9959.330660784752,0.9964229611277072,-5.367157652060263e-19
433560,0.0,-1.6155838031386274e-37,9959.33066078549,0.9964229611276995,-5.368634728096472e-19
433620,0.0,-1.6160275814128528e-37,9959.330660786225,0.9964229611276918,-5.370110404610602e-19
433680,0.0,-1.6164709380322988e-37,9959.330660786962,0.9964229611276841,-5.371584681602653e-19
433740,0.0,-1.6169138729969639e-37,9959.330660787697,0.9964229611276764,-5.373057559072624e-19
433800,0.0,-1.6173563863068492e-37,9959.33066078843,0.9964229611276687,-5.374529037020518e-19
433860,0.0,-1.6177984779619546e-37,9959.330660789165,0.996422961127661,-5.375999115446333e-19
433920,0.0,-1.6182401479622792e-37,9959.330660789898,0.9964229611276534,-5.377467794350068e-19
433980,0.0,-1.6186813963078247e-37,9959.330660790629,0.9964229611276457,-5.378935073731726e-19
434040,0.0,-1.6191222229985892e-37,9959.33066079136,0.9964229611276382,-5.380400953591305e-19
434100,0.0,-1.6195626280345734e-37,9959.330660792091,0.9964229611276305,-5.381865433928804e-19
434160,0.0,-1.6200026114157782e-37,9959.33066079282,0.9964229611276229,-5.383328514744225e-19
434220,0.0,-1.6204421731422023e-37,9959.33066079355,0.9964229611276152,-5.384790196037568e-19
434280,0.0,-1.620881313213847e-37,9959.33066079428,0.9964229611276076,-5.3862504778088315e-19
434340,0.0,-1.6213200316307105e-37,9959.330660795007,0.9964229611276,-5.387709360058017e-19
434400,0.0,-1.6217583283927942e-37,9959.330660795735,0.9964229611275924,-5.389166842785124e-19
434460,0.0,-1.6221962035000984e-37,9959.330660796462,0.9964229611275849,-5.390622925990153e-19
434520,0.0,-1.6226336569526217e-37,9959.330660797188,0.9964229611275772,-5.392077609673101e-19
434580,0.0,-1.6230706887503655e-37,9959.330660797914,0.9964229611275697,-5.393530893833971e-19
434640,0.0,-1.6235072988933284e-37,9959.330660798638,0.9964229611275621,-5.394982778472762e-19
434700,0.0,-1.6239434873815116e-37,9959.330660799362,0.9964229611275546,-5.396433263589476e-19
434760,0.0,-1.6243792542149148e-37,9959.330660800084,0.996422961127547,-5.397882349184111e-19
434820,0.0,-1.6248145993935374e-37,9959.330660800808,0.9964229611275395,-5.399330035256666e-19
434880,0.0,-1.6252495229173805e-37,9959.330660801528,0.9964229611275319,-5.400776321807143e-19
434940,0.0,-1.625684024786443e-37,9959.33066080225,0.9964229611275244,-5.402221208835542e-19
435000,0.0,-1.6261181050007257e-37,9959.33066080297,0.9964229611275168,-5.403664696341861e-19
435060,0.0,-1.6265517635602277e-37,9959.330660803691,0.9964229611275093,-5.405106784326102e-19
435120,0.0,-1.6269850004649496e-37,9959.33066080441,0.9964229611275018,-5.406547472788265e-19
435180,0.0,-1.6274178157148923e-37,9959.330660805128,0.9964229611274943,-5.40798676172835e-19
435240,0.0,-1.6278502093100537e-37,9959.330660805846,0.9964229611274867,-5.409424651146354e-19
435300,0.0,-1.6282821812504358e-37,9959.330660806563,0.9964229611274793,-5.41086114104228e-19
435360,0.0,-1.628713731536037e-37,9959.330660807278,0.9964229611274718,-5.4122962314161265e-19
435420,0.0,-1.6291448601668586e-37,9959.330660807995,0.9964229611274643,-5.413729922267896e-19
435480,0.0,-1.6295755671429001e-37,9959.33066080871,0.9964229611274569,-5.415162213597587e-19
435540,0.0,-1.6300058524641609e-37,9959.330660809424,0.9964229611274494,-5.416593105405198e-19
435600,0.0,-1.6304357161306423e-37,9959.330660810137,0.9964229611274419,-5.418022597690731e-19
435660,0.0,-1.6308651581423431e-37,9959.33066081085,0.9964229611274344,-5.4194506904541855e-19
435720,0.0,-1.6312941784992636e-37,9959.330660811562,0.996422961127427,-5.420877383695561e-19
435780,0.0,-1.6317227772014045e-37,9959.330660812273,0.9964229611274196,-5.422302677414858e-19
435840,0.0,-1.632150954248765e-37,9959.330660812984,0.9964229611274121,-5.423726571612076e-19
435900,0.0,-1.6325787096413456e-37,9959.330660813695,0.9964229611274048,-5.425149066287216e-19
435960,0.0,-1.6330060433791453e-37,9959.330660814405,0.9964229611273974,-5.4265701614402765e-19
436020,0.0,-1.6334329554621651e-37,9959.330660815112,0.9964229611273899,-5.427989857071259e-19
436080,0.0,-1.6338594458904056e-37,9959.33066081582,0.9964229611273826,-5.429408153180163e-19
436140,0.0,-1.634285514663865e-37,9959.330660816528,0.9964229611273752,-5.430825049766987e-19
436200,0.0,-1.634711161782545e-37,9959.330660817235,0.9964229611273677,-5.432240546831733e-19
436260,0.0,-1.635136387246444e-37,9959.330660817941,0.9964229611273604,-5.433654644374399e-19
436320,0.0,-1.635561191055564e-37,9959.330660818647,0.9964229611273531,-5.435067342394989e-19
436380,0.0,-1.6359855732099027e-37,9959.33066081935,0.9964229611273456,-5.436478640893499e-19
436440,0.0,-1.6364095337094615e-37,9959.330660820055,0.9964229611273383,-5.437888539869929e-19
436500,0.0,-1.6368330725542408e-37,9959.330660820757,0.996422961127331,-5.439297039324282e-19
436560,0.0,-1.6372561897442394e-37,9959.33066082146,0.9964229611273236,-5.440704139256557e-19
436620,0.0,-1.6376788852794583e-37,9959.330660822163,0.9964229611273163,-5.442109839666753e-19
436680,0.0,-1.6381011591598966e-37,9959.330660822863,0.996422961127309,-5.443514140554868e-19
436740,0.0,-1.6385230113855546e-37,9959.330660823563,0.9964229611273017,-5.444917041920907e-19
436800,0.0,-1.6389444419564334e-37,9959.330660824264,0.9964229611272943,-5.446318543764867e-19
436860,0.0,-1.6393654508725311e-37,9959.330660824962,0.996422961127287,-5.447718646086747e-19
436920,0.0,-1.6397860381338492e-37,9959.33066082566,0.9964229611272797,-5.449117348886549e-19
436980,0.0,-1.6402062037403866e-37,9959.330660826357,0.9964229611272725,-5.450514652164271e-19
437040,0.0,-1.6406259476921443e-37,9959.330660827056,0.9964229611272651,-5.451910555919916e-19
437100,0.0,-1.641045269989122e-37,9959.33066082775,0.9964229611272579,-5.453305060153482e-19
437160,0.0,-1.6414641706313192e-37,9959.330660828447,0.9964229611272506,-5.454698164864968e-19
437220,0.0,-1.6418826496187365e-37,9959.330660829142,0.9964229611272434,-5.456089870054377e-19
437280,0.0,-1.6423007069513735e-37,9959.330660829837,0.996422961127236,-5.457480175721708e-19
437340,0.0,-1.6427183426292301e-37,9959.33066083053,0.9964229611272288,-5.458869081866959e-19
437400,0.0,-1.6431355566523072e-37,9959.330660831223,0.9964229611272216,-5.460256588490131e-19
437460,0.0,-1.6435523490206035e-37,9959.330660831914,0.9964229611272144,-5.461642695591225e-19
437520,0.0,-1.6439687197341206e-37,9959.330660832606,0.9964229611272072,-5.463027403170241e-19
437580,0.0,-1.6443846687928565e-37,9959.330660833297,0.9964229611272,-5.464410711227176e-19
437640,0.0,-1.644800196196813e-37,9959.330660833986,0.9964229611271928,-5.465792619762034e-19
437700,0.0,-1.6452153019459889e-37,9959.330660834676,0.9964229611271855,-5.467173128774813e-19
437760,0.0,-1.6456299860403847e-37,9959.330660835365,0.9964229611271783,-5.468552238265513e-19
437820,0.0,-1.6460442484800008e-37,9959.330660836053,0.9964229611271711,-5.469929948234136e-19
437880,0.0,-1.646458089264836e-37,9959.33066083674,0.996422961127164,-5.471306258680677e-19
437940,0.0,-1.6468715083948922e-37,9959.330660837428,0.9964229611271568,-5.472681169605142e-19
438000,0.0,-1.6472845058701673e-37,9959.330660838114,0.9964229611271496,-5.474054681007529e-19
438060,0.0,-1.647697081690662e-37,9959.330660838797,0.9964229611271425,-5.475426792887836e-19
438120,0.0,-1.6481092358563774e-37,9959.330660839483,0.9964229611271354,-5.476797505246063e-19
438180,0.0,-1.6485209683673122e-37,9959.330660840167,0.9964229611271281,-5.478166818082214e-19
438240,0.0,-1.6489322792234673e-37,9959.33066084085,0.996422961127121,-5.479534731396285e-19
438300,0.0,-1.6493431684248418e-37,9959.330660841533,0.9964229611271139,-5.480901245188276e-19
438360,0.0,-1.6497536359714359e-37,9959.330660842214,0.9964229611271067,-5.48226635945819e-19
438420,0.0,-1.6501636818632508e-37,9959.330660842896,0.9964229611270996,-5.4836300742060255e-19
438480,0.0,-1.6505733061002848e-37,9959.330660843576,0.9964229611270925,-5.48499238943178e-19
438540,0.0,-1.650982508682539e-37,9959.330660844254,0.9964229611270854,-5.486353305135459e-19
438600,0.0,-1.6513912896100126e-37,9959.330660844935,0.9964229611270783,-5.487712821317056e-19
438660,0.0,-1.6517996488827064e-37,9959.330660845613,0.9964229611270713,-5.489070937976577e-19
438720,0.0,-1.6522075865006203e-37,9959.33066084629,0.9964229611270642,-5.490427655114019e-19
438780,0.0,-1.6526151024637536e-37,9959.330660846967,0.9964229611270571,-5.491782972729382e-19
438840,0.0,-1.6530221967721071e-37,9959.330660847643,0.99642296112705,-5.493136890822665e-19
438900,0.0,-1.6534288694256803e-37,9959.33066084832,0.996422961127043,-5.494489409393871e-19
438960,0.0,-1.6538351204244737e-37,9959.330660848995,0.9964229611270359,-5.495840528442998e-19
439020,0.0,-1.6542409497684863e-37,9959.330660849668,0.9964229611270289,-5.497190247970045e-19
439080,0.0,-1.6546463574577187e-37,9959.330660850343,0.9964229611270219,-5.498538567975015e-19
439140,0.0,-1.655051343492172e-37,9959.330660851014,0.9964229611270148,-5.499885488457907e-19
439200,0.0,-1.6554559078718443e-37,9959.330660851687,0.9964229611270078,-5.501231009418717e-19
439260,0.0,-1.6558600505967368e-37,9959.330660852358,0.9964229611270008,-5.502575130857451e-19
439320,0.0,-1.6562637716668488e-37,9959.33066085303,0.9964229611269938,-5.503917852774106e-19
439380,0.0,-1.6566670710821808e-37,9959.330660853699,0.9964229611269868,-5.505259175168681e-19
439440,0.0,-1.657069948842733e-37,9959.330660854368,0.9964229611269798,-5.506599098041179e-19
439500,0.0,-1.6574724049485044e-37,9959.330660855037,0.9964229611269728,-5.507937621391598e-19
439560,0.0,-1.6578744393994965e-37,9959.330660855705,0.9964229611269658,-5.509274745219937e-19
439620,0.0,-1.658276052195708e-37,9959.330660856373,0.9964229611269588,-5.510610469526199e-19
439680,0.0,-1.658677243337139e-37,9959.330660857038,0.9964229611269518,-5.511944794310381e-19
439740,0.0,-1.6590780128237905e-37,9959.330660857704,0.996422961126945,-5.513277719572485e-19
439800,0.0,-1.6594783606556615e-37,9959.33066085837,0.996422961126938,-5.514609245312511e-19
439860,0.0,-1.6598782868327527e-37,9959.330660859034,0.996422961126931,-5.515939371530457e-19
439920,0.0,-1.6602777913550633e-37,9959.330660859698,0.9964229611269241,-5.517268098226324e-19
439980,0.0,-1.6606768742225936e-37,9959.330660860362,0.9964229611269172,-5.5185954254001135e-19
440040,0.0,-1.6610755354353447e-37,9959.330660861024,0.9964229611269102,-5.519921353051825e-19
440100,0.0,-1.6614737749933148e-37,9959.330660861686,0.9964229611269033,-5.521245881181456e-19
440160,0.0,-1.6618715928965051e-37,9959.330660862346,0.9964229611268964,-5.522569009789009e-19
440220,0.0,-1.662268989144915e-37,9959.330660863006,0.9964229611268896,-5.523890738874484e-19
440280,0.0,-1.6626659637385456e-37,9959.330660863667,0.9964229611268826,-5.52521106843788e-19
440340,0.0,-1.663062516677395e-37,9959.330660864325,0.9964229611268757,-5.526529998479196e-19
440400,0.0,-1.6634586479614644e-37,9959.330660864984,0.9964229611268688,-5.527847528998435e-19
440460,0.0,-1.6638543575907541e-37,9959.330660865642,0.996422961126862,-5.5291636599955935e-19
440520,0.0,-1.6642496455652634e-37,9959.330660866299,0.9964229611268551,-5.5304783914706755e-19
440580,0.0,-1.664644511884993e-37,9959.330660866955,0.9964229611268483,-5.531791723423678e-19
440640,0.0,-1.6650389565499418e-37,9959.33066086761,0.9964229611268414,-5.533103655854601e-19
440700,0.0,-1.6654329795601104e-37,9959.330660868265,0.9964229611268346,-5.534414188763447e-19
440760,0.0,-1.6658265809154998e-37,9959.33066086892,0.9964229611268277,-5.535723322150213e-19
440820,0.0,-1.6662197606161083e-37,9959.330660869573,0.9964229611268209,-5.537031056014901e-19
440880,0.0,-1.666612518661937e-37,9959.330660870226,0.996422961126814,-5.538337390357509e-19
440940,0.0,-1.667004855052985e-37,9959.330660870877,0.9964229611268073,-5.53964232517804e-19
441000,0.0,-1.6673967697892532e-37,9959.33066087153,0.9964229611268004,-5.540945860476492e-19
441060,0.0,-1.6677882628707416e-37,9959.33066087218,0.9964229611267936,-5.542247996252863e-19
441120,0.0,-1.6681793342974492e-37,9959.33066087283,0.9964229611267869,-5.543548732507159e-19
441180,0.0,-1.6685699840693775e-37,9959.33066087348,0.9964229611267801,-5.544848069239373e-19
441240,0.0,-1.6689602121865251e-37,9959.330660874128,0.9964229611267733,-5.54614600644951e-19
441300,0.0,-1.6693500186488922e-37,9959.330660874775,0.9964229611267665,-5.547442544137569e-19
441360,0.0,-1.66973940345648e-37,9959.330660875423,0.9964229611267598,-5.548737682303547e-19
441420,0.0,-1.6701283666092868e-37,9959.33066087607,0.996422961126753,-5.550031420947448e-19
441480,0.0,-1.6705169081073144e-37,9959.330660876716,0.9964229611267462,-5.551323760069271e-19
441540,0.0,-1.6709050279505612e-37,9959.330660877362,0.9964229611267396,-5.552614699669015e-19
441600,0.0,-1.6712927261390283e-37,9959.330660878006,0.9964229611267328,-5.553904239746679e-19
441660,0.0,-1.6716800026727147e-37,9959.33066087865,0.996422961126726,-5.555192380302265e-19
441720,0.0,-1.6720668575516212e-37,9959.330660879292,0.9964229611267194,-5.556479121335773e-19
441780,0.0,-1.6724532907757477e-37,9959.330660879936,0.9964229611267126,-5.557764462847201e-19
441840,0.0,-1.6728393023450937e-37,9959.330660880576,0.9964229611267059,-5.559048404836551e-19
441900,0.0,-1.6732248922596605e-37,9959.330660881218,0.9964229611266993,-5.5603309473038235e-19
441960,0.0,-1.673610060519446e-37,9959.330660881858,0.9964229611266925,-5.561612090249015e-19
442020,0.0,-1.6739948071244517e-37,9959.330660882497,0.9964229611266858,-5.56289183367213e-19
442080,0.0,-1.6743791320746775e-37,9959.330660883137,0.9964229611266792,-5.564170177573163e-19
442140,0.0,-1.674763035370123e-37,9959.330660883776,0.9964229611266725,-5.565447121952121e-19
442200,0.0,-1.6751465170107887e-37,9959.330660884412,0.9964229611266658,-5.566722666808999e-19
442260,0.0,-1.6755295769966737e-37,9959.330660885049,0.9964229611266592,-5.567996812143799e-19
442320,0.0,-1.6759122153277784e-37,9959.330660885686,0.9964229611266525,-5.569269557956519e-19
442380,0.0,-1.676294432004104e-37,9959.33066088632,0.9964229611266459,-5.570540904247161e-19
442440,0.0,-1.6766762270256484e-37,9959.330660886957,0.9964229611266393,-5.571810851015724e-19
442500,0.0,-1.6770576003924135e-37,9959.33066088759,0.9964229611266326,-5.573079398262208e-19
442560,0.0,-1.6774385521043978e-37,9959.330660888223,0.996422961126626,-5.574346545986614e-19
442620,0.0,-1.677819082161602e-37,9959.330660888856,0.9964229611266194,-5.575612294188942e-19
442680,0.0,-1.6781991905640266e-37,9959.330660889489,0.9964229611266128,-5.57687664286919e-19
442740,0.0,-1.6785788773116704e-37,9959.33066089012,0.9964229611266062,-5.57813959202736e-19
442800,0.0,-1.6789581424045348e-37,9959.330660890751,0.9964229611265996,-5.57940114166345e-19
442860,0.0,-1.6793369858426184e-37,9959.33066089138,0.996422961126593,-5.580661291777463e-19
442920,0.0,-1.6797154076259225e-37,9959.33066089201,0.9964229611265865,-5.581920042369397e-19
442980,0.0,-1.6800934077544457e-37,9959.33066089264,0.9964229611265799,-5.583177393439252e-19
443040,0.0,-1.6804709862281888e-37,9959.330660893267,0.9964229611265734,-5.584433344987028e-19
443100,0.0,-1.6808481430471526e-37,9959.330660893895,0.9964229611265668,-5.585687897012726e-19
443160,0.0,-1.6812248782113356e-37,9959.33066089452,0.9964229611265603,-5.586941049516346e-19
443220,0.0,-1.6816011917207388e-37,9959.330660895146,0.9964229611265537,-5.588192802497884e-19
443280,0.0,-1.6819770835753612e-37,9959.330660895772,0.9964229611265472,-5.589443155957347e-19
443340,0.0,-1.682352553775204e-37,9959.330660896396,0.9964229611265406,-5.59069210989473e-19
443400,0.0,-1.6827276023202667e-37,9959.33066089702,0.9964229611265341,-5.591939664310034e-19
443460,0.0,-1.6831022292105488e-37,9959.330660897644,0.9964229611265276,-5.593185819203259e-19
443520,0.0,-1.6834764344460513e-37,9959.330660898266,0.9964229611265211,-5.594430574574406e-19
443580,0.0,-1.6838502180267735e-37,9959.330660898888,0.9964229611265146,-5.595673930423475e-19
443640,0.0,-1.6842235799527153e-37,9959.330660899508,0.9964229611265081,-5.596915886750464e-19
443700,0.0,-1.6845965202238773e-37,9959.330660900128,0.9964229611265016,-5.598156443555376e-19
443760,0.0,-1.6849690388402587e-37,9959.330660900749,0.9964229611264951,-5.599395600838207e-19
443820,0.0,-1.6853411358018608e-37,9959.330660901367,0.9964229611264886,-5.600633358598961e-19
443880,0.0,-1.685712811108682e-37,9959.330660901986,0.9964229611264822,-5.601869716837637e-19
443940,0.0,-1.6860840647607235e-37,9959.330660902602,0.9964229611264758,-5.603104675554231e-19
444000,0.0,-1.6864548967579846e-37,9959.33066090322,0.9964229611264693,-5.60433823474875e-19
444060,0.0,-1.6868253071004652e-37,9959.330660903835,0.9964229611264629,-5.605570394421189e-19
444120,0.0,-1.6871952957881664e-37,9959.330660904452,0.9964229611264565,-5.606801154571548e-19
444180,0.0,-1.6875648628210869e-37,9959.330660905067,0.99642296112645,-5.60803051519983e-19
444240,0.0,-1.687934008199228e-37,9959.33066090568,0.9964229611264436,-5.609258476306033e-19
444300,0.0,-1.688302731922588e-37,9959.330660906295,0.9964229611264372,-5.610485037890157e-19
444360,0.0,-1.688671033991168e-37,9959.330660906906,0.9964229611264308,-5.611710199952202e-19
444420,0.0,-1.6890389144049683e-37,9959.330660907519,0.9964229611264244,-5.612933962492169e-19
444480,0.0,-1.6894063731639883e-37,9959.33066090813,0.996422961126418,-5.614156325510058e-19
444540,0.0,-1.6897734102682285e-37,9959.330660908741,0.9964229611264116,-5.615377289005866e-19
444600,0.0,-1.690140025717688e-37,9959.33066090935,0.9964229611264053,-5.616596852979597e-19
444660,0.0,-1.6905062195123672e-37,9959.33066090996,0.9964229611263988,-5.617815017431249e-19
444720,0.0,-1.6908719916522671e-37,9959.33066091057,0.9964229611263925,-5.619031782360822e-19
444780,0.0,-1.691237342137386e-37,9959.330660911177,0.9964229611263862,-5.620247147768317e-19
444840,0.0,-1.6916022709677256e-37,9959.330660911784,0.9964229611263798,-5.621461113653733e-19
444900,0.0,-1.6919667781432842e-37,9959.33066091239,0.9964229611263735,-5.62267368001707e-19
444960,0.0,-1.692330863664063e-37,9959.330660912996,0.9964229611263672,-5.623884846858329e-19
445020,0.0,-1.692694527530062e-37,9959.330660913602,0.9964229611263609,-5.625094614177508e-19
445080,0.0,-1.6930577697412803e-37,9959.330660914206,0.9964229611263545,-5.62630298197461e-19
445140,0.0,-1.693420590297719e-37,9959.33066091481,0.9964229611263482,-5.627509950249632e-19
445200,0.0,-1.6937829891993773e-37,9959.330660915413,0.9964229611263419,-5.628715519002577e-19
445260,0.0,-1.6941449664462557e-37,9959.330660916015,0.9964229611263357,-5.629919688233442e-19
445320,0.0,-1.6945065220383535e-37,9959.330660916617,0.9964229611263293,-5.631122457942228e-19
445380,0.0,-1.694867655975671e-37,9959.330660917218,0.996422961126323,-5.632323828128935e-19
445440,0.0,-1.6952283682582093e-37,9959.330660917818,0.9964229611263168,-5.633523798793565e-19
445500,0.0,-1.6955886588859666e-37,9959.330660918418,0.9964229611263105,-5.634722369936115e-19
445560,0.0,-1.6959485278589443e-37,9959.330660919017,0.9964229611263042,-5.6359195415565865e-19
445620,0.0,-1.6963079751771412e-37,9959.330660919615,0.996422961126298,-5.63711531365498e-19
445680,0.0,-1.6966670008405583e-37,9959.330660920212,0.9964229611262918,-5.6383096862312945e-19
445740,0.0,-1.6970256048491957e-37,9959.330660920808,0.9964229611262855,-5.639502659285529e-19
445800,0.0,-1.6973837872030521e-37,9959.330660921405,0.9964229611262793,-5.640694232817687e-19
445860,0.0,-1.6977415479021294e-37,9959.330660922002,0.996422961126273,-5.641884406827766e-19
445920,0.0,-1.6980988869464258e-37,9959.330660922597,0.9964229611262668,-5.6430731813157655e-19
445980,0.0,-1.698455804335942e-37,9959.33066092319,0.9964229611262606,-5.644260556281686e-19
446040,0.0,-1.6988123000706784e-37,9959.330660923782,0.9964229611262544,-5.645446531725529e-19
446100,0.0,-1.6991683741506346e-37,9959.330660924375,0.9964229611262483,-5.646631107647292e-19
446160,0.0,-1.6995240265758108e-37,9959.330660924968,0.9964229611262421,-5.647814284046977e-19
446220,0.0,-1.6998792573462064e-37,9959.33066092556,0.9964229611262359,-5.648996060924583e-19
446280,0.0,-1.700234066461822e-37,9959.33066092615,0.9964229611262297,-5.65017643828011e-19
446340,0.0,-1.700588453922658e-37,9959.33066092674,0.9964229611262235,-5.65135541611356e-19
446400,0.0,-1.7009424197287131e-37,9959.33066092733,0.9964229611262174,-5.65253299442493e-19
446460,0.0,-1.7012959638799887e-37,9959.330660927917,0.9964229611262112,-5.653709173214221e-19
446520,0.0,-1.7016490863764836e-37,9959.330660928506,0.9964229611262051,-5.654883952481434e-19
446580,0.0,-1.7020017872181992e-37,9959.330660929092,0.996422961126199,-5.656057332226569e-19
446640,0.0,-1.7023540664051338e-37,9959.33066092968,0.9964229611261929,-5.657229312449625e-19
446700,0.0,-1.7027059239372882e-37,9959.330660930265,0.9964229611261867,-5.6583998931506e-19
446760,0.0,-1.703057359814663e-37,9959.330660930851,0.9964229611261806,-5.659569074329499e-19
446820,0.0,-1.7034083740372576e-37,9959.330660931435,0.9964229611261745,-5.660736855986319e-19
446880,0.0,-1.703758966605072e-37,9959.330660932019,0.9964229611261683,-5.661903238121058e-19
446940,0.0,-1.704109137518106e-37,9959.330660932601,0.9964229611261624,-5.663068220733721e-19
447000,0.0,-1.7044588867763596e-37,9959.330660933185,0.9964229611261562,-5.664231803824303e-19
447060,0.0,-1.704808214379834e-37,9959.330660933765,0.9964229611261501,-5.665393987392809e-19
447120,0.0,-1.7051571203285276e-37,9959.330660934347,0.996422961126144,-5.666554771439235e-19
447180,0.0,-1.7055056046224413e-37,9959.330660934927,0.996422961126138,-5.667714155963582e-19
447240,0.0,-1.7058536672615746e-37,9959.330660935506,0.9964229611261319,-5.668872140965851e-19
447300,0.0,-1.7062013082459279e-37,9959.330660936086,0.9964229611261259,-5.670028726446041e-19
447360,0.0,-1.7065485275755012e-37,9959.330660936665,0.9964229611261198,-5.671183912404153e-19
447420,0.0,-1.706895325250294e-37,9959.330660937241,0.9964229611261138,-5.672337698840185e-19
447480,0.0,-1.7072417012703072e-37,9959.330660937818,0.9964229611261078,-5.673490085754139e-19
447540,0.0,-1.7075876556355398e-37,9959.330660938394,0.9964229611261017,-5.674641073146015e-19
447600,0.0,-1.7079331883459923e-37,9959.33066093897,0.9964229611260957,-5.67579066101581e-19
447660,0.0,-1.708278299401665e-37,9959.330660939544,0.9964229611260897,-5.676938849363529e-19
447720,0.0,-1.708622988802557e-37,9959.330660940119,0.9964229611260838,-5.678085638189167e-19
447780,0.0,-1.7089672565486696e-37,9959.330660940692,0.9964229611260778,-5.679231027492728e-19
447840,0.0,-1.7093111026400014e-37,9959.330660941265,0.9964229611260718,-5.68037501727421e-19
447900,0.0,-1.7096545270765536e-37,9959.330660941836,0.9964229611260658,-5.681517607533614e-19
447960,0.0,-1.7099975298583252e-37,9959.330660942409,0.9964229611260599,-5.682658798270938e-19
448020,0.0,-1.7103401109853166e-37,9959.330660942978,0.9964229611260539,-5.683798589486184e-19
448080,0.0,-1.7106822704575283e-37,9959.33066094355,0.9964229611260479,-5.684936981179352e-19
448140,0.0,-1.7110240082749594e-37,9959.330660944119,0.996422961126042,-5.686073973350439e-19
448200,0.0,-1.711365324437611e-37,9959.330660944686,0.996422961126036,-5.687209565999449e-19
448260,0.0,-1.7117062189454817e-37,9959.330660945254,0.9964229611260301,-5.688343759126381e-19
448320,0.0,-1.7120466917985725e-37,9959.330660945821,0.9964229611260241,-5.689476552731233e-19
448380,0.0,-1.7123867429968836e-37,9959.330660946389,0.9964229611260182,-5.690607946814006e-19
448440,0.0,-1.712726372540414e-37,9959.330660946955,0.9964229611260124,-5.691737941374703e-19
448500,0.0,-1.7130655804291647e-37,9959.330660947518,0.9964229611260065,-5.692866536413318e-19
448560,0.0,-1.7134043666631348e-37,9959.330660948084,0.9964229611260005,-5.693993731929856e-19
448620,0.0,-1.7137427312423247e-37,9959.330660948648,0.9964229611259946,-5.695119527924315e-19
448680,0.0,-1.7140806741667353e-37,9959.33066094921,0.9964229611259887,-5.6962439243966945e-19
448740,0.0,-1.7144181954363649e-37,9959.330660949772,0.9964229611259828,-5.697366921346997e-19
448800,0.0,-1.7147552950512149e-37,9959.330660950334,0.9964229611259771,-5.698488518775219e-19
448860,0.0,-1.7150919730112843e-37,9959.330660950895,0.9964229611259712,-5.699608716681364e-19
448920,0.0,-1.7154282293165736e-37,9959.330660951455,0.9964229611259653,-5.70072751506543e-19
448980,0.0,-1.7157640639670833e-37,9959.330660952015,0.9964229611259594,-5.701844913927417e-19
449040,0.0,-1.7160994769628122e-37,9959.330660952573,0.9964229611259536,-5.702960913267324e-19
449100,0.0,-1.7164344683037616e-37,9959.330660953132,0.9964229611259477,-5.704075513085154e-19
449160,0.0,-1.7167690379899304e-37,9959.33066095369,0.996422961125942,-5.705188713380905e-19
449220,0.0,-1.7171031860213194e-37,9959.330660954247,0.9964229611259361,-5.706300514154577e-19
449280,0.0,-1.7174369123979279e-37,9959.330660954804,0.9964229611259303,-5.707410915406171e-19
449340,0.0,-1.717770217119756e-37,9959.330660955358,0.9964229611259245,-5.708519917135686e-19
449400,0.0,-1.7181031001868048e-37,9959.330660955913,0.9964229611259188,-5.709627519343122e-19
449460,0.0,-1.7184355615990728e-37,9959.330660956466,0.9964229611259129,-5.710733722028479e-19
449520,0.0,-1.7187676013565611e-37,9959.33066095702,0.9964229611259071,-5.711838525191758e-19
449580,0.0,-1.7190992194592687e-37,9959.330660957574,0.9964229611259013,-5.712941928832958e-19
449640,0.0,-1.7194304159071963e-37,9959.330660958125,0.9964229611258956,-5.714043932952079e-19
449700,0.0,-1.7197611907003444e-37,9959.330660958676,0.9964229611258898,-5.715144537549123e-19
449760,0.0,-1.7200915438387114e-37,9959.330660959227,0.9964229611258841,-5.716243742624086e-19
449820,0.0,-1.7204214753222993e-37,9959.330660959777,0.9964229611258784,-5.717341548176971e-19
449880,0.0,-1.7207509851511063e-37,9959.330660960326,0.9964229611258726,-5.718437954207779e-19
449940,0.0,-1.721080073325133e-37,9959.330660960875,0.9964229611258669,-5.719532960716506e-19
450000,0.0,-1.7214087398443802e-37,9959.330660961423,0.9964229611258612,-5.720626567703155e-19
450060,0.0,-1.721736984708847e-37,9959.33066096197,0.9964229611258555,-5.721718775167727e-19
450120,0.0,-1.7220648079185339e-37,9959.330660962516,0.9964229611258497,-5.722809583110219e-19
450180,0.0,-1.7223922094734401e-37,9959.330660963062,0.996422961125844,-5.723898991530631e-19
450240,0.0,-1.7227191893735662e-37,9959.330660963607,0.9964229611258383,-5.724987000428966e-19
450300,0.0,-1.723045747618913e-37,9959.330660964151,0.9964229611258326,-5.726073609805222e-19
450360,0.0,-1.7233718842094787e-37,9959.330660964695,0.996422961125827,-5.727158819659399e-19
450420,0.0,-1.7236975991452649e-37,9959.330660965237,0.9964229611258213,-5.728242629991498e-19
450480,0.0,-1.7240228924262703e-37,9959.330660965781,0.9964229611258156,-5.729325040801517e-19
450540,0.0,-1.7243477640524965e-37,9959.330660966321,0.99642296112581,-5.730406052089459e-19
450600,0.0,-1.7246722140239416e-37,9959.330660966863,0.9964229611258043,-5.731485663855321e-19
450660,0.0,-1.7249962423406067e-37,9959.330660967404,0.9964229611257986,-5.732563876099104e-19
450720,0.0,-1.7253198490024922e-37,9959.330660967942,0.996422961125793,-5.73364068882081e-19
450780,0.0,-1.7256430340095974e-37,9959.330660968482,0.9964229611257874,-5.734716102020437e-19
450840,0.0,-1.7259657973619226e-37,9959.33066096902,0.9964229611257818,-5.735790115697985e-19
450900,0.0,-1.726288139059467e-37,9959.330660969557,0.9964229611257761,-5.736862729853453e-19
450960,0.0,-1.7266100591022314e-37,9959.330660970094,0.9964229611257706,-5.737933944486844e-19
451020,0.0,-1.7269315574902163e-37,9959.33066097063,0.9964229611257649,-5.739003759598156e-19
451080,0.0,-1.7272526342234203e-37,9959.330660971165,0.9964229611257593,-5.740072175187388e-19
451140,0.0,-1.7275732893018449e-37,9959.3306609717,0.9964229611257538,-5.741139191254543e-19
451200,0.0,-1.7278935227254886e-37,9959.330660972235,0.9964229611257481,-5.742204807799618e-19
451260,0.0,-1.7282133344943526e-37,9959.330660972768,0.9964229611257426,-5.743269024822616e-19
451320,0.0,-1.7285327246084366e-37,9959.3306609733,0.996422961125737,-5.744331842323534e-19
451380,0.0,-1.72885169306774e-37,9959.330660973832,0.9964229611257315,-5.7453932603023725e-19
451440,0.0,-1.7291702398722637e-37,9959.330660974363,0.9964229611257259,-5.746453278759135e-19
451500,0.0,-1.7294883650220072e-37,9959.330660974894,0.9964229611257204,-5.747511897693817e-19
451560,0.0,-1.72980606851697e-37,9959.330660975424,0.9964229611257148,-5.748569117106421e-19
451620,0.0,-1.7301233503571534e-37,9959.330660975953,0.9964229611257093,-5.749624936996945e-19
451680,0.0,-1.730440210542556e-37,9959.330660976482,0.9964229611257038,-5.750679357365392e-19
451740,0.0,-1.7307566490731794e-37,9959.33066097701,0.9964229611256983,-5.75173237821176e-19
451800,0.0,-1.7310726659490216e-37,9959.330660977537,0.9964229611256927,-5.752783999536047e-19
451860,0.0,-1.7313882611700845e-37,9959.330660978063,0.9964229611256873,-5.753834221338258e-19
451920,0.0,-1.7317034347363668e-37,9959.330660978589,0.9964229611256817,-5.75488304361839e-19
451980,0.0,-1.7320181866478687e-37,9959.330660979114,0.9964229611256763,-5.755930466376442e-19
452040,0.0,-1.732332516904591e-37,9959.330660979638,0.9964229611256709,-5.7569764896124165e-19
452100,0.0,-1.7326464255065328e-37,9959.330660980162,0.9964229611256653,-5.758021113326311e-19
452160,0.0,-1.732959912453695e-37,9959.330660980686,0.9964229611256599,-5.759064337518129e-19
452220,0.0,-1.7332729777460765e-37,9959.330660981208,0.9964229611256544,-5.760106162187867e-19
452280,0.0,-1.7335856213836777e-37,9959.33066098173,0.996422961125649,-5.761146587335527e-19
452340,0.0,-1.7338978433664994e-37,9959.33066098225,0.9964229611256435,-5.762185612961107e-19
452400,0.0,-1.7342096436945405e-37,9959.33066098277,0.9964229611256381,-5.763223239064609e-19
452460,0.0,-1.7345210223678019e-37,9959.33066098329,0.9964229611256327,-5.764259465646033e-19
452520,0.0,-1.7348319793862826e-37,9959.33066098381,0.9964229611256272,-5.765294292705377e-19
452580,0.0,-1.735142514749983e-37,9959.330660984328,0.9964229611256218,-5.766327720242643e-19
452640,0.0,-1.7354526284589043e-37,9959.330660984844,0.9964229611256165,-5.767359748257831e-19
452700,0.0,-1.7357623205130445e-37,9959.33066098536,0.996422961125611,-5.768390376750939e-19
452760,0.0,-1.7360715909124052e-37,9959.330660985877,0.9964229611256056,-5.769419605721969e-19
452820,0.0,-1.7363804396569851e-37,9959.330660986392,0.9964229611256002,-5.77044743517092e-19
452880,0.0,-1.7366888667467852e-37,9959.330660986907,0.9964229611255948,-5.771473865097793e-19
452940,0.0,-1.7369968721818054e-37,9959.330660987422,0.9964229611255895,-5.772498895502587e-19
453000,0.0,-1.737304455962045e-37,9959.330660987935,0.9964229611255842,-5.773522526385303e-19
453060,0.0,-1.7376116180875048e-37,9959.330660988448,0.9964229611255788,-5.774544757745939e-19
453120,0.0,-1.7379183585581843e-37,9959.330660988959,0.9964229611255734,-5.775565589584497e-19
453180,0.0,-1.738224677374084e-37,9959.33066098947,0.996422961125568,-5.776585021900977e-19
453240,0.0,-1.7385305745352029e-37,9959.330660989981,0.9964229611255627,-5.777603054695376e-19
453300,0.0,-1.7388360500415418e-37,9959.33066099049,0.9964229611255574,-5.778619687967698e-19
453360,0.0,-1.7391411038931012e-37,9959.330660991,0.9964229611255521,-5.779634921717942e-19
453420,0.0,-1.7394457360898798e-37,9959.330660991509,0.9964229611255467,-5.780648755946106e-19
453480,0.0,-1.7397499466318786e-37,9959.330660992016,0.9964229611255415,-5.7816611906521915e-19
453540,0.0,-1.7400537355190968e-37,9959.330660992524,0.9964229611255362,-5.782672225836198e-19
453600,0.0,-1.7403571027515353e-37,9959.33066099303,0.9964229611255309,-5.783681861498127e-19
453660,0.0,-1.7406600483291938e-37,9959.330660993535,0.9964229611255256,-5.784690097637977e-19
453720,0.0,-1.7409625722520716e-37,9959.330660994041,0.9964229611255203,-5.785696934255748e-19
453780,0.0,-1.7412646745201702e-37,9959.330660994545,0.9964229611255151,-5.786702371351441e-19
453840,0.0,-1.7415663551334875e-37,9959.330660995049,0.9964229611255098,-5.787706408925054e-19
453900,0.0,-1.741867614092025e-37,9959.330660995553,0.9964229611255045,-5.788709046976589e-19
453960,0.0,-1.7421684513957828e-37,9959.330660996055,0.9964229611254993,-5.789710285506045e-19
454020,0.0,-1.74246886704476e-37,9959.330660996557,0.996422961125494,-5.790710124513424e-19
454080,0.0,-1.7427688610389576e-37,9959.330660997057,0.9964229611254888,-5.791708563998723e-19
454140,0.0,-1.7430684333783745e-37,9959.330660997557,0.9964229611254836,-5.792705603961941e-19
454200,0.0,-1.7433675840630117e-37,9959.330660998057,0.9964229611254783,-5.793701244403084e-19
454260,0.0,-1.7436663130928685e-37,9959.330660998556,0.9964229611254731,-5.794695485322148e-19
454320,0.0,-1.7439646204679449e-37,9959.330660999054,0.9964229611254679,-5.795688326719131e-19
454380,0.0,-1.7442625061882417e-37,9959.33066099955,0.9964229611254627,-5.796679768594037e-19
454440,0.0,-1.7445599702537578e-37,9959.330661000047,0.9964229611254576,-5.797669810946864e-19
454500,0.0,-1.7448570126644945e-37,9959.330661000544,0.9964229611254524,-5.798658453777613e-19
454560,0.0,-1.7451536334204504e-37,9959.330661001039,0.9964229611254471,-5.7996456970862815e-19
454620,0.0,-1.7454498325216262e-37,9959.330661001533,0.996422961125442,-5.800631540872872e-19
454680,0.0,-1.7457456099680222e-37,9959.330661002028,0.9964229611254368,-5.801615985137383e-19
454740,0.0,-1.7460409657596378e-37,9959.330661002521,0.9964229611254317,-5.802599029879818e-19
454800,0.0,-1.7463358998964736e-37,9959.330661003014,0.9964229611254266,-5.803580675100173e-19
454860,0.0,-1.746630412378529e-37,9959.330661003505,0.9964229611254214,-5.804560920798448e-19
454920,0.0,-1.7469245032058038e-37,9959.330661003996,0.9964229611254163,-5.805539766974646e-19
454980,0.0,-1.7472181723782993e-37,9959.330661004487,0.9964229611254112,-5.806517213628766e-19
455040,0.0,-1.747511419896014e-37,9959.330661004977,0.9964229611254061,-5.807493260760804e-19
455100,0.0,-1.7478042457589493e-37,9959.330661005466,0.996422961125401,-5.808467908370766e-19
455160,0.0,-1.7480966499671037e-37,9959.330661005955,0.9964229611253959,-5.809441156458649e-19
455220,0.0,-1.7483886325204781e-37,9959.330661006443,0.9964229611253907,-5.810413005024454e-19
455280,0.0,-1.7486801934190728e-37,9959.33066100693,0.9964229611253856,-5.811383454068179e-19
455340,0.0,-1.7489713326628869e-37,9959.330661007416,0.9964229611253805,-5.812352503589825e-19
455400,0.0,-1.7492620502519212e-37,9959.330661007902,0.9964229611253755,-5.813320153589393e-19
455460,0.0,-1.7495523461861752e-37,9959.330661008387,0.9964229611253704,-5.814286404066882e-19
455520,0.0,-1.7498422204656492e-37,9959.330661008871,0.9964229611253653,-5.815251255022293e-19
455580,0.0,-1.7501316730903428e-37,9959.330661009355,0.9964229611253603,-5.816214706455625e-19
455640,0.0,-1.750420704060256e-37,9959.330661009837,0.9964229611253552,-5.817176758366877e-19
455700,0.0,-1.7507093133753899e-37,9959.330661010321,0.9964229611253502,-5.818137410756053e-19
455760,0.0,-1.7509975010357428e-37,9959.330661010801,0.9964229611253452,-5.819096663623148e-19
455820,0.0,-1.7512852670413163e-37,9959.330661011283,0.9964229611253401,-5.820054516968166e-19
455880,0.0,-1.7515726113921093e-37,9959.330661011763,0.9964229611253351,-5.821010970791105e-19
455940,0.0,-1.7518595340881218e-37,9959.330661012242,0.9964229611253301,-5.821966025091965e-19
456000,0.0,-1.7521460351293546e-37,9959.330661012722,0.9964229611253251,-5.822919679870745e-19
456060,0.0,-1.752432114515807e-37,9959.330661013199,0.9964229611253201,-5.823871935127448e-19
456120,0.0,-1.75271777224748e-37,9959.330661013677,0.9964229611253151,-5.824822790862072e-19
456180,0.0,-1.7530030083243718e-37,9959.330661014154,0.9964229611253101,-5.825772247074617e-19
456240,0.0,-1.7532878227464837e-37,9959.33066101463,0.9964229611253052,-5.826720303765084e-19
456300,0.0,-1.7535722155138161e-37,9959.330661015105,0.9964229611253003,-5.8276669609334705e-19
456360,0.0,-1.7538561866263679e-37,9959.33066101558,0.9964229611252953,-5.82861221857978e-19
456420,0.0,-1.75413973608414e-37,9959.330661016054,0.9964229611252903,-5.829556076704011e-19
456480,0.0,-1.7544228638871311e-37,9959.330661016527,0.9964229611252854,-5.830498535306161e-19
456540,0.0,-1.7547055700353424e-37,9959.330661017,0.9964229611252804,-5.831439594386235e-19
456600,0.0,-1.754987854528774e-37,9959.330661017471,0.9964229611252755,-5.83237925394423e-19
456660,0.0,-1.755269717367425e-37,9959.330661017942,0.9964229611252706,-5.8333175139801455e-19
456720,0.0,-1.7555511585512962e-37,9959.330661018414,0.9964229611252656,-5.834254374493982e-19
456780,0.0,-1.7558321780803867e-37,9959.330661018883,0.9964229611252607,-5.835189835485741e-19
456840,0.0,-1.756112775954698e-37,9959.330661019352,0.9964229611252559,-5.83612389695542e-19
456900,0.0,-1.7563929521742282e-37,9959.33066101982,0.996422961125251,-5.837056558903021e-19
456960,0.0,-1.7566727067389784e-37,9959.330661020289,0.9964229611252461,-5.837987821328544e-19
457020,0.0,-1.756952039648949e-37,9959.330661020755,0.9964229611252412,-5.838917684231986e-19
457080,0.0,-1.757230950904139e-37,9959.330661021222,0.9964229611252363,-5.839846147613351e-19
457140,0.0,-1.7575094405045494e-37,9959.330661021688,0.9964229611252314,-5.840773211472638e-19
457200,0.0,-1.757787508450179e-37,9959.330661022152,0.9964229611252265,-5.8416988758098455e-19
457260,0.0,-1.7580651547410283e-37,9959.330661022617,0.9964229611252218,-5.842623140624974e-19
457320,0.0,-1.7583423793770984e-37,9959.330661023081,0.9964229611252169,-5.843546005918025e-19
457380,0.0,-1.7586191823583876e-37,9959.330661023543,0.996422961125212,-5.844467471688997e-19
457440,0.0,-1.7588955636848971e-37,9959.330661024005,0.9964229611252072,-5.845387537937889e-19
457500,0.0,-1.759171523356626e-37,9959.330661024467,0.9964229611252023,-5.846306204664703e-19
457560,0.0,-1.759447061373575e-37,9959.330661024927,0.9964229611251976,-5.847223471869439e-19
457620,0.0,-1.7597221777357442e-37,9959.330661025388,0.9964229611251928,-5.848139339552095e-19
457680,0.0,-1.7599968724431325e-37,9959.330661025848,0.996422961125188,-5.849053807712673e-19
457740,0.0,-1.7602711454957416e-37,9959.330661026306,0.9964229611251831,-5.849966876351173e-19
457800,0.0,-1.7605449968935698e-37,9959.330661026765,0.9964229611251784,-5.850878545467593e-19
457860,0.0,-1.760818426636618e-37,9959.330661027221,0.9964229611251736,-5.851788815061936e-19
457920,0.0,-1.7610914347248862e-37,9959.33066102768,0.9964229611251688,-5.852697685134199e-19
457980,0.0,-1.7613640211583742e-37,9959.330661028134,0.996422961125164,-5.853605155684383e-19
458040,0.0,-1.7616361859370823e-37,9959.33066102859,0.9964229611251593,-5.85451122671249e-19
458100,0.0,-1.7619079290610097e-37,9959.330661029046,0.9964229611251546,-5.855415898218517e-19
458160,0.0,-1.7621792505301576e-37,9959.330661029499,0.9964229611251498,-5.8563191702024645e-19
458220,0.0,-1.762450150344525e-37,9959.330661029951,0.9964229611251451,-5.857221042664335e-19
458280,0.0,-1.762720628504112e-37,9959.330661030404,0.9964229611251404,-5.858121515604127e-19
458340,0.0,-1.7629906850089194e-37,9959.330661030855,0.9964229611251356,-5.859020589021839e-19
458400,0.0,-1.7632603198589463e-37,9959.330661031308,0.996422961125131,-5.859918262917473e-19
458460,0.0,-1.7635295330541935e-37,9959.330661031758,0.9964229611251262,-5.860814537291028e-19
458520,0.0,-1.7637983245946601e-37,9959.330661032209,0.9964229611251215,-5.861709412142504e-19
458580,0.0,-1.7640666944803463e-37,9959.330661032656,0.9964229611251169,-5.862602887471903e-19
458640,0.0,-1.7643346427112532e-37,9959.330661033106,0.9964229611251121,-5.863494963279222e-19
458700,0.0,-1.7646021692873793e-37,9959.330661033553,0.9964229611251074,-5.864385639564463e-19
458760,0.0,-1.7648692742087258e-37,9959.330661034,0.9964229611251028,-5.865274916327624e-19
458820,0.0,-1.7651359574752915e-37,9959.330661034446,0.9964229611250981,-5.866162793568708e-19
458880,0.0,-1.7654022190870773e-37,9959.330661034892,0.9964229611250934,-5.867049271287711e-19
458940,0.0,-1.7656680590440833e-37,9959.330661035337,0.9964229611250888,-5.867934349484637e-19
459000,0.0,-1.7659334773463087e-37,9959.330661035781,0.9964229611250842,-5.868818028159485e-19
459060,0.0,-1.7661984739937543e-37,9959.330661036225,0.9964229611250796,-5.869700307312252e-19
459120,0.0,-1.7664630489864194e-37,9959.330661036669,0.9964229611250749,-5.8705811869429425e-19
459180,0.0,-1.7667272023243045e-37,9959.330661037111,0.9964229611250703,-5.871460667051554e-19
459240,0.0,-1.7669909340074098e-37,9959.330661037551,0.9964229611250657,-5.872338747638085e-19
459300,0.0,-1.7672542440357344e-37,9959.330661037993,0.996422961125061,-5.873215428702539e-19
459360,0.0,-1.7675171324092794e-37,9959.330661038433,0.9964229611250565,-5.874090710244915e-19
459420,0.0,-1.767779599128044e-37,9959.330661038872,0.9964229611250519,-5.874964592265212e-19
459480,0.0,-1.7680416441920287e-37,9959.330661039312,0.9964229611250472,-5.875837074763428e-19
459540,0.0,-1.7683032676012327e-37,9959.330661039749,0.9964229611250427,-5.876708157739567e-19
459600,0.0,-1.7685644693556566e-37,9959.330661040187,0.9964229611250381,-5.877577841193627e-19
459660,0.0,-1.7688252494553012e-37,9959.330661040623,0.9964229611250336,-5.878446125125609e-19
459720,0.0,-1.769085607900165e-37,9959.33066104106,0.996422961125029,-5.879313009535513e-19
459780,0.0,-1.769345544690249e-37,9959.330661041495,0.9964229611250245,-5.880178494423336e-19
459840,0.0,-1.7696050598255523e-37,9959.33066104193,0.9964229611250199,-5.881042579789082e-19
459900,0.0,-1.7698641533060756e-37,9959.330661042362,0.9964229611250154,-5.881905265632749e-19
459960,0.0,-1.7701228251318193e-37,9959.330661042797,0.9964229611250108,-5.882766551954336e-19
460020,0.0,-1.7703810753027821e-37,9959.330661043228,0.9964229611250064,-5.883626438753846e-19
460080,0.0,-1.7706389038189655e-37,9959.330661043661,0.9964229611250018,-5.884484926031278e-19
460140,0.0,-1.7708963106803682e-37,9959.330661044092,0.9964229611249973,-5.88534201378663e-19
460200,0.0,-1.7711532958869908e-37,9959.330661044522,0.9964229611249928,-5.886197702019903e-19
460260,0.0,-1.7714098594388336e-37,9959.330661044953,0.9964229611249883,-5.887051990731098e-19
460320,0.0,-1.771666001335896e-37,9959.330661045382,0.9964229611249839,-5.887904879920214e-19
460380,0.0,-1.7719217215781786e-37,9959.33066104581,0.9964229611249794,-5.888756369587251e-19
460440,0.0,-1.7721770201656804e-37,9959.330661046237,0.996422961124975,-5.88960645973221e-19
460500,0.0,-1.7724318970984024e-37,9959.330661046664,0.9964229611249704,-5.890455150355089e-19
460560,0.0,-1.7726863523763447e-37,9959.33066104709,0.996422961124966,-5.891302441455891e-19
460620,0.0,-1.7729403859995061e-37,9959.330661047517,0.9964229611249615,-5.892148333034614e-19
460680,0.0,-1.773193997967888e-37,9959.330661047941,0.9964229611249571,-5.892992825091257e-19
460740,0.0,-1.7734471882814892e-37,9959.330661048365,0.9964229611249527,-5.893835917625823e-19
460800,0.0,-1.773699956940311e-37,9959.330661048789,0.9964229611249482,-5.89467761063831e-19
460860,0.0,-1.773952303944352e-37,9959.330661049213,0.9964229611249439,-5.895517904128718e-19
460920,0.0,-1.7742042292936129e-37,9959.330661049635,0.9964229611249394,-5.896356798097047e-19
460980,0.0,-1.774455732988094e-37,9959.330661050057,0.996422961124935,-5.897194292543298e-19
461040,0.0,-1.7747068150277946e-37,9959.330661050477,0.9964229611249307,-5.898030387467471e-19
461100,0.0,-1.7749574754127154e-37,9959.330661050897,0.9964229611249262,-5.8988650828695625e-19
461160,0.0,-1.7752077141428556e-37,9959.330661051315,0.9964229611249219,-5.899698378749577e-19
461220,0.0,-1.7754575312182159e-37,9959.330661051736,0.9964229611249175,-5.900530275107513e-19
461280,0.0,-1.7757069266387964e-37,9959.330661052154,0.9964229611249131,-5.90136077194337e-19
461340,0.0,-1.7759559004045963e-37,9959.33066105257,0.9964229611249087,-5.902189869257149e-19
461400,0.0,-1.7762044525156165e-37,9959.330661052987,0.9964229611249044,-5.903017567048848e-19
461460,0.0,-1.7764525829718558e-37,9959.330661053404,0.9964229611249,-5.90384386531847e-19
461520,0.0,-1.7767002917733154e-37,9959.330661053818,0.9964229611248957,-5.9046687640660125e-19
461580,0.0,-1.7769475789199953e-37,9959.330661054233,0.9964229611248914,-5.905492263291477e-19
461640,0.0,-1.7771944444118943e-37,9959.330661054648,0.996422961124887,-5.906314362994861e-19
461700,0.0,-1.7774408882490139e-37,9959.33066105506,0.9964229611248827,-5.9071350631761675e-19
461760,0.0,-1.7776869104313528e-37,9959.330661055472,0.9964229611248784,-5.907954363835395e-19
461820,0.0,-1.7779325109589115e-37,9959.330661055885,0.9964229611248742,-5.908772264972544e-19
461880,0.0,-1.7781776898316905e-37,9959.330661056296,0.9964229611248698,-5.909588766587615e-19
461940,0.0,-1.778422447049689e-37,9959.330661056707,0.9964229611248655,-5.910403868680607e-19
462000,0.0,-1.7786667826129077e-37,9959.330661057116,0.9964229611248613,-5.911217571251519e-19
462060,0.0,-1.7789106965213458e-37,9959.330661057526,0.996422961124857,-5.912029874300354e-19
462120,0.0,-1.7791541887750043e-37,9959.330661057933,0.9964229611248527,-5.912840777827109e-19
462180,0.0,-1.7793972593738824e-37,9959.33066105834,0.9964229611248484,-5.913650281831786e-19
462240,0.0,-1.77963990831798e-37,9959.330661058748,0.9964229611248442,-5.914458386314385e-19
462300,0.0,-1.7798821356072981e-37,9959.330661059155,0.99642296112484,-5.915265091274905e-19
462360,0.0,-1.7801239412418355e-37,9959.330661059561,0.9964229611248357,-5.9160703967133445e-19
462420,0.0,-1.7803653252215934e-37,9959.330661059965,0.9964229611248315,-5.916874302629708e-19
462480,0.0,-1.7806062875465704e-37,9959.330661060369,0.9964229611248272,-5.917676809023992e-19
462540,0.0,-1.7808468282167675e-37,9959.330661060772,0.9964229611248231,-5.918477915896196e-19
462600,0.0,-1.7810869472321848e-37,9959.330661061176,0.9964229611248189,-5.919277623246322e-19
462660,0.0,-1.7813266445928216e-37,9959.330661061578,0.9964229611248147,-5.92007593107437e-19
462720,0.0,-1.7815659202986785e-37,9959.33066106198,0.9964229611248104,-5.920872839380338e-19
462780,0.0,-1.7818047743497551e-37,9959.33066106238,0.9964229611248062,-5.921668348164228e-19
462840,0.0,-1.7820432067460513e-37,9959.33066106278,0.9964229611248021,-5.922462457426039e-19
462900,0.0,-1.782281217487568e-37,9959.330661063179,0.9964229611247979,-5.923255167165772e-19
462960,0.0,-1.782518806574304e-37,9959.33066106358,0.9964229611247937,-5.924046477383427e-19
463020,0.0,-1.7827559740062604e-37,9959.330661063976,0.9964229611247896,-5.924836388079003e-19
463080,0.0,-1.7829927197834362e-37,9959.330661064374,0.9964229611247855,-5.925624899252499e-19
463140,0.0,-1.7832290439058317e-37,9959.33066106477,0.9964229611247812,-5.926412010903917e-19
463200,0.0,-1.7834649463734477e-37,9959.330661065167,0.9964229611247771,-5.927197723033257e-19
463260,0.0,-1.783700427186283e-37,9959.330661065562,0.996422961124773,-5.927982035640517e-19
463320,0.0,-1.7839354863443386e-37,9959.330661065957,0.9964229611247689,-5.928764948725699e-19
463380,0.0,-1.7841701238476137e-37,9959.33066106635,0.9964229611247648,-5.9295464622888025e-19
463440,0.0,-1.784404339696109e-37,9959.330661066744,0.9964229611247607,-5.930326576329827e-19
463500,0.0,-1.7846381338898237e-37,9959.330661067135,0.9964229611247566,-5.931105290848773e-19
463560,0.0,-1.7848715064287583e-37,9959.330661067528,0.9964229611247525,-5.931882605845639e-19
463620,0.0,-1.7851044573129133e-37,9959.33066106792,0.9964229611247484,-5.932658521320428e-19
463680,0.0,-1.7853369865422875e-37,9959.330661068308,0.9964229611247443,-5.933433037273139e-19
463740,0.0,-1.7855690941168822e-37,9959.3306610687,0.9964229611247403,-5.9342061537037705e-19
463800,0.0,-1.7858007800366965e-37,9959.330661069089,0.9964229611247362,-5.934977870612324e-19
463860,0.0,-1.7860320443017302e-37,9959.330661069476,0.996422961124732,-5.935748187998796e-19
463920,0.0,-1.7862628869119845e-37,9959.330661069864,0.9964229611247281,-5.936517105863192e-19
463980,0.0,-1.786493307867458e-37,9959.330661070251,0.996422961124724,-5.937284624205508e-19
464040,0.0,-1.786723307168152e-37,9959.330661070637,0.99642296112472,-5.938050743025746e-19
464100,0.0,-1.7869528848140653e-37,9959.330661071022,0.996422961124716,-5.938815462323906e-19
464160,0.0,-1.7871820408051985e-37,9959.330661071408,0.996422961124712,-5.939578782099985e-19
464220,0.0,-1.787410775141552e-37,9959.330661071792,0.9964229611247079,-5.940340702353987e-19
464280,0.0,-1.787639087823125e-37,9959.330661072176,0.9964229611247039,-5.941101223085911e-19
464340,0.0,-1.7878669788499183e-37,9959.33066107256,0.9964229611246999,-5.941860344295754e-19
464400,0.0,-1.7880944482219308e-37,9959.330661072941,0.9964229611246959,-5.942618065983521e-19
464460,0.0,-1.7883214959391636e-37,9959.330661073322,0.9964229611246919,-5.943374388149208e-19
464520,0.0,-1.788548122001616e-37,9959.330661073704,0.996422961124688,-5.944129310792817e-19
464580,0.0,-1.7887743264092883e-37,9959.330661074084,0.996422961124684,-5.944882833914346e-19
464640,0.0,-1.7890001091621808e-37,9959.330661074462,0.99642296112468,-5.945634957513798e-19
464700,0.0,-1.7892254702602926e-37,9959.33066107484,0.996422961124676,-5.946385681591169e-19
464760,0.0,-1.789450409703625e-37,9959.330661075219,0.9964229611246721,-5.9471350061464625e-19
464820,0.0,-1.7896749274921765e-37,9959.330661075597,0.9964229611246681,-5.947882931179678e-19
464880,0.0,-1.789899023625948e-37,9959.330661075974,0.9964229611246642,-5.948629456690814e-19
464940,0.0,-1.7901226981049398e-37,9959.330661076348,0.9964229611246603,-5.949374582679872e-19
465000,0.0,-1.790345950929151e-37,9959.330661076725,0.9964229611246563,-5.950118309146851e-19
465060,0.0,-1.7905687820985825e-37,9959.3306610771,0.9964229611246525,-5.95086063609175e-19
465120,0.0,-1.7907911916132334e-37,9959.330661077473,0.9964229611246486,-5.951601563514573e-19
465180,0.0,-1.791013179473104e-37,9959.330661077845,0.9964229611246447,-5.9523410914153155e-19
465240,0.0,-1.7912347456781953e-37,9959.330661078218,0.9964229611246408,-5.95307921979398e-19
465300,0.0,-1.7914558902285056e-37,9959.33066107859,0.9964229611246369,-5.953815948650565e-19
465360,0.0,-1.7916766131240365e-37,9959.330661078962,0.996422961124633,-5.9545512779850725e-19
465420,0.0,-1.7918969143647867e-37,9959.330661079332,0.9964229611246291,-5.9552852077975e-19
465480,0.0,-1.7921167939507568e-37,9959.3306610797,0.9964229611246253,-5.956017738087849e-19
465540,0.0,-1.7923362518819473e-37,9959.33066108007,0.9964229611246214,-5.956748868856121e-19
465600,0.0,-1.792555288158357e-37,9959.33066108044,0.9964229611246176,-5.957478600102312e-19
465660,0.0,-1.792773902779987e-37,9959.330661080807,0.9964229611246137,-5.958206931826426e-19
465720,0.0,-1.7929920957468365e-37,9959.330661081174,0.9964229611246098,-5.958933864028461e-19
465780,0.0,-1.7932098670589064e-37,9959.33066108154,0.996422961124606,-5.959659396708417e-19
465840,0.0,-1.7934272167161956e-37,9959.330661081905,0.9964229611246023,-5.960383529866294e-19
465900,0.0,-1.7936441447187047e-37,9959.330661082271,0.9964229611245984,-5.961106263502093e-19
465960,0.0,-1.793860651066434e-37,9959.330661082635,0.9964229611245946,-5.961827597615813e-19
466020,0.0,-1.7940767357593829e-37,9959.330661082999,0.9964229611245908,-5.962547532207454e-19
466080,0.0,-1.7942923987975518e-37,9959.33066108336,0.9964229611245871,-5.963266067277017e-19
466140,0.0,-1.7945076401809404e-37,9959.330661083723,0.9964229611245833,-5.963983202824502e-19
466200,0.0,-1.7947224599095488e-37,9959.330661084085,0.9964229611245795,-5.964698938849906e-19
466260,0.0,-1.7949368579833775e-37,9959.330661084445,0.9964229611245757,-5.965413275353233e-19
466320,0.0,-1.7951508344024255e-37,9959.330661084805,0.996422961124572,-5.96612621233448e-19
466380,0.0,-1.795364389166694e-37,9959.330661085165,0.9964229611245682,-5.966837749793649e-19
466440,0.0,-1.7955775222761818e-37,9959.330661085523,0.9964229611245644,-5.96754788773074e-19
466500,0.0,-1.7957902337308893e-37,9959.330661085882,0.9964229611245606,-5.968256626145753e-19
466560,0.0,-1.7960025235308173e-37,9959.330661086238,0.996422961124557,-5.968963965038685e-19
466620,0.0,-1.7962143916759647e-37,9959.330661086595,0.9964229611245532,-5.96966990440954e-19
466680,0.0,-1.7964258381663323e-37,9959.330661086951,0.9964229611245495,-5.970374444258317e-19
466740,0.0,-1.7966368630019194e-37,9959.330661087306,0.9964229611245458,-5.971077584585013e-19
466800,0.0,-1.7968474661827263e-37,9959.33066108766,0.9964229611245421,-5.971779325389631e-19
466860,0.0,-1.7970576477087536e-37,9959.330661088015,0.9964229611245384,-5.972479666672171e-19
466920,0.0,-1.7972674075800001e-37,9959.330661088368,0.9964229611245347,-5.973178608432632e-19
466980,0.0,-1.7974767457964671e-37,9959.330661088721,0.996422961124531,-5.973876150671015e-19
467040,0.0,-1.7976856623581535e-37,9959.330661089072,0.9964229611245273,-5.974572293387318e-19
467100,0.0,-1.7978941572650604e-37,9959.330661089423,0.9964229611245237,-5.975267036581543e-19
467160,0.0,-1.7981022305171862e-37,9959.330661089774,0.99642296112452,-5.97596038025369e-19
467220,0.0,-1.7983098821145323e-37,9959.330661090124,0.9964229611245163,-5.976652324403758e-19
467280,0.0,-1.7985171120570984e-37,9959.330661090473,0.9964229611245127,-5.977342869031746e-19
467340,0.0,-1.7987239203448842e-37,9959.33066109082,0.9964229611245091,-5.978032014137657e-19
467400,0.0,-1.7989303069778902e-37,9959.330661091168,0.9964229611245055,-5.97871975972149e-19
467460,0.0,-1.7991362719561156e-37,9959.330661091515,0.9964229611245018,-5.979406105783241e-19
467520,0.0,-1.7993418152795606e-37,9959.33066109186,0.9964229611244982,-5.980091052322916e-19
467580,0.0,-1.7995469369482263e-37,9959.330661092206,0.9964229611244946,-5.980774599340512e-19
467640,0.0,-1.7997516369621111e-37,9959.330661092552,0.996422961124491,-5.981456746836028e-19
467700,0.0,-1.7999559153212165e-37,9959.330661092896,0.9964229611244874,-5.982137494809467e-19
467760,0.0,-1.8001597720255412e-37,9959.33066109324,0.9964229611244838,-5.982816843260827e-19
467820,0.0,-1.8003632070750858e-37,9959.330661093583,0.9964229611244803,-5.983494792190107e-19
467880,0.0,-1.8005662204698506e-37,9959.330661093925,0.9964229611244766,-5.9841713415973095e-19
467940,0.0,-1.8007688122098346e-37,9959.330661094265,0.996422961124473,-5.984846491482434e-19
468000,0.0,-1.8009709822950393e-37,9959.330661094607,0.9964229611244695,-5.985520241845479e-19
468060,0.0,-1.8011727307254634e-37,9959.330661094948,0.9964229611244659,-5.986192592686444e-19
468120,0.0,-1.801374057501107e-37,9959.330661095286,0.9964229611244624,-5.986863544005332e-19
468180,0.0,-1.8015749626219712e-37,9959.330661095624,0.9964229611244588,-5.98753309580214e-19
468240,0.0,-1.8017754460880548e-37,9959.330661095963,0.9964229611244554,-5.988201248076871e-19
468300,0.0,-1.8019755078993586e-37,9959.3306610963,0.9964229611244518,-5.988868000829522e-19
468360,0.0,-1.8021751480558818e-37,9959.330661096637,0.9964229611244483,-5.989533354060094e-19
468420,0.0,-1.8023743665576253e-37,9959.330661096972,0.9964229611244448,-5.990197307768589e-19
468480,0.0,-1.8025731634045883e-37,9959.330661097309,0.9964229611244413,-5.990859861955004e-19
468540,0.0,-1.802771538596771e-37,9959.330661097641,0.9964229611244377,-5.991521016619341e-19
468600,0.0,-1.8029694921341742e-37,9959.330661097976,0.9964229611244343,-5.992180771761599e-19
468660,0.0,-1.8031670240167968e-37,9959.330661098309,0.9964229611244309,-5.992839127381778e-19
468720,0.0,-1.8033641342446396e-37,9959.330661098642,0.9964229611244273,-5.993496083479879e-19
468780,0.0,-1.8035608228177018e-37,9959.330661098973,0.9964229611244239,-5.994151640055901e-19
468840,0.0,-1.8037570897359838e-37,9959.330661099304,0.9964229611244204,-5.994805797109845e-19
468900,0.0,-1.8039529349994863e-37,9959.330661099635,0.996422961124417,-5.995458554641708e-19
468960,0.0,-1.8041483586082082e-37,9959.330661099964,0.9964229611244135,-5.996109912651495e-19
469020,0.0,-1.8043433605621504e-37,9959.330661100294,0.9964229611244101,-5.996759871139203e-19
469080,0.0,-1.8045379408613117e-37,9959.330661100623,0.9964229611244066,-5.99740843010483e-19
469140,0.0,-1.8047320995056931e-37,9959.33066110095,0.9964229611244032,-5.998055589548381e-19
469200,0.0,-1.804925836495295e-37,9959.330661101276,0.9964229611243998,-5.998701349469852e-19
469260,0.0,-1.805119151830116e-37,9959.330661101603,0.9964229611243964,-5.999345709869244e-19
469320,0.0,-1.8053120455101575e-37,9959.330661101929,0.996422961124393,-5.999988670746558e-19
469380,0.0,-1.8055045175354182e-37,9959.330661102253,0.9964229611243897,-6.000630232101793e-19
469440,0.0,-1.805696567905899e-37,9959.330661102576,0.9964229611243862,-6.00127039393495e-19
469500,0.0,-1.8058881966215999e-37,9959.3306611029,0.9964229611243829,-6.001909156246027e-19
469560,0.0,-1.8060794036825203e-37,9959.330661103224,0.9964229611243794,-6.002546519035027e-19
469620,0.0,-1.8062701890886611e-37,9959.330661103546,0.9964229611243761,-6.003182482301946e-19
469680,0.0,-1.8064605528400211e-37,9959.330661103868,0.9964229611243728,-6.003817046046789e-19
469740,0.0,-1.8066504949366016e-37,9959.330661104188,0.9964229611243693,-6.004450210269552e-19
469800,0.0,-1.8068400153784013e-37,9959.330661104508,0.996422961124366,-6.005081974970236e-19
469860,0.0,-1.8070291141654213e-37,9959.330661104827,0.9964229611243627,-6.005712340148842e-19
469920,0.0,-1.8072177912976612e-37,9959.330661105145,0.9964229611243594,-6.00634130580537e-19
469980,0.0,-1.8074060467751206e-37,9959.330661105463,0.996422961124356,-6.006968871939817e-19
470040,0.0,-1.8075938805978002e-37,9959.330661105781,0.9964229611243528,-6.007595038552188e-19
470100,0.0,-1.8077812927656995e-37,9959.330661106098,0.9964229611243495,-6.008219805642479e-19
470160,0.0,-1.8079682832788183e-37,9959.330661106413,0.9964229611243461,-6.008843173210691e-19
470220,0.0,-1.8081548521371577e-37,9959.33066110673,0.9964229611243428,-6.009465141256824e-19
470280,0.0,-1.8083409993407162e-37,9959.330661107044,0.9964229611243396,-6.010085709780879e-19
470340,0.0,-1.8085267248894954e-37,9959.330661107357,0.9964229611243363,-6.010704878782856e-19
470400,0.0,-1.8087120287834937e-37,9959.33066110767,0.996422961124333,-6.011322648262752e-19
470460,0.0,-1.808896911022712e-37,9959.330661107982,0.9964229611243297,-6.011939018220572e-19
470520,0.0,-1.8090813716071506e-37,9959.330661108293,0.9964229611243265,-6.012553988656312e-19
470580,0.0,-1.8092654105368087e-37,9959.330661108605,0.9964229611243233,-6.013167559569974e-19
470640,0.0,-1.8094490278116868e-37,9959.330661108916,0.9964229611243199,-6.013779730961556e-19
470700,0.0,-1.8096322234317845e-37,9959.330661109225,0.9964229611243167,-6.01439050283106e-19
470760,0.0,-1.809814997397102e-37,9959.330661109534,0.9964229611243135,-6.014999875178486e-19
470820,0.0,-1.80999734970764e-37,9959.330661109843,0.9964229611243103,-6.015607848003833e-19
470880,0.0,-1.8101792803633972e-37,9959.33066111015,0.9964229611243071,-6.016214421307102e-19
470940,0.0,-1.810360789364375e-37,9959.330661110456,0.9964229611243038,-6.016819595088291e-19
471000,0.0,-1.8105418767105718e-37,9959.330661110764,0.9964229611243007,-6.017423369347401e-19
471060,0.0,-1.810722542401989e-37,9959.33066111107,0.9964229611242975,-6.018025744084434e-19
471120,0.0,-1.8109027864386258e-37,9959.330661111373,0.9964229611242943,-6.018626719299386e-19
471180,0.0,-1.8110826088204823e-37,9959.330661111677,0.9964229611242912,-6.019226294992262e-19
471240,0.0,-1.8112620095475591e-37,9959.33066111198,0.996422961124288,-6.019824471163057e-19
471300,0.0,-1.8114409886198555e-37,9959.330661112284,0.9964229611242847,-6.020421247811775e-19
471360,0.0,-1.8116195460373722e-37,9959.330661112586,0.9964229611242816,-6.021016624938414e-19
471420,0.0,-1.811797681800108e-37,9959.330661112888,0.9964229611242785,-6.021610602542973e-19
471480,0.0,-1.811975395908064e-37,9959.330661113188,0.9964229611242753,-6.022203180625455e-19
471540,0.0,-1.81215268836124e-37,9959.330661113489,0.9964229611242722,-6.022794359185858e-19
471600,0.0,-1.8123295591596356e-37,9959.330661113787,0.9964229611242691,-6.023384138224182e-19
471660,0.0,-1.8125060083032516e-37,9959.330661114085,0.996422961124266,-6.023972517740427e-19
471720,0.0,-1.8126820357920868e-37,9959.330661114383,0.9964229611242629,-6.024559497734594e-19
471780,0.0,-1.812857641626142e-37,9959.330661114682,0.9964229611242598,-6.025145078206681e-19
471840,0.0,-1.8130328258054175e-37,9959.330661114978,0.9964229611242567,-6.02572925915669e-19
471900,0.0,-1.8132075883299122e-37,9959.330661115273,0.9964229611242535,-6.026312040584621e-19
471960,0.0,-1.8133819291996275e-37,9959.33066111557,0.9964229611242504,-6.026893422490473e-19
472020,0.0,-1.813555848414562e-37,9959.330661115862,0.9964229611242474,-6.027473404874245e-19
472080,0.0,-1.8137293459747164e-37,9959.330661116157,0.9964229611242443,-6.028051987735941e-19
472140,0.0,-1.813902421880091e-37,9959.33066111645,0.9964229611242412,-6.028629171075556e-19
472200,0.0,-1.8140750761306853e-37,9959.330661116743,0.9964229611242382,-6.029204954893093e-19
472260,0.0,-1.8142473087264998e-37,9959.330661117034,0.9964229611242351,-6.029779339188552e-19
472320,0.0,-1.8144191196675336e-37,9959.330661117325,0.9964229611242321,-6.030352323961933e-19
472380,0.0,-1.8145905089537878e-37,9959.330661117616,0.9964229611242291,-6.030923909213233e-19
472440,0.0,-1.8147614765852615e-37,9959.330661117905,0.996422961124226,-6.0314940949424555e-19
472500,0.0,-1.8149320225619549e-37,9959.330661118194,0.996422961124223,-6.032062881149599e-19
472560,0.0,-1.8151021468838685e-37,9959.330661118482,0.99642296112422,-6.032630267834664e-19
472620,0.0,-1.8152718495510017e-37,9959.33066111877,0.996422961124217,-6.03319625499765e-19
472680,0.0,-1.8154411305633552e-37,9959.330661119056,0.996422961124214,-6.033760842638558e-19
472740,0.0,-1.815609989920928e-37,9959.330661119344,0.996422961124211,-6.034324030757387e-19
472800,0.0,-1.8157784276237208e-37,9959.33066111963,0.996422961124208,-6.034885819354137e-19
472860,0.0,-1.8159464436717337e-37,9959.330661119913,0.996422961124205,-6.035446208428809e-19
472920,0.0,-1.8161140380649663e-37,9959.330661120197,0.9964229611242021,-6.036005197981401e-19
472980,0.0,-1.816281210803419e-37,9959.33066112048,0.9964229611241991,-6.036562788011917e-19
473040,0.0,-1.8164479618870911e-37,9959.330661120764,0.9964229611241961,-6.037118978520352e-19
473100,0.0,-1.816614291315983e-37,9959.330661121046,0.9964229611241933,-6.037673769506709e-19
473160,0.0,-1.8167801990900955e-37,9959.330661121327,0.9964229611241903,-6.038227160970987e-19
473220,0.0,-1.8169456852094272e-37,9959.330661121609,0.9964229611241874,-6.038779152913187e-19
473280,0.0,-1.8171107496739791e-37,9959.330661121889,0.9964229611241845,-6.039329745333307e-19
473340,0.0,-1.8172753924837505e-37,9959.330661122167,0.9964229611241815,-6.039878938231349e-19
473400,0.0,-1.817439613638742e-37,9959.330661122445,0.9964229611241786,-6.040426731607313e-19
473460,0.0,-1.8176034131389535e-37,9959.330661122724,0.9964229611241757,-6.0409731254611975e-19
473520,0.0,-1.8177667909843846e-37,9959.330661123,0.9964229611241728,-6.041518119793004e-19
473580,0.0,-1.8179297471750359e-37,9959.330661123277,0.99642296112417,-6.042061714602732e-19
473640,0.0,-1.8180922817109066e-37,9959.330661123553,0.9964229611241671,-6.04260390989038e-19
473700,0.0,-1.8182543945919977e-37,9959.330661123828,0.9964229611241642,-6.04314470565595e-19
473760,0.0,-1.818416085818308e-37,9959.330661124102,0.9964229611241613,-6.043684101899442e-19
473820,0.0,-1.8185773553898385e-37,9959.330661124377,0.9964229611241584,-6.044222098620855e-19
473880,0.0,-1.8187382033065891e-37,9959.33066112465,0.9964229611241556,-6.044758695820188e-19
473940,0.0,-1.818898629568559e-37,9959.330661124923,0.9964229611241527,-6.045293893497444e-19
474000,0.0,-1.8190586341757495e-37,9959.330661125194,0.9964229611241499,-6.0458276916526205e-19
474060,0.0,-1.8192182171281592e-37,9959.330661125465,0.9964229611241471,-6.046360090285719e-19
474120,0.0,-1.8193773784257887e-37,9959.330661125736,0.9964229611241443,-6.046891089396738e-19
474180,0.0,-1.8195361180686387e-37,9959.330661126005,0.9964229611241414,-6.047420688985678e-19
474240,0.0,-1.8196944360567079e-37,9959.330661126274,0.9964229611241386,-6.04794888905254e-19
474300,0.0,-1.8198523323899977e-37,9959.330661126542,0.9964229611241359,-6.048475689597324e-19
474360,0.0,-1.8200098070685065e-37,9959.330661126809,0.996422961124133,-6.049001090620028e-19
474420,0.0,-1.8201668600922354e-37,9959.330661127076,0.9964229611241302,-6.049525092120654e-19
474480,0.0,-1.8203234914611847e-37,9959.330661127342,0.9964229611241274,-6.050047694099202e-19
474540,0.0,-1.8204797011753533e-37,9959.330661127608,0.9964229611241247,-6.050568896555671e-19
474600,0.0,-1.8206354892347422e-37,9959.330661127873,0.9964229611241219,-6.05108869949006e-19
474660,0.0,-1.8207908556393504e-37,9959.330661128137,0.9964229611241191,-6.051607102902372e-19
474720,0.0,-1.820945800389179e-37,9959.3306611284,0.9964229611241164,-6.052124106792604e-19
474780,0.0,-1.8211003234842273e-37,9959.330661128663,0.9964229611241137,-6.052639711160757e-19
474840,0.0,-1.821254424924495e-37,9959.330661128924,0.9964229611241109,-6.053153916006833e-19
474900,0.0,-1.8214081047099833e-37,9959.330661129186,0.9964229611241082,-6.053666721330828e-19
474960,0.0,-1.8215613628406908e-37,9959.330661129447,0.9964229611241054,-6.054178127132747e-19
475020,0.0,-1.8217141993166188e-37,9959.330661129707,0.9964229611241028,-6.054688133412586e-19
475080,0.0,-1.8218666141377662e-37,9959.330661129967,0.9964229611241,-6.055196740170347e-19
475140,0.0,-1.8220186073041332e-37,9959.330661130225,0.9964229611240973,-6.055703947406028e-19
475200,0.0,-1.8221701788157206e-37,9959.330661130483,0.9964229611240947,-6.056209755119631e-19
475260,0.0,-1.8223213286725277e-37,9959.33066113074,0.9964229611240919,-6.056714163311157e-19
475320,0.0,-1.8224720568745548e-37,9959.330661130996,0.9964229611240892,-6.057217171980602e-19
475380,0.0,-1.8226223634218015e-37,9959.330661131253,0.9964229611240866,-6.057718781127968e-19
475440,0.0,-1.8227722483142679e-37,9959.330661131507,0.9964229611240839,-6.058218990753256e-19
475500,0.0,-1.8229217115519547e-37,9959.330661131762,0.9964229611240812,-6.058717800856466e-19
475560,0.0,-1.823070753134861e-37,9959.330661132015,0.9964229611240786,-6.059215211437598e-19
475620,0.0,-1.8232193730629874e-37,9959.330661132268,0.996422961124076,-6.059711222496649e-19
475680,0.0,-1.8233675713363334e-37,9959.33066113252,0.9964229611240734,-6.060205834033623e-19
475740,0.0,-1.8235153479548991e-37,9959.330661132772,0.9964229611240707,-6.060699046048519e-19
475800,0.0,-1.823662702918685e-37,9959.330661133023,0.9964229611240681,-6.061190858541335e-19
475860,0.0,-1.8238096362276906e-37,9959.330661133274,0.9964229611240655,-6.061681271512072e-19
475920,0.0,-1.8239561478819164e-37,9959.330661133523,0.9964229611240629,-6.062170284960731e-19
475980,0.0,-1.8241022378813616e-37,9959.330661133772,0.9964229611240603,-6.062657898887311e-19
476040,0.0,-1.824247906226027e-37,9959.330661134021,0.9964229611240577,-6.063144113291812e-19
476100,0.0,-1.824393152915912e-37,9959.330661134269,0.996422961124055,-6.063628928174235e-19
476160,0.0,-1.8245379779510168e-37,9959.330661134514,0.9964229611240525,-6.06411234353458e-19
476220,0.0,-1.8246823813313418e-37,9959.330661134762,0.9964229611240499,-6.064594359372844e-19
476280,0.0,-1.8248263630568863e-37,9959.330661135007,0.9964229611240474,-6.065074975689032e-19
476340,0.0,-1.824969923127651e-37,9959.330661135251,0.9964229611240448,-6.06555419248314e-19
476400,0.0,-1.8251130615436353e-37,9959.330661135495,0.9964229611240423,-6.066032009755169e-19
476460,0.0,-1.8252557783048393e-37,9959.330661135738,0.9964229611240397,-6.066508427505121e-19
476520,0.0,-1.8253980734112636e-37,9959.330661135982,0.9964229611240372,-6.066983445732992e-19
476580,0.0,-1.8255399468629075e-37,9959.330661136224,0.9964229611240346,-6.067457064438785e-19
476640,0.0,-1.8256813986597716e-37,9959.330661136464,0.9964229611240322,-6.0679292836225e-19
476700,0.0,-1.825822428801855e-37,9959.330661136706,0.9964229611240296,-6.068400103284136e-19
476760,0.0,-1.8259630372891584e-37,9959.330661136944,0.9964229611240271,-6.068869523423693e-19
476820,0.0,-1.826103224121682e-37,9959.330661137185,0.9964229611240246,-6.069337544041172e-19
476880,0.0,-1.826242989299425e-37,9959.330661137423,0.9964229611240221,-6.069804165136573e-19
476940,0.0,-1.8263823328223885e-37,9959.330661137661,0.9964229611240196,-6.070269386709894e-19
477000,0.0,-1.8265212546905712e-37,9959.330661137898,0.9964229611240172,-6.070733208761136e-19
477060,0.0,-1.8266597549039739e-37,9959.330661138134,0.9964229611240147,-6.071195631290299e-19
477120,0.0,-1.8267978334625969e-37,9959.33066113837,0.9964229611240122,-6.071656654297385e-19
477180,0.0,-1.8269354903664392e-37,9959.330661138605,0.9964229611240097,-6.072116277782392e-19
477240,0.0,-1.8270727256155018e-37,9959.33066113884,0.9964229611240073,-6.07257450174532e-19
477300,0.0,-1.8272095392097839e-37,9959.330661139074,0.9964229611240049,-6.073031326186168e-19
477360,0.0,-1.8273459311492863e-37,9959.330661139307,0.9964229611240024,-6.07348675110494e-19
477420,0.0,-1.827481901434008e-37,9959.330661139538,0.996422961124,-6.073940776501632e-19
477480,0.0,-1.8276174500639495e-37,9959.330661139771,0.9964229611239976,-6.074393402376244e-19
477540,0.0,-1.8277525770391115e-37,9959.330661140002,0.9964229611239952,-6.074844628728779e-19
477600,0.0,-1.8278872823594929e-37,9959.330661140231,0.9964229611239928,-6.075294455559235e-19
477660,0.0,-1.8280215660250947e-37,9959.33066114046,0.9964229611239904,-6.075742882867611e-19
477720,0.0,-1.8281554280359157e-37,9959.33066114069,0.996422961123988,-6.076189910653911e-19
477780,0.0,-1.8282888683919566e-37,9959.330661140919,0.9964229611239855,-6.07663553891813e-19
477840,0.0,-1.8284218870932179e-37,9959.330661141146,0.9964229611239832,-6.077079767660271e-19
477900,0.0,-1.8285544841396984e-37,9959.330661141374,0.9964229611239809,-6.077522596880334e-19
477960,0.0,-1.8286866595313993e-37,9959.3306611416,0.9964229611239784,-6.077964026578318e-19
478020,0.0,-1.82881841326832e-37,9959.330661141825,0.9964229611239761,-6.078404056754223e-19
478080,0.0,-1.8289497453504599e-37,9959.330661142048,0.9964229611239738,-6.078842687408049e-19
478140,0.0,-1.8290806557778205e-37,9959.330661142274,0.9964229611239714,-6.079279918539797e-19
478200,0.0,-1.8292111445504004e-37,9959.330661142496,0.9964229611239691,-6.079715750149465e-19
478260,0.0,-1.8293412116682007e-37,9959.33066114272,0.9964229611239668,-6.080150182237055e-19
478320,0.0,-1.8294708571312204e-37,9959.330661142942,0.9964229611239644,-6.080583214802568e-19
478380,0.0,-1.8296000809394597e-37,9959.330661143162,0.9964229611239621,-6.081014847845999e-19
478440,0.0,-1.8297288830929195e-37,9959.330661143384,0.9964229611239599,-6.081445081367355e-19
478500,0.0,-1.829857263591599e-37,9959.330661143604,0.9964229611239576,-6.08187391536663e-19
478560,0.0,-1.8299852224354983e-37,9959.330661143822,0.9964229611239552,-6.082301349843826e-19
478620,0.0,-1.8301127596246174e-37,9959.33066114404,0.996422961123953,-6.082727384798945e-19
478680,0.0,-1.8302398751589565e-37,9959.330661144259,0.9964229611239507,-6.083152020231985e-19
478740,0.0,-1.8303665690385152e-37,9959.330661144475,0.9964229611239485,-6.083575256142945e-19
478800,0.0,-1.8304928412632937e-37,9959.330661144691,0.9964229611239461,-6.083997092531828e-19
478860,0.0,-1.8306186918332925e-37,9959.330661144908,0.9964229611239439,-6.084417529398631e-19
478920,0.0,-1.8307441207485107e-37,9959.330661145123,0.9964229611239417,-6.084836566743355e-19
478980,0.0,-1.8308691280089493e-37,9959.330661145337,0.9964229611239395,-6.085254204566001e-19
479040,0.0,-1.8309937136146072e-37,9959.330661145552,0.9964229611239371,-6.08567044286657e-19
479100,0.0,-1.831117877565485e-37,9959.330661145765,0.9964229611239349,-6.086085281645058e-19
479160,0.0,-1.8312416198615832e-37,9959.330661145976,0.9964229611239327,-6.086498720901468e-19
479220,0.0,-1.8313649405029007e-37,9959.330661146189,0.9964229611239306,-6.0869107606358e-19
479280,0.0,-1.8314878394894385e-37,9959.3306611464,0.9964229611239284,-6.087321400848052e-19
479340,0.0,-1.8316103168211957e-37,9959.330661146609,0.9964229611239261,-6.087730641538227e-19
479400,0.0,-1.8317323724981727e-37,9959.33066114682,0.9964229611239239,-6.088138482706322e-19
479460,0.0,-1.8318540065203702e-37,9959.330661147027,0.9964229611239218,-6.088544924352339e-19
479520,0.0,-1.831975218887787e-37,9959.330661147236,0.9964229611239196,-6.088949966476277e-19
479580,0.0,-1.8320960096004242e-37,9959.330661147444,0.9964229611239174,-6.089353609078136e-19
479640,0.0,-1.8322163786582807e-37,9959.330661147651,0.9964229611239153,-6.089755852157917e-19
479700,0.0,-1.832336326061357e-37,9959.330661147857,0.9964229611239132,-6.090156695715618e-19
479760,0.0,-1.8324558518096536e-37,9959.330661148062,0.9964229611239109,-6.090556139751242e-19
479820,0.0,-1.8325749559031697e-37,9959.330661148266,0.9964229611239088,-6.090954184264786e-19
479880,0.0,-1.8326936383419061e-37,9959.330661148471,0.9964229611239067,-6.091350829256252e-19
479940,0.0,-1.832811899125862e-37,9959.330661148673,0.9964229611239046,-6.091746074725639e-19
480000,0.0,-1.8329297382550381e-37,9959.330661148877,0.9964229611239025,-6.092139920672947e-19
480060,0.0,-1.8330471557294336e-37,9959.330661149079,0.9964229611239004,-6.092532367098178e-19
480120,0.0,-1.833164151549049e-37,9959.330661149279,0.9964229611238983,-6.0929234140013285e-19
480180,0.0,-1.8332807257138848e-37,9959.33066114948,0.9964229611238962,-6.093313061382401e-19
480240,0.0,-1.8333968782239398e-37,9959.330661149681,0.9964229611238941,-6.093701309241395e-19
480300,0.0,-1.8335126090792153e-37,9959.33066114988,0.996422961123892,-6.09408815757831e-19
480360,0.0,-1.8336279182797101e-37,9959.330661150078,0.9964229611238898,-6.094473606393147e-19
480420,0.0,-1.8337428058254246e-37,9959.330661150276,0.9964229611238878,-6.094857655685904e-19
480480,0.0,-1.8338572717163596e-37,9959.330661150472,0.9964229611238857,-6.095240305456583e-19
480540,0.0,-1.833971315952514e-37,9959.330661150669,0.9964229611238837,-6.095621555705183e-19
480600,0.0,-1.8340849385338887e-37,9959.330661150865,0.9964229611238816,-6.096001406431705e-19
480660,0.0,-1.834198139460483e-37,9959.33066115106,0.9964229611238796,-6.096379857636149e-19
480720,0.0,-1.8343109187322968e-37,9959.330661151254,0.9964229611238776,-6.096756909318512e-19
480780,0.0,-1.834423276349331e-37,9959.330661151449,0.9964229611238755,-6.097132561478798e-19
480840,0.0,-1.8345352123115847e-37,9959.330661151642,0.9964229611238735,-6.097506814117006e-19
480900,0.0,-1.8346467266190587e-37,9959.330661151833,0.9964229611238715,-6.097879667233135e-19
480960,0.0,-1.834757819271752e-37,9959.330661152026,0.9964229611238695,-6.098251120827183e-19
481020,0.0,-1.8348684902696654e-37,9959.330661152217,0.9964229611238675,-6.098621174899155e-19
481080,0.0,-1.834978739612799e-37,9959.330661152406,0.9964229611238655,-6.098989829449047e-19
481140,0.0,-1.8350885673011519e-37,9959.330661152595,0.9964229611238635,-6.09935708447686e-19
481200,0.0,-1.8351979733347252e-37,9959.330661152784,0.9964229611238616,-6.099722939982595e-19
481260,0.0,-1.8353069577135179e-37,9959.330661152973,0.9964229611238596,-6.100087395966251e-19
481320,0.0,-1.8354155204375308e-37,9959.33066115316,0.9964229611238576,-6.100450452427828e-19
481380,0.0,-1.8355236615067631e-37,9959.330661153346,0.9964229611238558,-6.100812109367328e-19
481440,0.0,-1.8356313809212155e-37,9959.330661153534,0.9964229611238538,-6.101172366784748e-19
481500,0.0,-1.835738678680888e-37,9959.33066115372,0.9964229611238519,-6.101531224680089e-19
481560,0.0,-1.83584555478578e-37,9959.330661153903,0.9964229611238499,-6.101888683053352e-19
481620,0.0,-1.8359520092358923e-37,9959.330661154087,0.996422961123848,-6.102244741904537e-19
481680,0.0,-1.836058042031224e-37,9959.33066115427,0.9964229611238461,-6.102599401233641e-19
481740,0.0,-1.8361636531717757e-37,9959.330661154454,0.9964229611238442,-6.102952661040669e-19
481800,0.0,-1.8362688426575474e-37,9959.330661154636,0.9964229611238423,-6.103304521325617e-19
481860,0.0,-1.8363736104885386e-37,9959.330661154816,0.9964229611238403,-6.103654982088486e-19
481920,0.0,-1.8364779566647502e-37,9959.330661154996,0.9964229611238384,-6.104004043329277e-19
481980,0.0,-1.8365818811861813e-37,9959.330661155176,0.9964229611238367,-6.10435170504799e-19
482040,0.0,-1.8366853840528321e-37,9959.330661155356,0.9964229611238348,-6.104697967244622e-19
482100,0.0,-1.8367884652647032e-37,9959.330661155534,0.9964229611238329,-6.105042829919177e-19
482160,0.0,-1.8368911248217937e-37,9959.330661155713,0.996422961123831,-6.105386293071653e-19
482220,0.0,-1.8369933627241045e-37,9959.33066115589,0.9964229611238291,-6.10572835670205e-19
482280,0.0,-1.8370951789716349e-37,9959.330661156066,0.9964229611238273,-6.106069020810369e-19
482340,0.0,-1.8371965735643849e-37,9959.330661156242,0.9964229611238254,-6.106408285396609e-19
482400,0.0,-1.8372975465023553e-37,9959.330661156417,0.9964229611238237,-6.106746150460769e-19
482460,0.0,-1.8373980977855452e-37,9959.330661156591,0.9964229611238218,-6.107082616002853e-19
482520,0.0,-1.8374982274139553e-37,9959.330661156764,0.99642296112382,-6.107417682022857e-19
482580,0.0,-1.837597935387585e-37,9959.330661156937,0.9964229611238182,-6.107751348520781e-19
482640,0.0,-1.8376972217064348e-37,9959.33066115711,0.9964229611238165,-6.108083615496628e-19
482700,0.0,-1.8377960863705041e-37,9959.33066115728,0.9964229611238146,-6.108414482950396e-19
482760,0.0,-1.8378945293797931e-37,9959.330661157452,0.9964229611238128,-6.108743950882085e-19
482820,0.0,-1.8379925507343026e-37,9959.330661157623,0.996422961123811,-6.109072019291696e-19
482880,0.0,-1.8380901504340314e-37,9959.330661157792,0.9964229611238092,-6.1093986881792285e-19
482940,0.0,-1.8381873284789807e-37,9959.330661157961,0.9964229611238076,-6.109723957544681e-19
483000,0.0,-1.8382840848691492e-37,9959.330661158128,0.9964229611238058,-6.110047827388056e-19
483060,0.0,-1.8383804196045376e-37,9959.330661158296,0.996422961123804,-6.110370297709351e-19
483120,0.0,-1.8384763326851464e-37,9959.330661158463,0.9964229611238022,-6.110691368508568e-19
483180,0.0,-1.8385718241109746e-37,9959.330661158629,0.9964229611238006,-6.111011039785707e-19
483240,0.0,-1.8386668938820228e-37,9959.330661158794,0.9964229611237988,-6.111329311540767e-19
483300,0.0,-1.8387615419982906e-37,9959.33066115896,0.9964229611237971,-6.111646183773747e-19
483360,0.0,-1.8388557684597783e-37,9959.330661159123,0.9964229611237954,-6.11196165648465e-19
483420,0.0,-1.8389495732664865e-37,9959.330661159287,0.9964229611237937,-6.112275729673474e-19
483480,0.0,-1.8390429564184138e-37,9959.330661159449,0.9964229611237919,-6.112588403340218e-19
483540,0.0,-1.8391359179155616e-37,9959.33066115961,0.9964229611237903,-6.112899677484884e-19
483600,0.0,-1.8392284577579288e-37,9959.330661159773,0.9964229611237886,-6.113209552107472e-19
483660,0.0,-1.8393205759455158e-37,9959.330661159933,0.9964229611237869,-6.113518027207982e-19
483720,0.0,-1.839412272478323e-37,9959.330661160093,0.9964229611237853,-6.113825102786412e-19
483780,0.0,-1.8395035473563497e-37,9959.330661160251,0.9964229611237836,-6.114130778842764e-19
483840,0.0,-1.8395944005795969e-37,9959.330661160411,0.9964229611237819,-6.114435055377036e-19
483900,0.0,-1.8396848321480632e-37,9959.330661160568,0.9964229611237803,-6.11473793238923e-19
483960,0.0,-1.83977484206175e-37,9959.330661160726,0.9964229611237786,-6.115039409879346e-19
484020,0.0,-1.839864430320656e-37,9959.330661160882,0.996422961123777,-6.115339487847382e-19
484080,0.0,-1.8399535969247822e-37,9959.330661161037,0.9964229611237754,-6.11563816629334e-19
484140,0.0,-1.8400423418741285e-37,9959.330661161192,0.9964229611237737,-6.11593544521722e-19
484200,0.0,-1.8401306651686941e-37,9959.330661161346,0.9964229611237722,-6.116231324619021e-19
484260,0.0,-1.84021856680848e-37,9959.3306611615,0.9964229611237705,-6.116525804498743e-19
484320,0.0,-1.8403060467934856e-37,9959.330661161654,0.9964229611237689,-6.116818884856387e-19
484380,0.0,-1.840393105123711e-37,9959.330661161806,0.9964229611237674,-6.117110565691952e-19
484440,0.0,-1.8404797417991564e-37,9959.330661161957,0.9964229611237657,-6.117400847005437e-19
484500,0.0,-1.8405659568198214e-37,9959.330661162108,0.9964229611237642,-6.117689728796845e-19
484560,0.0,-1.8406517501857068e-37,9959.330661162257,0.9964229611237626,-6.117977211066174e-19
484620,0.0,-1.8407371218968115e-37,9959.330661162408,0.996422961123761,-6.118263293813423e-19
484680,0.0,-1.840822071953136e-37,9959.330661162556,0.9964229611237595,-6.118547977038596e-19
484740,0.0,-1.840906600354681e-37,9959.330661162705,0.9964229611237579,-6.118831260741688e-19
484800,0.0,-1.8409907071014453e-37,9959.330661162852,0.9964229611237564,-6.119113144922702e-19
484860,0.0,-1.84107439219343e-37,9959.330661162998,0.9964229611237548,-6.119393629581637e-19
484920,0.0,-1.841157655630634e-37,9959.330661163145,0.9964229611237534,-6.119672714718494e-19
484980,0.0,-1.8412404974130582e-37,9959.33066116329,0.9964229611237518,-6.119950400333272e-19
485040,0.0,-1.8413229175407019e-37,9959.330661163434,0.9964229611237503,-6.120226686425972e-19
485100,0.0,-1.8414049160135656e-37,9959.330661163578,0.9964229611237488,-6.120501572996592e-19
485160,0.0,-1.8414864928316493e-37,9959.330661163722,0.9964229611237473,-6.120775060045133e-19
485220,0.0,-1.8415676479949527e-37,9959.330661163865,0.9964229611237458,-6.121047147571597e-19
485280,0.0,-1.8416483815034763e-37,9959.330661164007,0.9964229611237444,-6.121317835575982e-19
485340,0.0,-1.8417286933572193e-37,9959.330661164147,0.9964229611237428,-6.121587124058287e-19
485400,0.0,-1.8418085835561821e-37,9959.330661164287,0.9964229611237414,-6.121855013018515e-19
485460,0.0,-1.8418880521003654e-37,9959.330661164428,0.99642296112374,-6.122121502456663e-19
485520,0.0,-1.841967098989768e-37,9959.330661164568,0.9964229611237385,-6.122386592372732e-19
485580,0.0,-1.8420457242243909e-37,9959.330661164706,0.9964229611237371,-6.122650282766724e-19
485640,0.0,-1.8421239278042332e-37,9959.330661164844,0.9964229611237356,-6.122912573638636e-19
485700,0.0,-1.8422017097292954e-37,9959.33066116498,0.9964229611237342,-6.123173464988469e-19
485760,0.0,-1.8422790699995778e-37,9959.330661165117,0.9964229611237327,-6.123432956816226e-19
485820,0.0,-1.8423560086150797e-37,9959.330661165253,0.9964229611237313,-6.123691049121902e-19
485880,0.0,-1.8424325255758018e-37,9959.330661165388,0.99642296112373,-6.123947741905499e-19
485940,0.0,-1.8425086208817435e-37,9959.330661165523,0.9964229611237285,-6.124203035167018e-19
486000,0.0,-1.842584294532905e-37,9959.330661165655,0.9964229611237271,-6.124456928906459e-19
486060,0.0,-1.8426595465292868e-37,9959.330661165788,0.9964229611237257,-6.124709423123821e-19
486120,0.0,-1.8427343768708877e-37,9959.33066116592,0.9964229611237243,-6.124960517819104e-19
486180,0.0,-1.8428087855577094e-37,9959.330661166052,0.996422961123723,-6.125210212992308e-19
486240,0.0,-1.8428827725897502e-37,9959.330661166183,0.9964229611237216,-6.1254585086434335e-19
486300,0.0,-1.8429563379670113e-37,9959.330661166314,0.9964229611237202,-6.12570540477248e-19
486360,0.0,-1.843029481689492e-37,9959.330661166443,0.9964229611237189,-6.125950901379448e-19
486420,0.0,-1.8431022037571925e-37,9959.330661166572,0.9964229611237175,-6.126194998464338e-19
486480,0.0,-1.8431745041701133e-37,9959.3306611667,0.9964229611237162,-6.126437696027149e-19
486540,0.0,-1.8432463829282534e-37,9959.330661166827,0.9964229611237149,-6.126678994067882e-19
486600,0.0,-1.8433178400316139e-37,9959.330661166954,0.9964229611237135,-6.126918892586535e-19
486660,0.0,-1.8433888754801937e-37,9959.33066116708,0.9964229611237122,-6.12715739158311e-19
486720,0.0,-1.8434594892739936e-37,9959.330661167205,0.996422961123711,-6.127394491057607e-19
486780,0.0,-1.8435296814130135e-37,9959.330661167329,0.9964229611237096,-6.127630191010023e-19
486840,0.0,-1.843599451897253e-37,9959.330661167454,0.9964229611237083,-6.127864491440363e-19
486900,0.0,-1.8436688007267127e-37,9959.330661167576,0.9964229611237071,-6.128097392348623e-19
486960,0.0,-1.843737727901392e-37,9959.3306611677,0.9964229611237058,-6.128328893734803e-19
487020,0.0,-1.843806233421291e-37,9959.330661167822,0.9964229611237045,-6.128558995598907e-19
487080,0.0,-1.8438743172864104e-37,9959.330661167942,0.9964229611237032,-6.12878769794093e-19
487140,0.0,-1.843941979496749e-37,9959.330661168064,0.996422961123702,-6.129015000760876e-19
487200,0.0,-1.8440092200523081e-37,9959.330661168182,0.9964229611237007,-6.129240904058743e-19
487260,0.0,-1.8440760389530867e-37,9959.330661168302,0.9964229611236994,-6.129465407834532e-19
487320,0.0,-1.8441424361990848e-37,9959.33066116842,0.9964229611236982,-6.129688512088241e-19
487380,0.0,-1.8442084117903036e-37,9959.330661168538,0.996422961123697,-6.129910216819871e-19
487440,0.0,-1.8442739657267416e-37,9959.330661168655,0.9964229611236958,-6.130130522029424e-19
487500,0.0,-1.8443390980083998e-37,9959.330661168771,0.9964229611236946,-6.1303494277168965e-19
487560,0.0,-1.8444038086352777e-37,9959.330661168888,0.9964229611236933,-6.130566933882291e-19
487620,0.0,-1.8444680976073758e-37,9959.330661169002,0.9964229611236921,-6.130783040525607e-19
487680,0.0,-1.8445319649246933e-37,9959.330661169117,0.996422961123691,-6.130997747646845e-19
487740,0.0,-1.8445954105872305e-37,9959.33066116923,0.9964229611236898,-6.131211055246004e-19
487800,0.0,-1.8446584345949883e-37,9959.330661169342,0.9964229611236886,-6.131422963323083e-19
487860,0.0,-1.8447210369479653e-37,9959.330661169455,0.9964229611236874,-6.131633471878084e-19
487920,0.0,-1.8447832176461625e-37,9959.330661169566,0.9964229611236862,-6.131842580911007e-19
487980,0.0,-1.8448449766895794e-37,9959.330661169677,0.9964229611236851,-6.132050290421851e-19
488040,0.0,-1.844906314078216e-37,9959.330661169788,0.9964229611236839,-6.132256600410616e-19
488100,0.0,-1.844967229812073e-37,9959.330661169897,0.9964229611236828,-6.132461510877302e-19
488160,0.0,-1.8450277238911493e-37,9959.330661170006,0.9964229611236817,-6.13266502182191e-19
488220,0.0,-1.845087796315446e-37,9959.330661170114,0.9964229611236806,-6.132867133244439e-19
488280,0.0,-1.8451474470849619e-37,9959.330661170221,0.9964229611236795,-6.13306784514489e-19
488340,0.0,-1.845206676199698e-37,9959.330661170328,0.9964229611236783,-6.133267157523262e-19
488400,0.0,-1.845265483659654e-37,9959.330661170434,0.9964229611236772,-6.133465070379554e-19
488460,0.0,-1.8453238694648297e-37,9959.33066117054,0.9964229611236761,-6.133661583713769e-19
488520,0.0,-1.8453818336152256e-37,9959.330661170643,0.996422961123675,-6.133856697525905e-19
488580,0.0,-1.845439376110841e-37,9959.330661170748,0.9964229611236739,-6.134050411815962e-19
488640,0.0,-1.845496496951676e-37,9959.33066117085,0.9964229611236728,-6.134242726583941e-19
488700,0.0,-1.8455531961377317e-37,9959.330661170954,0.9964229611236718,-6.134433641829841e-19
488760,0.0,-1.8456094736690065e-37,9959.330661171056,0.9964229611236707,-6.134623157553662e-19
488820,0.0,-1.8456653295455018e-37,9959.330661171156,0.9964229611236697,-6.134811273755403e-19
488880,0.0,-1.8457207637672165e-37,9959.330661171258,0.9964229611236686,-6.134997990435067e-19
488940,0.0,-1.8457757763341514e-37,9959.330661171356,0.9964229611236676,-6.135183307592652e-19
489000,0.0,-1.8458303672463058e-37,9959.330661171456,0.9964229611236665,-6.135367225228159e-19
489060,0.0,-1.84588453650368e-37,9959.330661171554,0.9964229611236655,-6.135549743341586e-19
489120,0.0,-1.8459382841062743e-37,9959.330661171653,0.9964229611236645,-6.135730861932934e-19
489180,0.0,-1.8459916100540883e-37,9959.330661171749,0.9964229611236635,-6.135910581002205e-19
489240,0.0,-1.8460445143471226e-37,9959.330661171845,0.9964229611236625,-6.136088900549397e-19
489300,0.0,-1.8460969969853763e-37,9959.330661171942,0.9964229611236615,-6.136265820574509e-19
489360,0.0,-1.8461490579688496e-37,9959.330661172036,0.9964229611236605,-6.136441341077544e-19
489420,0.0,-1.8462006972975436e-37,9959.330661172131,0.9964229611236595,-6.1366154620585e-19
489480,0.0,-1.8462519149714567e-37,9959.330661172224,0.9964229611236585,-6.136788183517376e-19
489540,0.0,-1.8463027109905901e-37,9959.330661172316,0.9964229611236575,-6.136959505454175e-19
489600,0.0,-1.8463530853549431e-37,9959.33066117241,0.9964229611236566,-6.1371294278688945e-19
489660,0.0,-1.846403038064516e-37,9959.3306611725,0.9964229611236556,-6.137297950761535e-19
489720,0.0,-1.846452569119309e-37,9959.330661172591,0.9964229611236547,-6.137465074132097e-19
489780,0.0,-1.8465016785193216e-37,9959.330661172682,0.9964229611236537,-6.13763079798058e-19
489840,0.0,-1.8465503662645543e-37,9959.330661172771,0.9964229611236528,-6.137795122306985e-19
489900,0.0,-1.8465986323550065e-37,9959.330661172859,0.9964229611236518,-6.137958047111311e-19
489960,0.0,-1.8466464767906787e-37,9959.330661172948,0.9964229611236509,-6.138119572393559e-19
490020,0.0,-1.846693899571571e-37,9959.330661173035,0.99642296112365,-6.138279698153727e-19
490080,0.0,-1.8467409006976828e-37,9959.330661173122,0.9964229611236491,-6.138438424391817e-19
490140,0.0,-1.8467874801690148e-37,9959.330661173208,0.9964229611236483,-6.138595751107829e-19
490200,0.0,-1.8468336379855663e-37,9959.330661173293,0.9964229611236474,-6.138751678301762e-19
490260,0.0,-1.846879374147338e-37,9959.330661173377,0.9964229611236465,-6.138906205973615e-19
490320,0.0,-1.8469246886543295e-37,9959.33066117346,0.9964229611236456,-6.139059334123391e-19
490380,0.0,-1.8469695815065404e-37,9959.330661173544,0.9964229611236447,-6.139211062751088e-19
490440,0.0,-1.8470140527039719e-37,9959.330661173626,0.9964229611236438,-6.139361391856705e-19
490500,0.0,-1.8470581022466227e-37,9959.330661173708,0.9964229611236429,-6.139510321440244e-19
490560,0.0,-1.8471017301344938e-37,9959.33066117379,0.9964229611236421,-6.139657851501705e-19
490620,0.0,-1.8471449363675843e-37,9959.33066117387,0.9964229611236413,-6.139803982041087e-19
490680,0.0,-1.8471877209458946e-37,9959.33066117395,0.9964229611236405,-6.13994871305839e-19
490740,0.0,-1.8472300838694252e-37,9959.33066117403,0.9964229611236396,-6.140092044553615e-19
490800,0.0,-1.8472720251381754e-37,9959.330661174108,0.9964229611236388,-6.14023397652676e-19
490860,0.0,-1.8473135447521458e-37,9959.330661174185,0.996422961123638,-6.140374508977828e-19
490920,0.0,-1.8473546427113354e-37,9959.330661174263,0.9964229611236372,-6.140513641906816e-19
490980,0.0,-1.8473953190157451e-37,9959.33066117434,0.9964229611236364,-6.140651375313725e-19
491040,0.0,-1.8474355736653752e-37,9959.330661174414,0.9964229611236356,-6.140787709198557e-19
491100,0.0,-1.8474754066602246e-37,9959.330661174488,0.9964229611236348,-6.14092264356131e-19
491160,0.0,-1.8475148180002941e-37,9959.330661174563,0.996422961123634,-6.141056178401983e-19
491220,0.0,-1.8475538076855833e-37,9959.330661174637,0.9964229611236333,-6.141188313720578e-19
491280,0.0,-1.8475923757160923e-37,9959.33066117471,0.9964229611236325,-6.141319049517094e-19
491340,0.0,-1.8476305220918216e-37,9959.330661174781,0.9964229611236317,-6.141448385791532e-19
491400,0.0,-1.8476682468127702e-37,9959.330661174854,0.996422961123631,-6.141576322543891e-19
491460,0.0,-1.8477055498789392e-37,9959.330661174925,0.9964229611236303,-6.141702859774172e-19
491520,0.0,-1.8477424312903275e-37,9959.330661174994,0.9964229611236295,-6.141827997482374e-19
491580,0.0,-1.8477788910469362e-37,9959.330661175063,0.9964229611236288,-6.141951735668496e-19
491640,0.0,-1.8478149291487642e-37,9959.330661175132,0.996422961123628,-6.142074074332542e-19
491700,0.0,-1.8478505455958122e-37,9959.330661175201,0.9964229611236274,-6.142195013474506e-19
491760,0.0,-1.8478857403880805e-37,9959.330661175269,0.9964229611236267,-6.142314553094393e-19
491820,0.0,-1.8479205135255681e-37,9959.330661175334,0.9964229611236259,-6.142432693192202e-19
491880,0.0,-1.847954865008276e-37,9959.3306611754,0.9964229611236253,-6.142549433767931e-19
491940,0.0,-1.8479887948362034e-37,9959.330661175465,0.9964229611236246,-6.142664774821582e-19
492000,0.0,-1.8480223030093507e-37,9959.33066117553,0.9964229611236239,-6.142778716353154e-19
492060,0.0,-1.8480553895277183e-37,9959.330661175594,0.9964229611236233,-6.142891258362648e-19
492120,0.0,-1.8480880543913051e-37,9959.330661175658,0.9964229611236226,-6.143002400850063e-19
492180,0.0,-1.8481202976001124e-37,9959.33066117572,0.9964229611236219,-6.1431121438154e-19
492240,0.0,-1.8481521191541392e-37,9959.330661175782,0.9964229611236213,-6.1432204872586555e-19
492300,0.0,-1.8481835190533857e-37,9959.330661175843,0.9964229611236207,-6.143327431179835e-19
492360,0.0,-1.8482144972978525e-37,9959.330661175904,0.99642296112362,-6.143432975578935e-19
492420,0.0,-1.8482450538875388e-37,9959.330661175964,0.9964229611236194,-6.143537120455957e-19
492480,0.0,-1.8482751888224452e-37,9959.330661176022,0.9964229611236188,-6.1436398658109e-19
492540,0.0,-1.8483049021025712e-37,9959.33066117608,0.9964229611236182,-6.143741211643764e-19
492600,0.0,-1.848334193727917e-37,9959.330661176138,0.9964229611236176,-6.143841157954549e-19
492660,0.0,-1.848363063698483e-37,9959.330661176195,0.996422961123617,-6.143939704743256e-19
492720,0.0,-1.8483915120142688e-37,9959.330661176251,0.9964229611236164,-6.144036852009884e-19
492780,0.0,-1.8484195386752745e-37,9959.330661176307,0.9964229611236158,-6.144132599754433e-19
492840,0.0,-1.8484471436814999e-37,9959.330661176362,0.9964229611236153,-6.144226947976904e-19
492900,0.0,-1.8484743270329453e-37,9959.330661176416,0.9964229611236147,-6.144319896677296e-19
492960,0.0,-1.8485010887296103e-37,9959.33066117647,0.9964229611236142,-6.14441144585561e-19
493020,0.0,-1.848527428771495e-37,9959.330661176522,0.9964229611236136,-6.144501595511843e-19
493080,0.0,-1.8485533471586004e-37,9959.330661176575,0.9964229611236131,-6.144590345646e-19
493140,0.0,-1.8485788438909248e-37,9959.330661176626,0.9964229611236125,-6.144677696258077e-19
493200,0.0,-1.8486039189684696e-37,9959.330661176677,0.996422961123612,-6.144763647348075e-19
493260,0.0,-1.848628572391234e-37,9959.330661176728,0.9964229611236114,-6.144848198915996e-19
493320,0.0,-1.848652804159218e-37,9959.330661176777,0.996422961123611,-6.144931350961836e-19
493380,0.0,-1.8486766142724225e-37,9959.330661176826,0.9964229611236104,-6.1450131034855995e-19
493440,0.0,-1.8487000027308463e-37,9959.330661176873,0.99642296112361,-6.145093456487283e-19
493500,0.0,-1.8487229695344904e-37,9959.33066117692,0.9964229611236094,-6.145172409966887e-19
493560,0.0,-1.8487455146833539e-37,9959.330661176968,0.996422961123609,-6.145249963924414e-19
493620,0.0,-1.8487676381774374e-37,9959.330661177013,0.9964229611236084,-6.145326118359862e-19
493680,0.0,-1.848789340016741e-37,9959.330661177059,0.996422961123608,-6.145400873273232e-19
493740,0.0,-1.8488106202012643e-37,9959.330661177102,0.9964229611236075,-6.145474228664522e-19
493800,0.0,-1.8488314787310073e-37,9959.330661177146,0.9964229611236071,-6.145546184533734e-19
493860,0.0,-1.8488519156059704e-37,9959.33066117719,0.9964229611236066,-6.145616740880868e-19
493920,0.0,-1.8488719308261534e-37,9959.330661177231,0.9964229611236062,-6.145685897705921e-19
493980,0.0,-1.8488915243915561e-37,9959.330661177273,0.9964229611236057,-6.145753655008897e-19
494040,0.0,-1.8489106963021786e-37,9959.330661177315,0.9964229611236053,-6.145820012789794e-19
494100,0.0,-1.848929446558021e-37,9959.330661177355,0.9964229611236048,-6.145884971048612e-19
494160,0.0,-1.8489477751590833e-37,9959.330661177395,0.9964229611236044,-6.145948529785352e-19
494220,0.0,-1.8489656821053655e-37,9959.330661177435,0.9964229611236041,-6.146010689000013e-19
494280,0.0,-1.8489831673968676e-37,9959.330661177473,0.9964229611236036,-6.146071448692595e-19
494340,0.0,-1.8490002310335896e-37,9959.33066117751,0.9964229611236033,-6.146130808863099e-19
494400,0.0,-1.8490168730155313e-37,9959.330661177548,0.9964229611236028,-6.146188769511524e-19
494460,0.0,-1.8490330933426926e-37,9959.330661177584,0.9964229611236025,-6.14624533063787e-19
494520,0.0,-1.8490488920150742e-37,9959.330661177619,0.9964229611236021,-6.146300492242138e-19
494580,0.0,-1.8490642690326755e-37,9959.330661177653,0.9964229611236017,-6.146354254324327e-19
494640,0.0,-1.8490792243954967e-37,9959.330661177688,0.9964229611236014,-6.146406616884437e-19
494700,0.0,-1.8490937581035378e-37,9959.330661177723,0.9964229611236011,-6.146457579922469e-19
494760,0.0,-1.8491078701567986e-37,9959.330661177755,0.9964229611236007,-6.146507143438421e-19
494820,0.0,-1.8491215605552793e-37,9959.330661177786,0.9964229611236004,-6.146555307432296e-19
494880,0.0,-1.84913482929898e-37,9959.330661177817,0.9964229611236001,-6.146602071904091e-19
494940,0.0,-1.8491476763879003e-37,9959.330661177848,0.9964229611235997,-6.1466474368538075e-19
495000,0.0,-1.8491601018220407e-37,9959.330661177879,0.9964229611235994,-6.146691402281446e-19
495060,0.0,-1.849172105601401e-37,9959.330661177908,0.9964229611235991,-6.146733968187006e-19
495120,0.0,-1.849183687725981e-37,9959.330661177937,0.9964229611235987,-6.146775134570487e-19
495180,0.0,-1.8491948481957808e-37,9959.330661177964,0.9964229611235985,-6.146814901431888e-19
495240,0.0,-1.8492055870108007e-37,9959.330661177992,0.9964229611235982,-6.146853268771212e-19
495300,0.0,-1.8492159041710402e-37,9959.330661178019,0.996422961123598,-6.146890236588457e-19
495360,0.0,-1.8492257996764997e-37,9959.330661178044,0.9964229611235976,-6.1469258048836225e-19
495420,0.0,-1.8492352735271789e-37,9959.33066117807,0.9964229611235974,-6.146959973656711e-19
495480,0.0,-1.849244325723078e-37,9959.330661178094,0.9964229611235972,-6.146992742907718e-19
495540,0.0,-1.849252956264197e-37,9959.330661178119,0.9964229611235969,-6.147024112636648e-19
495600,0.0,-1.8492611651505362e-37,9959.33066117814,0.9964229611235966,-6.1470540828435e-19
495660,0.0,-1.8492689523820948e-37,9959.330661178165,0.9964229611235964,-6.147082653528272e-19
495720,0.0,-1.8492763179588735e-37,9959.330661178186,0.9964229611235962,-6.147109824690966e-19
495780,0.0,-1.8492832618808719e-37,9959.330661178206,0.996422961123596,-6.147135596331582e-19
495840,0.0,-1.8492897841480902e-37,9959.330661178226,0.9964229611235957,-6.147159968450119e-19
495900,0.0,-1.8492958847605284e-37,9959.330661178246,0.9964229611235955,-6.147182941046576e-19
495960,0.0,-1.8493015637181864e-37,9959.330661178266,0.9964229611235954,-6.147204514120956e-19
496020,0.0,-1.8493068210210645e-37,9959.330661178285,0.9964229611235952,-6.147224687673256e-19
496080,0.0,-1.849311656669162e-37,9959.330661178301,0.996422961123595,-6.147243461703477e-19
496140,0.0,-1.8493160706624797e-37,9959.33066117832,0.9964229611235949,-6.147260836211622e-19
496200,0.0,-1.8493200630010172e-37,9959.330661178336,0.9964229611235946,-6.147276811197686e-19
496260,0.0,-1.8493236336847746e-37,9959.33066117835,0.9964229611235945,-6.147291386661671e-19
496320,0.0,-1.8493267827137518e-37,9959.330661178365,0.9964229611235943,-6.147304562603579e-19
496380,0.0,-1.8493295100879488e-37,9959.33066117838,0.9964229611235942,-6.147316339023406e-19
496440,0.0,-1.8493318158073656e-37,9959.330661178394,0.9964229611235941,-6.147326715921157e-19
496500,0.0,-1.8493336998720023e-37,9959.330661178406,0.9964229611235939,-6.147335693296828e-19
496560,0.0,-1.849335162281859e-37,9959.330661178417,0.9964229611235937,-6.147343271150421e-19
496620,0.0,-1.8493362030369355e-37,9959.33066117843,0.9964229611235936,-6.147349449481934e-19
496680,0.0,-1.8493368221372319e-37,9959.33066117844,0.9964229611235935,-6.147354228291369e-19
496740,0.0,-1.8493370195827479e-37,9959.33066117845,0.9964229611235934,-6.147357607578726e-19
496800,0.0,-1.849336795373484e-37,9959.33066117846,0.9964229611235933,-6.147359587344003e-19
496860,0.0,-1.84933614950944e-37,9959.330661178468,0.9964229611235932,-6.147360167587203e-19
496920,0.0,-1.8493350819906158e-37,9959.330661178476,0.9964229611235932,-6.147359348308323e-19
496980,0.0,-1.8493335928170115e-37,9959.330661178483,0.9964229611235931,-6.147357129507364e-19
497040,0.0,-1.849331681988627e-37,9959.33066117849,0.996422961123593,-6.147353511184327e-19
497100,0.0,-1.8493293495054622e-37,9959.330661178496,0.996422961123593,-6.147348493339212e-19
497160,0.0,-1.8493265953675174e-37,9959.330661178501,0.9964229611235929,-6.147342075972017e-19
497220,0.0,-1.8493234195747924e-37,9959.330661178505,0.9964229611235929,-6.147334259082744e-19
497280,0.0,-1.8493198221272874e-37,9959.33066117851,0.9964229611235929,-6.147325042671393e-19
497340,0.0,-1.8493158030250023e-37,9959.330661178512,0.9964229611235927,-6.147314426737962e-19
497400,0.0,-1.8493113622679366e-37,9959.330661178516,0.9964229611235927,-6.147302411282453e-19
497460,0.0,-1.8493064998560911e-37,9959.330661178517,0.9964229611235927,-6.147288996304865e-19
497520,0.0,-1.8493012157894657e-37,9959.330661178517,0.9964229611235927,-6.1472741818051985e-19
497580,0.0,-1.8492955100680599e-37,9959.330661178517,0.9964229611235927,-6.147257967783454e-19
497640,0.0,-1.8492893826918739e-37,9959.330661178517,0.9964229611235927,-6.14724035423963e-19
497700,0.0,-1.849282833660908e-37,9959.330661178517,0.9964229611235927,-6.1472213411737265e-19
497760,0.0,-1.8492758629751616e-37,9959.330661178516,0.9964229611235927,-6.147200928585746e-19
497820,0.0,-1.849268470634635e-37,9959.330661178512,0.9964229611235927,-6.147179116475686e-19
497880,0.0,-1.8492606566393286e-37,9959.33066117851,0.9964229611235929,-6.147155904843547e-19
497940,0.0,-1.8492524209892421e-37,9959.330661178506,0.9964229611235929,-6.14713129368933e-19
498000,0.0,-1.8492437636843753e-37,9959.330661178501,0.9964229611235929,-6.147105283013034e-19
498060,0.0,-1.8492346847247281e-37,9959.330661178496,0.996422961123593,-6.147077872814659e-19
498120,0.0,-1.8492251841103012e-37,9959.33066117849,0.996422961123593,-6.147049063094206e-19
498180,0.0,-1.849215261841094e-37,9959.330661178483,0.9964229611235931,-6.147018853851674e-19
498240,0.0,-1.8492049179171067e-37,9959.330661178477,0.9964229611235932,-6.146987245087064e-19
498300,0.0,-1.8491941523383392e-37,9959.330661178468,0.9964229611235932,-6.146954236800375e-19
498360,0.0,-1.8491829651047916e-37,9959.33066117846,0.9964229611235933,-6.146919828991606e-19
498420,0.0,-1.8491713562164636e-37,9959.33066117845,0.9964229611235934,-6.146884021660759e-19
498480,0.0,-1.8491593256733558e-37,9959.330661178441,0.9964229611235935,-6.146846814807834e-19
498540,0.0,-1.8491468734754676e-37,9959.33066117843,0.9964229611235936,-6.14680820843283e-19
498600,0.0,-1.8491339996227995e-37,9959.33066117842,0.9964229611235937,-6.146768202535746e-19
498660,0.0,-1.8491207041153512e-37,9959.330661178406,0.9964229611235939,-6.146726797116586e-19
498720,0.0,-1.8491069869531225e-37,9959.330661178394,0.996422961123594,-6.146683992175346e-19
498780,0.0,-1.849092848136114e-37,9959.330661178381,0.9964229611235942,-6.1466397877120265e-19
498840,0.0,-1.8490782876643252e-37,9959.330661178366,0.9964229611235943,-6.146594183726629e-19
498900,0.0,-1.8490633055377562e-37,9959.330661178352,0.9964229611235944,-6.146547180219154e-19
498960,0.0,-1.8490479017564072e-37,9959.330661178336,0.9964229611235946,-6.146498777189598e-19
499020,0.0,-1.849032076320278e-37,9959.33066117832,0.9964229611235947,-6.146448974637965e-19
499080,0.0,-1.8490158292293686e-37,9959.330661178303,0.996422961123595,-6.146397772564252e-19
499140,0.0,-1.848999160483679e-37,9959.330661178285,0.9964229611235952,-6.146345170968461e-19
499200,0.0,-1.8489820700832094e-37,9959.330661178266,0.9964229611235953,-6.146291169850592e-19
499260,0.0,-1.8489645580279598e-37,9959.330661178248,0.9964229611235955,-6.146235769210644e-19
499320,0.0,-1.8489466243179298e-37,9959.330661178228,0.9964229611235957,-6.146178969048616e-19
499380,0.0,-1.8489282689531196e-37,9959.330661178208,0.996422961123596,-6.146120769364511e-19
499440,0.0,-1.8489094919335295e-37,9959.330661178186,0.9964229611235962,-6.146061170158326e-19
499500,0.0,-1.8488902932591592e-37,9959.330661178165,0.9964229611235964,-6.146000171430064e-19
499560,0.0,-1.8488706729300087e-37,9959.330661178143,0.9964229611235966,-6.145937773179722e-19
499620,0.0,-1.848850630946078e-37,9959.330661178119,0.9964229611235969,-6.145873975407302e-19
499680,0.0,-1.8488301673073674e-37,9959.330661178095,0.9964229611235972,-6.145808778112803e-19
499740,0.0,-1.8488092820138764e-37,9959.330661178072,0.9964229611235974,-6.145742181296225e-19
499800,0.0,-1.8487879750656055e-37,9959.330661178046,0.9964229611235976,-6.145674184957569e-19
499860,0.0,-1.8487662464625543e-37,9959.33066117802,0.996422961123598,-6.145604789096833e-19
499920,0.0,-1.8487440962047228e-37,9959.330661177994,0.9964229611235982,-6.14553399371402e-19
499980,0.0,-1.8487215242921113e-37,9959.330661177966,0.9964229611235985,-6.145461798809128e-19
500040,0.0,-1.8486985307247196e-37,9959.330661177939,0.9964229611235987,-6.145388204382157e-19
500100,0.0,-1.8486751155025478e-37,9959.33066117791,0.9964229611235991,-6.1453132104331065e-19
500160,0.0,-1.8486512786255962e-37,9959.33066117788,0.9964229611235994,-6.145236816961978e-19
500220,0.0,-1.8486270200938642e-37,9959.33066117785,0.9964229611235997,-6.145159023968772e-19
500280,0.0,-1.8486023399073519e-37,9959.33066117782,0.9964229611236,-6.145079831453485e-19
500340,0.0,-1.8485772380660596e-37,9959.330661177788,0.9964229611236003,-6.14499923941612e-19
500400,0.0,-1.8485517145699869e-37,9959.330661177757,0.9964229611236006,-6.144917247856677e-19
500460,0.0,-1.8485257694191342e-37,9959.330661177724,0.9964229611236011,-6.144833856775156e-19
500520,0.0,-1.8484994026135018e-37,9959.33066117769,0.9964229611236014,-6.144749066171555e-19
500580,0.0,-1.848472614153089e-37,9959.330661177657,0.9964229611236017,-6.144662876045876e-19
500640,0.0,-1.8484454040378956e-37,9959.33066117762,0.9964229611236021,-6.144575286398119e-19
500700,0.0,-1.8484177722679222e-37,9959.330661177586,0.9964229611236025,-6.144486297228281e-19
500760,0.0,-1.8483897188431691e-37,9959.33066117755,0.9964229611236028,-6.144395908536367e-19
500820,0.0,-1.8483612437636356e-37,9959.330661177513,0.9964229611236032,-6.144304120322372e-19
500880,0.0,-1.8483323470293222e-37,9959.330661177475,0.9964229611236036,-6.144210932586299e-19
500940,0.0,-1.8483030286402286e-37,9959.330661177437,0.9964229611236041,-6.144116345328148e-19
501000,0.0,-1.8482732885963545e-37,9959.330661177397,0.9964229611236044,-6.144020358547918e-19
501060,0.0,-1.8482431268977e-37,9959.330661177359,0.9964229611236048,-6.143922972245609e-19
501120,0.0,-1.8482125435442662e-37,9959.330661177317,0.9964229611236053,-6.143824186421222e-19
501180,0.0,-1.8481815385360519e-37,9959.330661177277,0.9964229611236057,-6.1437240010747555e-19
501240,0.0,-1.8481501118730576e-37,9959.330661177235,0.9964229611236062,-6.143622416206212e-19
501300,0.0,-1.848118263555283e-37,9959.330661177193,0.9964229611236066,-6.143519431815588e-19
501360,0.0,-1.848085993582728e-37,9959.33066117715,0.9964229611236071,-6.1434150479028855e-19
501420,0.0,-1.8480533019553929e-37,9959.330661177106,0.9964229611236075,-6.143309264468105e-19
501480,0.0,-1.848020188673278e-37,9959.33066117706,0.996422961123608,-6.143202081511246e-19
501540,0.0,-1.847986653736383e-37,9959.330661177015,0.9964229611236084,-6.143093499032307e-19
501600,0.0,-1.8479526971447076e-37,9959.33066117697,0.9964229611236088,-6.14298351703129e-19
501660,0.0,-1.8479183188982523e-37,9959.330661176924,0.9964229611236094,-6.142872135508195e-19
501720,0.0,-1.8478835189970164e-37,9959.330661176877,0.9964229611236098,-6.142759354463021e-19
501780,0.0,-1.8478482974410004e-37,9959.330661176828,0.9964229611236104,-6.142645173895767e-19
501840,0.0,-1.8478126542302046e-37,9959.33066117678,0.9964229611236108,-6.142529593806436e-19
501900,0.0,-1.8477765893646288e-37,9959.33066117673,0.9964229611236114,-6.142412614195026e-19
501960,0.0,-1.8477401028442727e-37,9959.33066117668,0.996422961123612,-6.142294235061538e-19
502020,0.0,-1.8477031946691365e-37,9959.33066117663,0.9964229611236125,-6.142174456405969e-19
502080,0.0,-1.8476658648392198e-37,9959.330661176578,0.996422961123613,-6.142053278228323e-19
502140,0.0,-1.847628113354523e-37,9959.330661176526,0.9964229611236135,-6.141930700528598e-19
502200,0.0,-1.8475899402150463e-37,9959.330661176473,0.9964229611236141,-6.141806723306794e-19
502260,0.0,-1.8475513454207897e-37,9959.33066117642,0.9964229611236146,-6.141681346562912e-19
502320,0.0,-1.8475123289717527e-37,9959.330661176366,0.9964229611236152,-6.141554570296951e-19
502380,0.0,-1.8474728908679353e-37,9959.330661176311,0.9964229611236158,-6.141426394508912e-19
502440,0.0,-1.847433031109338e-37,9959.330661176255,0.9964229611236164,-6.141296819198794e-19
502500,0.0,-1.8473927496959605e-37,9959.330661176198,0.996422961123617,-6.141165844366595e-19
502560,0.0,-1.8473520466278028e-37,9959.330661176142,0.9964229611236175,-6.141033470012321e-19
502620,0.0,-1.8473109219048654e-37,9959.330661176084,0.9964229611236182,-6.140899696135965e-19
502680,0.0,-1.8472693755271476e-37,9959.330661176025,0.9964229611236187,-6.140764522737533e-19
502740,0.0,-1.8472274074946494e-37,9959.330661175967,0.9964229611236194,-6.140627949817021e-19
502800,0.0,-1.8471850178073712e-37,9959.330661175907,0.99642296112362,-6.14048997737443e-19
502860,0.0,-1.8471422064653127e-37,9959.330661175847,0.9964229611236206,-6.140350605409761e-19
502920,0.0,-1.8470989734684744e-37,9959.330661175785,0.9964229611236213,-6.140209833923013e-19
502980,0.0,-1.847055318816856e-37,9959.330661175723,0.9964229611236219,-6.140067662914187e-19
503040,0.0,-1.8470112425104573e-37,9959.330661175662,0.9964229611236226,-6.139924092383281e-19
503100,0.0,-1.8469667445492783e-37,9959.330661175598,0.9964229611236233,-6.1397791223302985e-19
503160,0.0,-1.8469218249333193e-37,9959.330661175534,0.9964229611236239,-6.139632752755235e-19
503220,0.0,-1.8468764836625799e-37,9959.33066117547,0.9964229611236246,-6.139484983658093e-19
503280,0.0,-1.8468307207370608e-37,9959.330661175405,0.9964229611236253,-6.139335815038875e-19
503340,0.0,-1.8467845361567615e-37,9959.33066117534,0.9964229611236259,-6.139185246897575e-19
503400,0.0,-1.846737929921682e-37,9959.330661175272,0.9964229611236266,-6.139033279234198e-19
503460,0.0,-1.8466909020318221e-37,9959.330661175205,0.9964229611236274,-6.138879912048743e-19
503520,0.0,-1.8466434524871823e-37,9959.330661175138,0.996422961123628,-6.138725145341208e-19
503580,0.0,-1.8465955812877623e-37,9959.330661175069,0.9964229611236287,-6.138568979111594e-19
503640,0.0,-1.846547288433562e-37,9959.330661175,0.9964229611236295,-6.138411413359902e-19
503700,0.0,-1.8464985739245816e-37,9959.330661174929,0.9964229611236303,-6.138252448086132e-19
503760,0.0,-1.8464494377608215e-37,9959.330661174858,0.9964229611236309,-6.138092083290283e-19
503820,0.0,-1.8463998799422808e-37,9959.330661174787,0.9964229611236317,-6.137930318972354e-19
503880,0.0,-1.84634990046896e-37,9959.330661174714,0.9964229611236325,-6.137767155132348e-19
503940,0.0,-1.8462994993408592e-37,9959.330661174641,0.9964229611236333,-6.137602591770262e-19
504000,0.0,-1.846248676557978e-37,9959.330661174568,0.996422961123634,-6.137436628886098e-19
504060,0.0,-1.846197432120317e-37,9959.330661174494,0.9964229611236348,-6.137269266479856e-19
504120,0.0,-1.8461457660278759e-37,9959.33066117442,0.9964229611236356,-6.137100504551534e-19
504180,0.0,-1.8460936782806546e-37,9959.330661174343,0.9964229611236364,-6.136930343101134e-19
504240,0.0,-1.8460411688786527e-37,9959.330661174266,0.9964229611236372,-6.136758782128654e-19
504300,0.0,-1.845988237821871e-37,9959.33066117419,0.9964229611236379,-6.136585821634098e-19
504360,0.0,-1.845934885110309e-37,9959.330661174114,0.9964229611236387,-6.13641146161746e-19
504420,0.0,-1.845881110743967e-37,9959.330661174034,0.9964229611236396,-6.136235702078747e-19
504480,0.0,-1.8458269147228452e-37,9959.330661173955,0.9964229611236404,-6.136058543017952e-19
504540,0.0,-1.8457722970469429e-37,9959.330661173875,0.9964229611236413,-6.13587998443508e-19
504600,0.0,-1.8457172577162604e-37,9959.330661173795,0.996422961123642,-6.135700026330129e-19
504660,0.0,-1.8456617967307979e-37,9959.330661173713,0.9964229611236429,-6.1355186687031e-19
504720,0.0,-1.8456059140905548e-37,9959.330661173632,0.9964229611236438,-6.135335911553992e-19
504780,0.0,-1.845549609795532e-37,9959.33066117355,0.9964229611236446,-6.135151754882804e-19
504840,0.0,-1.8454928838457294e-37,9959.330661173466,0.9964229611236455,-6.13496619868954e-19
504900,0.0,-1.8454357362411462e-37,9959.330661173382,0.9964229611236464,-6.134779242974195e-19
504960,0.0,-1.8453781669817829e-37,9959.330661173299,0.9964229611236473,-6.134590887736771e-19
505020,0.0,-1.845320176067639e-37,9959.330661173213,0.9964229611236481,-6.134401132977271e-19
505080,0.0,-1.8452617634987157e-37,9959.330661173128,0.996422961123649,-6.134209978695689e-19
505140,0.0,-1.845202929275012e-37,9959.33066117304,0.9964229611236499,-6.134017424892031e-19
505200,0.0,-1.8451436733965284e-37,9959.330661172953,0.9964229611236509,-6.133823471566293e-19
505260,0.0,-1.8450839958632644e-37,9959.330661172866,0.9964229611236518,-6.133628118718476e-19
505320,0.0,-1.8450238966752202e-37,9959.330661172777,0.9964229611236527,-6.133431366348581e-19
505380,0.0,-1.8449633758323954e-37,9959.330661172688,0.9964229611236537,-6.133233214456607e-19
505440,0.0,-1.8449024333347913e-37,9959.330661172597,0.9964229611236546,-6.133033663042555e-19
505500,0.0,-1.8448410691824069e-37,9959.330661172506,0.9964229611236556,-6.132832712106424e-19
505560,0.0,-1.8447792833752422e-37,9959.330661172415,0.9964229611236565,-6.132630361648214e-19
505620,0.0,-1.8447170759132976e-37,9959.330661172322,0.9964229611236575,-6.132426611667926e-19
505680,0.0,-1.8446544467965721e-37,9959.33066117223,0.9964229611236585,-6.132221462165558e-19
505740,0.0,-1.8445913960250668e-37,9959.330661172136,0.9964229611236594,-6.132014913141113e-19
505800,0.0,-1.8445279235987816e-37,9959.330661172042,0.9964229611236604,-6.131806964594588e-19
505860,0.0,-1.8444640295177165e-37,9959.330661171947,0.9964229611236614,-6.131597616525985e-19
505920,0.0,-1.8443997137818708e-37,9959.33066117185,0.9964229611236624,-6.131386868935303e-19
505980,0.0,-1.8443349763912454e-37,9959.330661171754,0.9964229611236634,-6.131174721822542e-19
506040,0.0,-1.8442698173458393e-37,9959.330661171658,0.9964229611236644,-6.130961175187703e-19
506100,0.0,-1.844204236645653e-37,9959.33066117156,0.9964229611236655,-6.130746229030785e-19
506160,0.0,-1.844138234290687e-37,9959.330661171462,0.9964229611236665,-6.130529883351789e-19
506220,0.0,-1.844071810280941e-37,9959.330661171363,0.9964229611236675,-6.130312138150713e-19
506280,0.0,-1.8440049646164147e-37,9959.330661171263,0.9964229611236686,-6.130092993427559e-19
506340,0.0,-1.843937697297108e-37,9959.330661171163,0.9964229611236696,-6.129872449182327e-19
506400,0.0,-1.8438700083230213e-37,9959.330661171061,0.9964229611236707,-6.129650505415015e-19
506460,0.0,-1.8438018976941543e-37,9959.33066117096,0.9964229611236717,-6.129427162125626e-19
506520,0.0,-1.8437333654105072e-37,9959.330661170858,0.9964229611236728,-6.129202419314156e-19
506580,0.0,-1.8436644114720805e-37,9959.330661170754,0.9964229611236738,-6.128976276980609e-19
506640,0.0,-1.8435950358788731e-37,9959.33066117065,0.9964229611236749,-6.128748735124983e-19
506700,0.0,-1.8435252386308856e-37,9959.330661170547,0.996422961123676,-6.128519793747278e-19
506760,0.0,-1.843455019728118e-37,9959.330661170441,0.9964229611236771,-6.128289452847495e-19
506820,0.0,-1.8433843791705702e-37,9959.330661170336,0.9964229611236782,-6.128057712425633e-19
506880,0.0,-1.8433133169582424e-37,9959.330661170228,0.9964229611236793,-6.127824572481692e-19
506940,0.0,-1.8432418330911348e-37,9959.330661170121,0.9964229611236805,-6.127590033015672e-19
507000,0.0,-1.8431699275692466e-37,9959.330661170014,0.9964229611236816,-6.127354094027574e-19
507060,0.0,-1.8430976003925782e-37,9959.330661169904,0.9964229611236828,-6.127116755517398e-19
507120,0.0,-1.84302485156113e-37,9959.330661169795,0.9964229611236839,-6.126878017485142e-19
507180,0.0,-1.8429516810749012e-37,9959.330661169684,0.996422961123685,-6.126637879930808e-19
507240,0.0,-1.8428780889338925e-37,9959.330661169573,0.9964229611236862,-6.126396342854395e-19
507300,0.0,-1.842804075138104e-37,9959.330661169462,0.9964229611236873,-6.126153406255903e-19
507360,0.0,-1.842729639687535e-37,9959.33066116935,0.9964229611236886,-6.125909070135333e-19
507420,0.0,-1.8426547825821857e-37,9959.330661169237,0.9964229611236897,-6.125663334492683e-19
507480,0.0,-1.8425795038220566e-37,9959.330661169124,0.9964229611236909,-6.125416199327956e-19
507540,0.0,-1.8425038034071472e-37,9959.33066116901,0.9964229611236921,-6.12516766464115e-19
507600,0.0,-1.8424276813374575e-37,9959.330661168895,0.9964229611236933,-6.124917730432265e-19
507660,0.0,-1.8423511376129878e-37,9959.330661168779,0.9964229611236944,-6.124666396701301e-19
507720,0.0,-1.8422741722337382e-37,9959.330661168662,0.9964229611236957,-6.124413663448258e-19
507780,0.0,-1.8421967851997084e-37,9959.330661168546,0.9964229611236969,-6.124159530673138e-19
507840,0.0,-1.842118976510898e-37,9959.330661168427,0.9964229611236981,-6.123903998375937e-19
507900,0.0,-1.8420407461673078e-37,9959.33066116831,0.9964229611236994,-6.123647066556659e-19
507960,0.0,-1.8419620941689373e-37,9959.330661168191,0.9964229611237007,-6.123388735215302e-19
508020,0.0,-1.8418830205157868e-37,9959.330661168071,0.9964229611237019,-6.123129004351867e-19
508080,0.0,-1.8418035252078563e-37,9959.33066116795,0.9964229611237031,-6.122867873966352e-19
508140,0.0,-1.8417236082451455e-37,9959.330661167829,0.9964229611237044,-6.122605344058759e-19
508200,0.0,-1.8416432696276545e-37,9959.330661167707,0.9964229611237057,-6.122341414629088e-19
508260,0.0,-1.8415625093553835e-37,9959.330661167585,0.996422961123707,-6.122076085677337e-19
508320,0.0,-1.841481327428332e-37,9959.330661167462,0.9964229611237082,-6.121809357203509e-19
508380,0.0,-1.8413997238465006e-37,9959.330661167338,0.9964229611237095,-6.1215412292076e-19
508440,0.0,-1.8413176986098893e-37,9959.330661167212,0.9964229611237109,-6.121271701689613e-19
508500,0.0,-1.8412352517184978e-37,9959.330661167087,0.9964229611237122,-6.121000774649548e-19
508560,0.0,-1.8411523831723258e-37,9959.330661166961,0.9964229611237134,-6.120728448087404e-19
508620,0.0,-1.8410690929713737e-37,9959.330661166836,0.9964229611237148,-6.120454722003181e-19
508680,0.0,-1.8409853811156415e-37,9959.330661166709,0.9964229611237161,-6.12017959639688e-19
508740,0.0,-1.8409012476051294e-37,9959.33066116658,0.9964229611237174,-6.1199030712685e-19
508800,0.0,-1.8408166924398372e-37,9959.33066116645,0.9964229611237189,-6.119625146618042e-19
508860,0.0,-1.8407317156197647e-37,9959.330661166321,0.9964229611237202,-6.119345822445505e-19
508920,0.0,-1.8406463171449118e-37,9959.330661166192,0.9964229611237215,-6.119065098750889e-19
508980,0.0,-1.8405604970152788e-37,9959.330661166061,0.9964229611237229,-6.118782975534194e-19
509040,0.0,-1.840474255230866e-37,9959.33066116593,0.9964229611237243,-6.118499452795421e-19
509100,0.0,-1.840387591791673e-37,9959.330661165797,0.9964229611237256,-6.118214530534568e-19
509160,0.0,-1.8403005066977e-37,9959.330661165664,0.9964229611237271,-6.117928208751637e-19
509220,0.0,-1.8402129999489467e-37,9959.33066116553,0.9964229611237284,-6.117640487446628e-19
509280,0.0,-1.840125071545413e-37,9959.330661165397,0.9964229611237299,-6.117351366619541e-19
509340,0.0,-1.8400367214870989e-37,9959.33066116526,0.9964229611237312,-6.117060846270374e-19
509400,0.0,-1.8399479497740054e-37,9959.330661165126,0.9964229611237326,-6.116768926399128e-19
509460,0.0,-1.8398587564061314e-37,9959.33066116499,0.9964229611237341,-6.116475607005803e-19
509520,0.0,-1.8397691413834774e-37,9959.330661164853,0.9964229611237355,-6.116180888090402e-19
509580,0.0,-1.8396791047060435e-37,9959.330661164715,0.996422961123737,-6.115884769652919e-19
509640,0.0,-1.8395886463738287e-37,9959.330661164577,0.9964229611237384,-6.115587251693359e-19
509700,0.0,-1.839497766386834e-37,9959.330661164437,0.9964229611237398,-6.11528833421172e-19
509760,0.0,-1.8394064647450595e-37,9959.330661164297,0.9964229611237413,-6.114988017208003e-19
509820,0.0,-1.8393147414485048e-37,9959.330661164156,0.9964229611237427,-6.114686300682207e-19
509880,0.0,-1.83922259649717e-37,9959.330661164016,0.9964229611237443,-6.114383184634332e-19
509940,0.0,-1.839130029891055e-37,9959.330661163875,0.9964229611237457,-6.114078669064379e-19
510000,0.0,-1.8390370416301594e-37,9959.33066116373,0.9964229611237472,-6.113772753972346e-19
510060,0.0,-1.838943631714484e-37,9959.330661163587,0.9964229611237487,-6.113465439358235e-19
510120,0.0,-1.8388498001440286e-37,9959.330661163443,0.9964229611237503,-6.113156725222046e-19
510180,0.0,-1.8387555469187931e-37,9959.3306611633,0.9964229611237517,-6.112846611563777e-19
510240,0.0,-1.8386608720387775e-37,9959.330661163154,0.9964229611237533,-6.112535098383431e-19
510300,0.0,-1.8385657755039812e-37,9959.330661163009,0.9964229611237548,-6.112222185681005e-19
510360,0.0,-1.8384702573144052e-37,9959.330661162861,0.9964229611237563,-6.1119078734565e-19
510420,0.0,-1.8383743174700488e-37,9959.330661162714,0.9964229611237578,-6.111592161709917e-19
510480,0.0,-1.8382779559709125e-37,9959.330661162567,0.9964229611237594,-6.111275050441255e-19
510540,0.0,-1.8381811728169964e-37,9959.330661162418,0.9964229611237609,-6.110956539650515e-19
510600,0.0,-1.8380839680082997e-37,9959.330661162268,0.9964229611237625,-6.110636629337696e-19
510660,0.0,-1.8379863415448228e-37,9959.330661162117,0.996422961123764,-6.110315319502799e-19
510720,0.0,-1.8378882934265658e-37,9959.330661161966,0.9964229611237657,-6.109992610145822e-19
510780,0.0,-1.8377898236535286e-37,9959.330661161815,0.9964229611237673,-6.109668501266767e-19
510840,0.0,-1.8376909322257114e-37,9959.330661161663,0.9964229611237688,-6.109342992865633e-19
510900,0.0,-1.8375916191431143e-37,9959.33066116151,0.9964229611237705,-6.10901608494242e-19
510960,0.0,-1.8374918844057368e-37,9959.330661161357,0.996422961123772,-6.10868777749713e-19
511020,0.0,-1.837391728013579e-37,9959.330661161202,0.9964229611237736,-6.108358070529759e-19
511080,0.0,-1.8372911499666414e-37,9959.330661161048,0.9964229611237753,-6.108026964040311e-19
511140,0.0,-1.8371901502649232e-37,9959.330661160891,0.9964229611237769,-6.107694458028784e-19
511200,0.0,-1.8370887289084252e-37,9959.330661160735,0.9964229611237785,-6.107360552495178e-19
511260,0.0,-1.8369868858971472e-37,9959.330661160579,0.9964229611237801,-6.107025247439493e-19
511320,0.0,-1.8368846212310888e-37,9959.33066116042,0.9964229611237818,-6.10668854286173e-19
511380,0.0,-1.8367819349102503e-37,9959.330661160262,0.9964229611237835,-6.1063504387618885e-19
511440,0.0,-1.8366788269346316e-37,9959.330661160104,0.9964229611237851,-6.106010935139968e-19
511500,0.0,-1.836575297304233e-37,9959.330661159944,0.9964229611237868,-6.105670031995968e-19
511560,0.0,-1.836471346019054e-37,9959.330661159784,0.9964229611237885,-6.105327729329891e-19
511620,0.0,-1.836366973079095e-37,9959.330661159622,0.9964229611237901,-6.104984027141734e-19
511680,0.0,-1.836262178484356e-37,9959.33066115946,0.9964229611237919,-6.104638925431498e-19
511740,0.0,-1.8361569622348366e-37,9959.330661159298,0.9964229611237936,-6.104292424199184e-19
511800,0.0,-1.8360513243305369e-37,9959.330661159134,0.9964229611237952,-6.103944523444791e-19
511860,0.0,-1.8359452647714574e-37,9959.33066115897,0.996422961123797,-6.10359522316832e-19
511920,0.0,-1.8358387835575973e-37,9959.330661158805,0.9964229611237987,-6.10324452336977e-19
511980,0.0,-1.8357318806889574e-37,9959.33066115864,0.9964229611238005,-6.102892424049142e-19
512040,0.0,-1.8356245561655376e-37,9959.330661158474,0.9964229611238021,-6.102538925206434e-19
512100,0.0,-1.8355168099873375e-37,9959.330661158307,0.9964229611238039,-6.102184026841647e-19
512160,0.0,-1.8354086421543571e-37,9959.33066115814,0.9964229611238057,-6.101827728954783e-19
512220,0.0,-1.8353000526665966e-37,9959.330661157972,0.9964229611238075,-6.101470031545839e-19
512280,0.0,-1.8351910415240559e-37,9959.330661157803,0.9964229611238091,-6.101110934614818e-19
512340,0.0,-1.835081608726735e-37,9959.330661157634,0.9964229611238109,-6.100750438161717e-19
512400,0.0,-1.8349717542746344e-37,9959.330661157463,0.9964229611238127,-6.100388542186537e-19
512460,0.0,-1.8348614781677534e-37,9959.330661157292,0.9964229611238145,-6.100025246689279e-19
512520,0.0,-1.834750780406092e-37,9959.33066115712,0.9964229611238163,-6.099660551669941e-19
512580,0.0,-1.8346396609896506e-37,9959.330661156948,0.9964229611238181,-6.0992944571285265e-19
512640,0.0,-1.834528119918429e-37,9959.330661156775,0.9964229611238199,-6.098926963065032e-19
512700,0.0,-1.8344161571924276e-37,9959.330661156602,0.9964229611238217,-6.098558069479459e-19
512760,0.0,-1.834303772811646e-37,9959.330661156428,0.9964229611238236,-6.098187776371807e-19
512820,0.0,-1.834190966776084e-37,9959.330661156253,0.9964229611238253,-6.097816083742077e-19
512880,0.0,-1.8340777390857419e-37,9959.330661156077,0.9964229611238272,-6.097442991590268e-19
512940,0.0,-1.8339640897406197e-37,9959.3306611559,0.996422961123829,-6.09706849991638e-19
513000,0.0,-1.8338500187407173e-37,9959.330661155724,0.9964229611238309,-6.096692608720414e-19
513060,0.0,-1.8337355260860348e-37,9959.330661155545,0.9964229611238328,-6.096315318002369e-19
513120,0.0,-1.8336206117765725e-37,9959.330661155367,0.9964229611238347,-6.095936627762246e-19
513180,0.0,-1.8335052758123296e-37,9959.330661155189,0.9964229611238365,-6.095556538000043e-19
513240,0.0,-1.8333895181933068e-37,9959.330661155009,0.9964229611238383,-6.095175048715763e-19
513300,0.0,-1.8332733389195033e-37,9959.330661154829,0.9964229611238402,-6.094792159909403e-19
513360,0.0,-1.8331567379909204e-37,9959.330661154647,0.9964229611238421,-6.094407871580964e-19
513420,0.0,-1.833039715407557e-37,9959.330661154465,0.9964229611238441,-6.094022183730447e-19
513480,0.0,-1.8329222711694137e-37,9959.330661154283,0.996422961123846,-6.093635096357852e-19
513540,0.0,-1.8328044052764902e-37,9959.3306611541,0.9964229611238479,-6.093246609463176e-19
513600,0.0,-1.8326861177287865e-37,9959.330661153916,0.9964229611238498,-6.092856723046424e-19
513660,0.0,-1.832567408526302e-37,9959.33066115373,0.9964229611238518,-6.092465437107592e-19
513720,0.0,-1.832448277669038e-37,9959.330661153544,0.9964229611238536,-6.092072751646682e-19
513780,0.0,-1.8323287251569942e-37,9959.330661153359,0.9964229611238556,-6.091678666663692e-19
513840,0.0,-1.8322087509901699e-37,9959.330661153172,0.9964229611238575,-6.091283182158624e-19
513900,0.0,-1.8320883551685655e-37,9959.330661152984,0.9964229611238595,-6.090886298131477e-19
513960,0.0,-1.8319675376921806e-37,9959.330661152797,0.9964229611238615,-6.090488014582252e-19
514020,0.0,-1.8318462985610157e-37,9959.330661152608,0.9964229611238634,-6.090088331510949e-19
514080,0.0,-1.8317246377750709e-37,9959.330661152419,0.9964229611238654,-6.089687248917566e-19
514140,0.0,-1.831602555334346e-37,9959.330661152228,0.9964229611238674,-6.089284766802105e-19
514200,0.0,-1.8314800512388409e-37,9959.330661152038,0.9964229611238694,-6.088880885164565e-19
514260,0.0,-1.831357125488556e-37,9959.330661151846,0.9964229611238714,-6.088475604004945e-19
514320,0.0,-1.83123377808349e-37,9959.330661151655,0.9964229611238734,-6.088068923323249e-19
514380,0.0,-1.8311100090236442e-37,9959.33066115146,0.9964229611238754,-6.087660843119472e-19
514440,0.0,-1.8309858183090186e-37,9959.330661151267,0.9964229611238775,-6.087251363393618e-19
514500,0.0,-1.830861205939613e-37,9959.330661151072,0.9964229611238795,-6.086840484145684e-19
514560,0.0,-1.830736171915427e-37,9959.330661150878,0.9964229611238815,-6.086428205375672e-19
514620,0.0,-1.8306107162364607e-37,9959.330661150681,0.9964229611238836,-6.086014527083582e-19
514680,0.0,-1.8304848389027143e-37,9959.330661150485,0.9964229611238856,-6.085599449269412e-19
514740,0.0,-1.8303585399141878e-37,9959.330661150289,0.9964229611238877,-6.085182971933164e-19
514800,0.0,-1.8302318192708813e-37,9959.33066115009,0.9964229611238897,-6.084765095074837e-19
514860,0.0,-1.8301046769727946e-37,9959.330661149892,0.9964229611238918,-6.084345818694432e-19
514920,0.0,-1.8299771130199277e-37,9959.330661149694,0.996422961123894,-6.083925142791948e-19
514980,0.0,-1.8298491274122807e-37,9959.330661149494,0.9964229611238961,-6.083503067367385e-19
515040,0.0,-1.8297207201498535e-37,9959.330661149294,0.996422961123898,-6.083079592420743e-19
515100,0.0,-1.8295918912326461e-37,9959.330661149092,0.9964229611239002,-6.082654717952024e-19
515160,0.0,-1.8294626406606586e-37,9959.33066114889,0.9964229611239023,-6.082228443961225e-19
515220,0.0,-1.8293329684338913e-37,9959.330661148688,0.9964229611239044,-6.081800770448347e-19
515280,0.0,-1.8292028745523436e-37,9959.330661148484,0.9964229611239066,-6.081371697413391e-19
515340,0.0,-1.8290723590160156e-37,9959.33066114828,0.9964229611239087,-6.080941224856356e-19
515400,0.0,-1.8289414218249075e-37,9959.330661148075,0.9964229611239108,-6.080509352777242e-19
515460,0.0,-1.8288100629790195e-37,9959.33066114787,0.9964229611239129,-6.08007608117605e-19
515520,0.0,-1.828678282478351e-37,9959.330661147664,0.9964229611239152,-6.079641410052779e-19
515580,0.0,-1.8285460803229026e-37,9959.330661147456,0.9964229611239173,-6.079205339407429e-19
515640,0.0,-1.8284134565126743e-37,9959.330661147249,0.9964229611239195,-6.078767869240001e-19
515700,0.0,-1.8282804110476656e-37,9959.330661147042,0.9964229611239216,-6.078328999550494e-19
515760,0.0,-1.8281469439278765e-37,9959.330661146832,0.9964229611239238,-6.077888730338908e-19
515820,0.0,-1.8280130551533075e-37,9959.330661146623,0.996422961123926,-6.077447061605244e-19
515880,0.0,-1.8278787447239583e-37,9959.330661146412,0.9964229611239281,-6.077003993349502e-19
515940,0.0,-1.827744012639829e-37,9959.330661146201,0.9964229611239304,-6.076559525571679e-19
516000,0.0,-1.8276088589009198e-37,9959.33066114599,0.9964229611239326,-6.076113658271779e-19
516060,0.0,-1.8274732835072303e-37,9959.330661145777,0.9964229611239348,-6.0756663914498e-19
516120,0.0,-1.8273372864587604e-37,9959.330661145565,0.996422961123937,-6.075217725105742e-19
516180,0.0,-1.8272008677555105e-37,9959.330661145352,0.9964229611239392,-6.074767659239606e-19
516240,0.0,-1.8270640273974805e-37,9959.330661145137,0.9964229611239416,-6.07431619385139e-19
516300,0.0,-1.8269267653846703e-37,9959.330661144922,0.9964229611239438,-6.073863328941096e-19
516360,0.0,-1.8267890817170803e-37,9959.330661144706,0.996422961123946,-6.073409064508724e-19
516420,0.0,-1.8266509763947098e-37,9959.33066114449,0.9964229611239482,-6.072953400554273e-19
516480,0.0,-1.826512449417559e-37,9959.330661144273,0.9964229611239506,-6.072496337077743e-19
516540,0.0,-1.8263735007856283e-37,9959.330661144055,0.9964229611239528,-6.072037874079134e-19
516600,0.0,-1.8262341304989175e-37,9959.330661143837,0.9964229611239551,-6.071578011558447e-19
516660,0.0,-1.8260943385574264e-37,9959.330661143616,0.9964229611239575,-6.071116749515681e-19
516720,0.0,-1.8259541249611554e-37,9959.330661143398,0.9964229611239597,-6.070654087950836e-19
516780,0.0,-1.8258134897101043e-37,9959.330661143176,0.996422961123962,-6.070190026863914e-19
516840,0.0,-1.8256724328042727e-37,9959.330661142956,0.9964229611239643,-6.069724566254911e-19
516900,0.0,-1.8255309542436612e-37,9959.330661142734,0.9964229611239667,-6.069257706123831e-19
516960,0.0,-1.8253890540282693e-37,9959.33066114251,0.996422961123969,-6.068789446470671e-19
517020,0.0,-1.8252467321580974e-37,9959.330661142289,0.9964229611239713,-6.068319787295433e-19
517080,0.0,-1.8251039886331458e-37,9959.330661142063,0.9964229611239737,-6.067848728598117e-19
517140,0.0,-1.8249608234534136e-37,9959.33066114184,0.996422961123976,-6.067376270378722e-19
517200,0.0,-1.8248172366189012e-37,9959.330661141614,0.9964229611239783,-6.066902412637247e-19
517260,0.0,-1.8246732281296084e-37,9959.330661141388,0.9964229611239807,-6.066427155373695e-19
517320,0.0,-1.8245287979855361e-37,9959.33066114116,0.9964229611239831,-6.065950498588064e-19
517380,0.0,-1.8243839461866834e-37,9959.330661140933,0.9964229611239854,-6.065472442280353e-19
517440,0.0,-1.8242386727330505e-37,9959.330661140706,0.9964229611239879,-6.064992986450564e-19
517500,0.0,-1.8240929776246377e-37,9959.330661140477,0.9964229611239902,-6.064512131098698e-19
517560,0.0,-1.8239468608614447e-37,9959.330661140248,0.9964229611239926,-6.06402987622475e-19
517620,0.0,-1.823800322443471e-37,9959.330661140017,0.996422961123995,-6.063546221828727e-19
517680,0.0,-1.8236533623707176e-37,9959.330661139786,0.9964229611239974,-6.063061167910623e-19
517740,0.0,-1.8235059806431842e-37,9959.330661139555,0.9964229611239999,-6.06257471447044e-19
517800,0.0,-1.8233581772608705e-37,9959.330661139322,0.9964229611240023,-6.06208686150818e-19
517860,0.0,-1.8232099522237769e-37,9959.330661139089,0.9964229611240047,-6.06159760902384e-19
517920,0.0,-1.8230613055319026e-37,9959.330661138854,0.9964229611240072,-6.061106957017422e-19
517980,0.0,-1.8229122371852484e-37,9959.330661138622,0.9964229611240096,-6.060614905488925e-19
518040,0.0,-1.822762747183814e-37,9959.330661138385,0.9964229611240121,-6.060121454438349e-19
518100,0.0,-1.8226128355275999e-37,9959.33066113815,0.9964229611240145,-6.059626603865695e-19
518160,0.0,-1.8224625022166053e-37,9959.330661137914,0.996422961124017,-6.059130353770962e-19
518220,0.0,-1.8223117472508308e-37,9959.330661137676,0.9964229611240195,-6.058632704154151e-19
518280,0.0,-1.8221605706302758e-37,9959.33066113744,0.996422961124022,-6.058133655015259e-19
518340,0.0,-1.8220089723549405e-37,9959.3306611372,0.9964229611240245,-6.057633206354291e-19
518400,0.0,-1.8218569524248255e-37,9959.33066113696,0.996422961124027,-6.057131358171243e-19
518460,0.0,-1.8217045108399305e-37,9959.33066113672,0.9964229611240295,-6.056628110466116e-19
518520,0.0,-1.8215516476002552e-37,9959.33066113648,0.996422961124032,-6.056123463238912e-19
518580,0.0,-1.8213983627057994e-37,9959.330661136239,0.9964229611240345,-6.055617416489628e-19
518640,0.0,-1.8212446561565637e-37,9959.330661135997,0.996422961124037,-6.055109970218266e-19
518700,0.0,-1.8210905279525478e-37,9959.330661135755,0.9964229611240396,-6.054601124424824e-19
518760,0.0,-1.8209359780937518e-37,9959.330661135511,0.996422961124042,-6.054090879109305e-19
518820,0.0,-1.820781006580176e-37,9959.330661135267,0.9964229611240446,-6.053579234271707e-19
518880,0.0,-1.8206256134118196e-37,9959.330661135022,0.9964229611240472,-6.053066189912029e-19
518940,0.0,-1.8204697985886832e-37,9959.330661134776,0.9964229611240498,-6.0525517460302735e-19
519000,0.0,-1.8203135621107667e-37,9959.33066113453,0.9964229611240524,-6.052035902626439e-19
519060,0.0,-1.8201569039780698e-37,9959.330661134283,0.9964229611240549,-6.051518659700527e-19
519120,0.0,-1.8199998241905929e-37,9959.330661134036,0.9964229611240575,-6.051000017252534e-19
519180,0.0,-1.8198423227483363e-37,9959.330661133788,0.9964229611240601,-6.050479975282463e-19
519240,0.0,-1.8196843996512992e-37,9959.33066113354,0.9964229611240627,-6.049958533790314e-19
519300,0.0,-1.8195260548994818e-37,9959.33066113329,0.9964229611240654,-6.049435692776086e-19
519360,0.0,-1.8193672884928845e-37,9959.330661133039,0.9964229611240679,-6.048911452239781e-19
519420,0.0,-1.819208100431507e-37,9959.330661132788,0.9964229611240706,-6.048385812181394e-19
519480,0.0,-1.819048490715349e-37,9959.330661132537,0.9964229611240731,-6.047858772600931e-19
519540,0.0,-1.8188884593444111e-37,9959.330661132284,0.9964229611240758,-6.047330333498388e-19
519600,0.0,-1.8187280063186935e-37,9959.330661132031,0.9964229611240785,-6.046800494873767e-19
519660,0.0,-1.8185671316381955e-37,9959.330661131778,0.9964229611240811,-6.046269256727067e-19
519720,0.0,-1.818405835302917e-37,9959.330661131524,0.9964229611240838,-6.045736619058288e-19
519780,0.0,-1.8182441173128587e-37,9959.33066113127,0.9964229611240865,-6.04520258186743e-19
519840,0.0,-1.81808197766802e-37,9959.330661131013,0.9964229611240891,-6.044667145154495e-19
519900,0.0,-1.8179194163684012e-37,9959.330661130756,0.9964229611240918,-6.044130308919479e-19
519960,0.0,-1.8177564334140028e-37,9959.3306611305,0.9964229611240945,-6.043592073162386e-19
520020,0.0,-1.8175930288048237e-37,9959.330661130241,0.9964229611240971,-6.043052437883214e-19
520080,0.0,-1.8174292025408645e-37,9959.330661129983,0.9964229611240999,-6.042511403081964e-19
520140,0.0,-1.8172649546221253e-37,9959.330661129723,0.9964229611241026,-6.0419689687586345e-19
520200,0.0,-1.817100285048606e-37,9959.330661129463,0.9964229611241053,-6.041425134913226e-19
520260,0.0,-1.8169351938203064e-37,9959.330661129203,0.996422961124108,-6.040879901545739e-19
520320,0.0,-1.8167696809372269e-37,9959.330661128943,0.9964229611241108,-6.040333268656173e-19
520380,0.0,-1.816603746399367e-37,9959.33066112868,0.9964229611241134,-6.039785236244529e-19
520440,0.0,-1.816437390206727e-37,9959.330661128417,0.9964229611241162,-6.039235804310807e-19
520500,0.0,-1.816270612359307e-37,9959.330661128153,0.996422961124119,-6.038684972855005e-19
520560,0.0,-1.8161034128571065e-37,9959.33066112789,0.9964229611241218,-6.038132741877125e-19
520620,0.0,-1.8159357917001261e-37,9959.330661127626,0.9964229611241245,-6.037579111377166e-19
520680,0.0,-1.815767748888366e-37,9959.33066112736,0.9964229611241273,-6.037024081355129e-19
520740,0.0,-1.8155992844218253e-37,9959.330661127093,0.9964229611241301,-6.036467651811012e-19
520800,0.0,-1.8154303983005044e-37,9959.330661126827,0.9964229611241329,-6.035909822744818e-19
520860,0.0,-1.8152610905244033e-37,9959.33066112656,0.9964229611241356,-6.035350594156544e-19
520920,0.0,-1.815091361093522e-37,9959.33066112629,0.9964229611241384,-6.034789966046192e-19
520980,0.0,-1.8149212100078609e-37,9959.330661126021,0.9964229611241413,-6.034227938413761e-19
521040,0.0,-1.8147506372674197e-37,9959.330661125752,0.9964229611241441,-6.033664511259251e-19
521100,0.0,-1.8145796428721984e-37,9959.330661125483,0.9964229611241469,-6.033099684582662e-19
521160,0.0,-1.8144082268221965e-37,9959.330661125212,0.9964229611241497,-6.032533458383996e-19
521220,0.0,-1.8142363891174148e-37,9959.330661124939,0.9964229611241525,-6.031965832663249e-19
521280,0.0,-1.8140641297578527e-37,9959.330661124668,0.9964229611241554,-6.031396807420426e-19
521340,0.0,-1.8138914487435105e-37,9959.330661124393,0.9964229611241583,-6.030826382655522e-19
521400,0.0,-1.8137183460743883e-37,9959.33066112412,0.9964229611241612,-6.03025455836854e-19
521460,0.0,-1.8135448217504863e-37,9959.330661123846,0.996422961124164,-6.02968133455948e-19
521520,0.0,-1.8133708757718038e-37,9959.330661123571,0.9964229611241668,-6.029106711228341e-19
521580,0.0,-1.8131965081383406e-37,9959.330661123295,0.9964229611241697,-6.028530688375123e-19
521640,0.0,-1.8130217188500977e-37,9959.330661123018,0.9964229611241726,-6.027953265999827e-19
521700,0.0,-1.812846507907075e-37,9959.330661122742,0.9964229611241755,-6.027374444102452e-19
521760,0.0,-1.812670875309272e-37,9959.330661122463,0.9964229611241784,-6.026794222682997e-19
521820,0.0,-1.812494821056689e-37,9959.330661122185,0.9964229611241814,-6.026212601741465e-19
521880,0.0,-1.8123183451493257e-37,9959.330661121907,0.9964229611241843,-6.025629581277854e-19
521940,0.0,-1.8121414475871817e-37,9959.330661121627,0.9964229611241872,-6.025045161292164e-19
522000,0.0,-1.811964128370258e-37,9959.330661121345,0.9964229611241902,-6.024459341784396e-19
522060,0.0,-1.8117863874985545e-37,9959.330661121065,0.996422961124193,-6.023872122754548e-19
522120,0.0,-1.8116082249720706e-37,9959.330661120783,0.996422961124196,-6.023283504202622e-19
522180,0.0,-1.8114296407908068e-37,9959.330661120499,0.9964229611241989,-6.022693486128617e-19
522240,0.0,-1.8112506349547622e-37,9959.330661120215,0.9964229611242019,-6.022102068532534e-19
522300,0.0,-1.8110712074639376e-37,9959.330661119931,0.9964229611242049,-6.021509251414373e-19
522360,0.0,-1.8108913583183332e-37,9959.330661119648,0.9964229611242079,-6.020915034774131e-19
522420,0.0,-1.8107110875179487e-37,9959.330661119362,0.9964229611242108,-6.020319418611813e-19
522480,0.0,-1.810530395062784e-37,9959.330661119075,0.9964229611242138,-6.019722402927414e-19
522540,0.0,-1.8103492809528394e-37,9959.330661118789,0.9964229611242168,-6.019123987720938e-19
522600,0.0,-1.810167745188114e-37,9959.330661118502,0.9964229611242198,-6.018524172992383e-19
522660,0.0,-1.8099857877686085e-37,9959.330661118212,0.9964229611242229,-6.017922958741748e-19
522720,0.0,-1.8098034086943231e-37,9959.330661117923,0.9964229611242259,-6.017320344969036e-19
522780,0.0,-1.809620607965258e-37,9959.330661117634,0.9964229611242289,-6.016716331674244e-19
522840,0.0,-1.8094373855814122e-37,9959.330661117345,0.9964229611242319,-6.016110918857373e-19
522900,0.0,-1.8092537415427863e-37,9959.330661117054,0.996422961124235,-6.015504106518425e-19
522960,0.0,-1.8090696758493805e-37,9959.33066111676,0.996422961124238,-6.014895894657397e-19
523020,0.0,-1.8088851885011942e-37,9959.33066111647,0.9964229611242411,-6.014286283274292e-19
523080,0.0,-1.808700279498228e-37,9959.330661116177,0.9964229611242441,-6.013675272369106e-19
523140,0.0,-1.808514948840482e-37,9959.330661115882,0.9964229611242472,-6.013062861941844e-19
523200,0.0,-1.8083291965279555e-37,9959.330661115588,0.9964229611242503,-6.012449051992501e-19
523260,0.0,-1.8081430225606487e-37,9959.330661115293,0.9964229611242533,-6.011833842521081e-19
523320,0.0,-1.807956426938562e-37,9959.330661114996,0.9964229611242564,-6.011217233527581e-19
523380,0.0,-1.807769409661695e-37,9959.3306611147,0.9964229611242595,-6.010599225012002e-19
523440,0.0,-1.807581970730048e-37,9959.330661114403,0.9964229611242627,-6.009979816974346e-19
523500,0.0,-1.8073941101436207e-37,9959.330661114105,0.9964229611242658,-6.009359009414609e-19
523560,0.0,-1.8072058279024135e-37,9959.330661113807,0.9964229611242689,-6.008736802332795e-19
523620,0.0,-1.8070171240064262e-37,9959.330661113507,0.996422961124272,-6.008113195728903e-19
523680,0.0,-1.8068279984556584e-37,9959.330661113208,0.9964229611242752,-6.0074881896029305e-19
523740,0.0,-1.8066384512501105e-37,9959.330661112906,0.9964229611242783,-6.00686178395488e-19
523800,0.0,-1.8064484823897824e-37,9959.330661112606,0.9964229611242814,-6.006233978784752e-19
523860,0.0,-1.8062580918746744e-37,9959.330661112304,0.9964229611242846,-6.005604774092543e-19
523920,0.0,-1.8060672797047866e-37,9959.330661112,0.9964229611242877,-6.004974169878257e-19
523980,0.0,-1.8058760458801182e-37,9959.330661111697,0.996422961124291,-6.004342166141892e-19
524040,0.0,-1.8056843904006696e-37,9959.330661111393,0.9964229611242941,-6.003708762883448e-19
524100,0.0,-1.805492313266441e-37,9959.33066111109,0.9964229611242973,-6.003073960102926e-19
524160,0.0,-1.805299814477432e-37,9959.330661110784,0.9964229611243005,-6.002437757800326e-19
524220,0.0,-1.8051068940336431e-37,9959.330661110476,0.9964229611243037,-6.001800155975645e-19
524280,0.0,-1.8049135519350743e-37,9959.33066111017,0.9964229611243068,-6.001161154628886e-19
524340,0.0,-1.8047197881817253e-37,9959.330661109863,0.9964229611243101,-6.000520753760049e-19
524400,0.0,-1.8045256027735957e-37,9959.330661109554,0.9964229611243133,-5.999878953369133e-19
524460,0.0,-1.8043309957106863e-37,9959.330661109245,0.9964229611243166,-5.99923575345614e-19
524520,0.0,-1.8041359669929966e-37,9959.330661108936,0.9964229611243198,-5.998591154021066e-19
524580,0.0,-1.8039405166205269e-37,9959.330661108625,0.996422961124323,-5.997945155063914e-19
524640,0.0,-1.8037446445932772e-37,9959.330661108315,0.9964229611243263,-5.997297756584683e-19
524700,0.0,-1.8035483509112471e-37,9959.330661108002,0.9964229611243295,-5.996648958583374e-19
524760,0.0,-1.8033516355744367e-37,9959.33066110769,0.9964229611243328,-5.995998761059986e-19
524820,0.0,-1.8031544985828465e-37,9959.330661107377,0.996422961124336,-5.99534716401452e-19
524880,0.0,-1.802956939936476e-37,9959.330661107064,0.9964229611243394,-5.994694167446975e-19
524940,0.0,-1.8027589596353252e-37,9959.33066110675,0.9964229611243426,-5.994039771357351e-19
525000,0.0,-1.8025605576793947e-37,9959.330661106434,0.9964229611243459,-5.993383975745647e-19
525060,0.0,-1.8023617340686838e-37,9959.330661106118,0.9964229611243492,-5.992726780611866e-19
525120,0.0,-1.8021624888031926e-37,9959.330661105801,0.9964229611243526,-5.992068185956006e-19
525180,0.0,-1.8019628218829215e-37,9959.330661105485,0.9964229611243559,-5.991408191778068e-19
525240,0.0,-1.8017627333078701e-37,9959.330661105167,0.9964229611243591,-5.990746798078051e-19
525300,0.0,-1.8015622230780386e-37,9959.330661104848,0.9964229611243625,-5.990084004855954e-19
525360,0.0,-1.8013612911934272e-37,9959.330661104528,0.9964229611243658,-5.989419812111779e-19
525420,0.0,-1.8011599376540355e-37,9959.330661104208,0.9964229611243692,-5.988754219845526e-19
525480,0.0,-1.8009581624598637e-37,9959.330661103888,0.9964229611243726,-5.9880872280571945e-19
525540,0.0,-1.800755965610911e-37,9959.330661103566,0.9964229611243759,-5.987418836746783e-19
525600,0.0,-1.800553347107179e-37,9959.330661103244,0.9964229611243792,-5.986749045914294e-19
525660,0.0,-1.8003503069486668e-37,9959.330661102922,0.9964229611243827,-5.986077855559725e-19
525720,0.0,-1.8001468451353744e-37,9959.330661102598,0.996422961124386,-5.985405265683079e-19
525780,0.0,-1.799942961667302e-37,9959.330661102274,0.9964229611243894,-5.984731276284354e-19
525840,0.0,-1.7997386565444491e-37,9959.330661101949,0.9964229611243928,-5.984055887363549e-19
525900,0.0,-1.7995339297668158e-37,9959.330661101623,0.9964229611243962,-5.983379098920667e-19
525960,0.0,-1.7993287813344028e-37,9959.330661101298,0.9964229611243997,-5.982700910955705e-19
526020,0.0,-1.79912321124721e-37,9959.33066110097,0.996422961124403,-5.982021323468664e-19
526080,0.0,-1.7989172195052366e-37,9959.330661100643,0.9964229611244064,-5.981340336459546e-19
526140,0.0,-1.7987108061084834e-37,9959.330661100315,0.9964229611244099,-5.980657949928348e-19
526200,0.0,-1.7985039710569494e-37,9959.330661099986,0.9964229611244133,-5.979974163875072e-19
526260,0.0,-1.7982967143506355e-37,9959.330661099657,0.9964229611244168,-5.979288978299717e-19
526320,0.0,-1.7980890359895416e-37,9959.330661099326,0.9964229611244202,-5.978602393202283e-19
526380,0.0,-1.797880935973668e-37,9959.330661098995,0.9964229611244236,-5.977914408582771e-19
526440,0.0,-1.7976724143030137e-37,9959.330661098664,0.9964229611244271,-5.97722502444118e-19
526500,0.0,-1.7974634709775798e-37,9959.33066109833,0.9964229611244306,-5.976534240777511e-19
526560,0.0,-1.797254105997365e-37,9959.330661097998,0.9964229611244341,-5.975842057591762e-19
526620,0.0,-1.7970443193623702e-37,9959.330661097663,0.9964229611244376,-5.975148474883936e-19
526680,0.0,-1.7968341110725955e-37,9959.33066109733,0.9964229611244411,-5.974453492654029e-19
526740,0.0,-1.7966234811280408e-37,9959.330661096994,0.9964229611244446,-5.973757110902044e-19
526800,0.0,-1.7964124295287057e-37,9959.33066109666,0.9964229611244481,-5.973059329627982e-19
526860,0.0,-1.7962009562745905e-37,9959.330661096323,0.9964229611244516,-5.972360148831839e-19
526920,0.0,-1.795989061365695e-37,9959.330661095984,0.9964229611244552,-5.971659568513619e-19
526980,0.0,-1.7957767448020197e-37,9959.330661095646,0.9964229611244586,-5.97095758867332e-19
527040,0.0,-1.795564006583564e-37,9959.330661095308,0.9964229611244622,-5.970254209310942e-19
527100,0.0,-1.7953508467103285e-37,9959.33066109497,0.9964229611244657,-5.969549430426485e-19
527160,0.0,-1.7951372651823128e-37,9959.33066109463,0.9964229611244693,-5.968843252019951e-19
527220,0.0,-1.7949232619995165e-37,9959.33066109429,0.9964229611244728,-5.968135674091337e-19
527280,0.0,-1.7947088371619405e-37,9959.330661093947,0.9964229611244764,-5.967426696640644e-19
527340,0.0,-1.794493990669584e-37,9959.330661093605,0.99642296112448,-5.966716319667873e-19
527400,0.0,-1.7942787225224475e-37,9959.330661093261,0.9964229611244836,-5.966004543173023e-19
527460,0.0,-1.794063032720531e-37,9959.33066109292,0.9964229611244871,-5.965291367156094e-19
527520,0.0,-1.7938469212638344e-37,9959.330661092574,0.9964229611244908,-5.964576791617088e-19
527580,0.0,-1.7936303881523575e-37,9959.33066109223,0.9964229611244944,-5.963860816556001e-19
527640,0.0,-1.7934134333861004e-37,9959.330661091884,0.996422961124498,-5.963143441972837e-19
527700,0.0,-1.7931960569650634e-37,9959.330661091539,0.9964229611245016,-5.962424667867594e-19
527760,0.0,-1.792978258889246e-37,9959.330661091191,0.9964229611245052,-5.961704494240271e-19
527820,0.0,-1.7927600391586484e-37,9959.330661090844,0.9964229611245088,-5.960982921090871e-19
527880,0.0,-1.792541397773271e-37,9959.330661090495,0.9964229611245125,-5.960259948419391e-19
527940,0.0,-1.7923223347331133e-37,9959.330661090145,0.9964229611245161,-5.959535576225834e-19
528000,0.0,-1.7921028500381754e-37,9959.330661089796,0.9964229611245198,-5.958809804510197e-19
528060,0.0,-1.7918829436884574e-37,9959.330661089447,0.9964229611245234,-5.958082633272481e-19
528120,0.0,-1.7916626156839591e-37,9959.330661089096,0.9964229611245271,-5.957354062512687e-19
528180,0.0,-1.791441866024681e-37,9959.330661088743,0.9964229611245308,-5.956624092230814e-19
528240,0.0,-1.7912206947106227e-37,9959.33066108839,0.9964229611245344,-5.955892722426863e-19
528300,0.0,-1.7909991017417842e-37,9959.330661088037,0.9964229611245382,-5.955159953100833e-19
528360,0.0,-1.7907770871181652e-37,9959.330661087684,0.9964229611245419,-5.954425784252724e-19
528420,0.0,-1.7905546508397663e-37,9959.33066108733,0.9964229611245455,-5.953690215882537e-19
528480,0.0,-1.7903317929065873e-37,9959.330661086975,0.9964229611245493,-5.9529532479902695e-19
528540,0.0,-1.7901085133186282e-37,9959.330661086618,0.996422961124553,-5.952214880575925e-19
528600,0.0,-1.7898848120758892e-37,9959.330661086262,0.9964229611245567,-5.9514751136395015e-19
528660,0.0,-1.7896606891783696e-37,9959.330661085905,0.9964229611245604,-5.950733947181e-19
528720,0.0,-1.78943614462607e-37,9959.330661085547,0.9964229611245642,-5.949991381200419e-19
528780,0.0,-1.7892111784189903e-37,9959.330661085189,0.996422961124568,-5.949247415697759e-19
528840,0.0,-1.7889857905571304e-37,9959.330661084829,0.9964229611245717,-5.948502050673021e-19
528900,0.0,-1.7887599810404904e-37,9959.330661084468,0.9964229611245754,-5.947755286126203e-19
528960,0.0,-1.7885337498690705e-37,9959.330661084108,0.9964229611245792,-5.947007122057309e-19
529020,0.0,-1.78830709704287e-37,9959.330661083746,0.996422961124583,-5.946257558466334e-19
529080,0.0,-1.7880800225618897e-37,9959.330661083384,0.9964229611245867,-5.945506595353281e-19
529140,0.0,-1.7878525264261291e-37,9959.330661083022,0.9964229611245906,-5.944754232718149e-19
529200,0.0,-1.7876246086355882e-37,9959.330661082658,0.9964229611245944,-5.944000470560939e-19
529260,0.0,-1.7873962691902675e-37,9959.330661082295,0.9964229611245982,-5.9432453088816495e-19
529320,0.0,-1.7871675080901666e-37,9959.330661081929,0.9964229611246019,-5.942488747680282e-19
529380,0.0,-1.7869383253352856e-37,9959.330661081563,0.9964229611246058,-5.941730786956836e-19
529440,0.0,-1.7867087209256242e-37,9959.330661081198,0.9964229611246096,-5.94097142671131e-19
529500,0.0,-1.7864786948611824e-37,9959.33066108083,0.9964229611246135,-5.940210666943706e-19
529560,0.0,-1.7862482471419608e-37,9959.330661080463,0.9964229611246173,-5.939448507654024e-19
529620,0.0,-1.7860173777679593e-37,9959.330661080094,0.9964229611246211,-5.938684948842263e-19
529680,0.0,-1.7857860867391776e-37,9959.330661079726,0.996422961124625,-5.937919990508422e-19
529740,0.0,-1.7855543740556157e-37,9959.330661079355,0.9964229611246289,-5.937153632652505e-19
529800,0.0,-1.7853222397172736e-37,9959.330661078986,0.9964229611246327,-5.936385875274507e-19
529860,0.0,-1.785089683724151e-37,9959.330661078615,0.9964229611246366,-5.935616718374432e-19
529920,0.0,-1.7848567060762484e-37,9959.330661078242,0.9964229611246405,-5.934846161952277e-19
529980,0.0,-1.7846233067735663e-37,9959.33066107787,0.9964229611246443,-5.934074206008044e-19
530040,0.0,-1.7843894858161035e-37,9959.330661077498,0.9964229611246483,-5.933300850541732e-19
530100,0.0,-1.7841552432038608e-37,9959.330661077123,0.9964229611246522,-5.932526095553342e-19
530160,0.0,-1.7839205789368375e-37,9959.330661076749,0.9964229611246561,-5.931749941042872e-19
530220,0.0,-1.7836854930150343e-37,9959.330661076374,0.99642296112466,-5.930972387010324e-19
530280,0.0,-1.783449985438451e-37,9959.330661075997,0.996422961124664,-5.930193433455698e-19
530340,0.0,-1.7832140562070879e-37,9959.33066107562,0.9964229611246679,-5.929413080378992e-19
530400,0.0,-1.7829777053209443e-37,9959.330661075244,0.9964229611246719,-5.928631327780208e-19
530460,0.0,-1.782740932780021e-37,9959.330661074866,0.9964229611246758,-5.927848175659346e-19
530520,0.0,-1.7825037385843166e-37,9959.330661074488,0.9964229611246798,-5.927063624016404e-19
530580,0.0,-1.7822661227338325e-37,9959.330661074107,0.9964229611246838,-5.926277672851385e-19
530640,0.0,-1.7820280852285685e-37,9959.330661073727,0.9964229611246876,-5.925490322164286e-19
530700,0.0,-1.7817896260685245e-37,9959.330661073347,0.9964229611246916,-5.924701571955109e-19
530760,0.0,-1.7815507452537e-37,9959.330661072965,0.9964229611246956,-5.923911422223852e-19
530820,0.0,-1.7813114427840957e-37,9959.330661072583,0.9964229611246996,-5.923119872970517e-19
530880,0.0,-1.7810717186597108e-37,9959.330661072201,0.9964229611247036,-5.922326924195104e-19
530940,0.0,-1.7808315728805458e-37,9959.330661071817,0.9964229611247076,-5.921532575897612e-19
531000,0.0,-1.7805910054466008e-37,9959.330661071433,0.9964229611247116,-5.920736828078042e-19
531060,0.0,-1.780350016357876e-37,9959.330661071048,0.9964229611247157,-5.919939680736391e-19
531120,0.0,-1.7801086056143707e-37,9959.330661070662,0.9964229611247197,-5.919141133872664e-19
531180,0.0,-1.7798667732160853e-37,9959.330661070277,0.9964229611247237,-5.918341187486856e-19
531240,0.0,-1.7796245191630197e-37,9959.33066106989,0.9964229611247278,-5.9175398415789705e-19
531300,0.0,-1.7793818434551738e-37,9959.330661069502,0.9964229611247318,-5.916737096149007e-19
531360,0.0,-1.779138746092548e-37,9959.330661069114,0.9964229611247359,-5.915932951196963e-19
531420,0.0,-1.778895227075142e-37,9959.330661068725,0.9964229611247399,-5.915127406722842e-19
531480,0.0,-1.778651286402956e-37,9959.330661068334,0.996422961124744,-5.914320462726642e-19
531540,0.0,-1.7784069240759899e-37,9959.330661067945,0.9964229611247482,-5.913512119208363e-19
531600,0.0,-1.7781621400942435e-37,9959.330661067554,0.9964229611247521,-5.912702376168005e-19
531660,0.0,-1.7779169344577169e-37,9959.33066106716,0.9964229611247563,-5.911891233605568e-19
531720,0.0,-1.7776713071664101e-37,9959.33066106677,0.9964229611247604,-5.911078691521054e-19
531780,0.0,-1.7774252582203232e-37,9959.330661066377,0.9964229611247645,-5.91026474991446e-19
531840,0.0,-1.7771787876194565e-37,9959.330661065982,0.9964229611247686,-5.909449408785789e-19
531900,0.0,-1.7769318953638095e-37,9959.330661065587,0.9964229611247727,-5.908632668135037e-19
531960,0.0,-1.776684581453382e-37,9959.330661065193,0.9964229611247769,-5.907814527962207e-19
532020,0.0,-1.7764368458881746e-37,9959.330661064796,0.996422961124781,-5.906994988267299e-19
532080,0.0,-1.776188688668187e-37,9959.3306610644,0.9964229611247851,-5.906174049050311e-19
532140,0.0,-1.7759401097934193e-37,9959.330661064003,0.9964229611247893,-5.905351710311246e-19
532200,0.0,-1.7756911092638718e-37,9959.330661063605,0.9964229611247934,-5.904527972050102e-19
532260,0.0,-1.775441687079544e-37,9959.330661063206,0.9964229611247977,-5.903702834266878e-19
532320,0.0,-1.7751918432404356e-37,9959.330661062806,0.9964229611248018,-5.9028762969615765e-19
532380,0.0,-1.7749415777465474e-37,9959.330661062406,0.996422961124806,-5.902048360134197e-19
532440,0.0,-1.774690890597879e-37,9959.330661062006,0.9964229611248102,-5.901219023784738e-19
532500,0.0,-1.7744397817944304e-37,9959.330661061604,0.9964229611248143,-5.900388287913199e-19
532560,0.0,-1.774188251336202e-37,9959.330661061202,0.9964229611248185,-5.899556152519583e-19
532620,0.0,-1.7739362992231931e-37,9959.3306610608,0.9964229611248228,-5.898722617603887e-19
532680,0.0,-1.773683925455404e-37,9959.330661060396,0.996422961124827,-5.897887683166114e-19
532740,0.0,-1.773431130032835e-37,9959.330661059992,0.9964229611248312,-5.897051349206262e-19
532800,0.0,-1.7731779129554857e-37,9959.330661059586,0.9964229611248354,-5.89621361572433e-19
532860,0.0,-1.7729242742233563e-37,9959.33066105918,0.9964229611248396,-5.89537448272032e-19
532920,0.0,-1.772670213836447e-37,9959.330661058775,0.996422961124844,-5.894533950194231e-19
532980,0.0,-1.7724157317947574e-37,9959.330661058368,0.9964229611248482,-5.893692018146064e-19
533040,0.0,-1.7721608280982875e-37,9959.33066105796,0.9964229611248524,-5.892848686575818e-19
533100,0.0,-1.7719055027470376e-37,9959.330661057551,0.9964229611248567,-5.892003955483493e-19
533160,0.0,-1.7716497557410073e-37,9959.330661057144,0.996422961124861,-5.89115782486909e-19
533220,0.0,-1.771393587080197e-37,9959.330661056732,0.9964229611248653,-5.890310294732608e-19
533280,0.0,-1.7711369967646069e-37,9959.330661056323,0.9964229611248695,-5.889461365074048e-19
533340,0.0,-1.7708799847942365e-37,9959.330661055912,0.9964229611248738,-5.888611035893408e-19
533400,0.0,-1.7706225511690857e-37,9959.3306610555,0.9964229611248782,-5.887759307190689e-19
533460,0.0,-1.7703646958891548e-37,9959.330661055086,0.9964229611248825,-5.886906178965894e-19
533520,0.0,-1.7701064189544435e-37,9959.330661054673,0.9964229611248868,-5.886051651219018e-19
533580,0.0,-1.7698477203649526e-37,9959.33066105426,0.9964229611248911,-5.885195723950063e-19
533640,0.0,-1.7695886001206814e-37,9959.330661053846,0.9964229611248955,-5.884338397159031e-19
533700,0.0,-1.7693290582216304e-37,9959.330661053431,0.9964229611248998,-5.883479670845919e-19
533760,0.0,-1.7690690946677988e-37,9959.330661053014,0.9964229611249041,-5.882619545010729e-19
533820,0.0,-1.7688087094591868e-37,9959.330661052598,0.9964229611249085,-5.88175801965346e-19
533880,0.0,-1.7685479025957949e-37,9959.33066105218,0.9964229611249128,-5.880895094774112e-19
533940,0.0,-1.7682866740776232e-37,9959.330661051763,0.9964229611249172,-5.880030770372687e-19
534000,0.0,-1.7680250239046711e-37,9959.330661051343,0.9964229611249216,-5.879165046449182e-19
534060,0.0,-1.767762952076939e-37,9959.330661050924,0.996422961124926,-5.878297923003598e-19
534120,0.0,-1.7675004585944269e-37,9959.330661050504,0.9964229611249303,-5.877429400035936e-19
534180,0.0,-1.7672375434571339e-37,9959.330661050084,0.9964229611249348,-5.876559477546195e-19
534240,0.0,-1.7669742066650613e-37,9959.330661049662,0.9964229611249391,-5.875688155534375e-19
534300,0.0,-1.7667104482182086e-37,9959.33066104924,0.9964229611249436,-5.874815434000477e-19
534360,0.0,-1.7664462681165757e-37,9959.330661048816,0.996422961124948,-5.8739413129445e-19
534420,0.0,-1.7661816663601628e-37,9959.330661048394,0.9964229611249524,-5.873065792366444e-19
534480,0.0,-1.7659166429489693e-37,9959.330661047969,0.9964229611249569,-5.87218887226631e-19
534540,0.0,-1.765651197882996e-37,9959.330661047545,0.9964229611249613,-5.8713105526440965e-19
534600,0.0,-1.7653853311622423e-37,9959.330661047119,0.9964229611249658,-5.870430833499805e-19
534660,0.0,-1.765119042786709e-37,9959.330661046692,0.9964229611249702,-5.869549714833435e-19
534720,0.0,-1.7648523327563953e-37,9959.330661046266,0.9964229611249746,-5.868667196644985e-19
534780,0.0,-1.7645852010713016e-37,9959.330661045838,0.9964229611249791,-5.867783278934459e-19
534840,0.0,-1.764317647731427e-37,9959.33066104541,0.9964229611249836,-5.866897961701851e-19
534900,0.0,-1.7640496727367728e-37,9959.33066104498,0.9964229611249881,-5.866011244947167e-19
534960,0.0,-1.7637812760873384e-37,9959.33066104455,0.9964229611249925,-5.865123128670402e-19
535020,0.0,-1.7635124577831242e-37,9959.33066104412,0.9964229611249971,-5.864233612871561e-19
535080,0.0,-1.7632432178241294e-37,9959.330661043688,0.9964229611250015,-5.863342697550639e-19
535140,0.0,-1.7629735562103547e-37,9959.330661043257,0.9964229611250061,-5.86245038270764e-19
535200,0.0,-1.7627034729417998e-37,9959.330661042824,0.9964229611250106,-5.861556668342561e-19
535260,0.0,-1.7624329680184645e-37,9959.330661042392,0.9964229611250152,-5.860661554455403e-19
535320,0.0,-1.7621620414403493e-37,9959.330661041957,0.9964229611250196,-5.859765041046167e-19
535380,0.0,-1.761890693207454e-37,9959.330661041522,0.9964229611250242,-5.858867128114853e-19
535440,0.0,-1.7616189233197786e-37,9959.330661041087,0.9964229611250287,-5.85796781566146e-19
535500,0.0,-1.761346731777323e-37,9959.330661040653,0.9964229611250333,-5.857067103685989e-19
535560,0.0,-1.7610741185800871e-37,9959.330661040214,0.9964229611250378,-5.856164992188437e-19
535620,0.0,-1.7608010837280712e-37,9959.330661039778,0.9964229611250425,-5.855261481168807e-19
535680,0.0,-1.7605276272212751e-37,9959.33066103934,0.996422961125047,-5.8543565706271e-19
535740,0.0,-1.7602537490596989e-37,9959.3306610389,0.9964229611250516,-5.853450260563313e-19
535800,0.0,-1.7599794492433429e-37,9959.33066103846,0.9964229611250561,-5.852542550977448e-19
535860,0.0,-1.7597047277722063e-37,9959.33066103802,0.9964229611250608,-5.851633441869504e-19
535920,0.0,-1.7594295846462895e-37,9959.33066103758,0.9964229611250653,-5.850722933239482e-19
535980,0.0,-1.7591540198655928e-37,9959.330661037138,0.99642296112507,-5.84981102508738e-19
536040,0.0,-1.7588780334301158e-37,9959.330661036696,0.9964229611250747,-5.8488977174132e-19
536100,0.0,-1.7586016253398588e-37,9959.330661036254,0.9964229611250792,-5.847983010216941e-19
536160,0.0,-1.7583247955948217e-37,9959.33066103581,0.9964229611250839,-5.847066903498603e-19
536220,0.0,-1.7580475441950045e-37,9959.330661035367,0.9964229611250885,-5.846149397258188e-19
536280,0.0,-1.7577698711404069e-37,9959.330661034921,0.9964229611250932,-5.845230491495693e-19
536340,0.0,-1.7574917764310293e-37,9959.330661034475,0.9964229611250979,-5.844310186211119e-19
536400,0.0,-1.7572132600668714e-37,9959.33066103403,0.9964229611251025,-5.843388481404468e-19
536460,0.0,-1.7569343220479334e-37,9959.330661033582,0.9964229611251072,-5.842465377075737e-19
536520,0.0,-1.7566549623742156e-37,9959.330661033135,0.9964229611251119,-5.841540873224928e-19
536580,0.0,-1.7563751810457175e-37,9959.330661032685,0.9964229611251165,-5.840614969852038e-19
536640,0.0,-1.756094978062439e-37,9959.330661032238,0.9964229611251212,-5.839687666957073e-19
536700,0.0,-1.7558143534243805e-37,9959.330661031787,0.996422961125126,-5.838758964540026e-19
536760,0.0,-1.755533307131542e-37,9959.330661031338,0.9964229611251306,-5.837828862600902e-19
536820,0.0,-1.7552518391839232e-37,9959.330661030886,0.9964229611251353,-5.836897361139699e-19
536880,0.0,-1.7549699495815244e-37,9959.330661030433,0.9964229611251401,-5.835964460156418e-19
536940,0.0,-1.7546876383243454e-37,9959.33066102998,0.9964229611251448,-5.835030159651058e-19
537000,0.0,-1.754404905412386e-37,9959.330661029528,0.9964229611251495,-5.834094459623618e-19
537060,0.0,-1.7541217508456467e-37,9959.330661029075,0.9964229611251543,-5.8331573600741e-19
537120,0.0,-1.7538381746241272e-37,9959.33066102862,0.996422961125159,-5.832218861002505e-19
537180,0.0,-1.7535541767478275e-37,9959.330661028165,0.9964229611251638,-5.83127896240883e-19
537240,0.0,-1.753269757216748e-37,9959.330661027709,0.9964229611251686,-5.830337664293076e-19
537300,0.0,-1.752984916030888e-37,9959.330661027252,0.9964229611251734,-5.829394966655243e-19
537360,0.0,-1.7526996531902481e-37,9959.330661026794,0.9964229611251781,-5.828450869495332e-19
537420,0.0,-1.7524139686948279e-37,9959.330661026337,0.9964229611251829,-5.827505372813343e-19
537480,0.0,-1.7521278625446272e-37,9959.330661025877,0.9964229611251877,-5.826558476609274e-19
537540,0.0,-1.7518413347396468e-37,9959.330661025419,0.9964229611251925,-5.825610180883127e-19
537600,0.0,-1.7515543852798862e-37,9959.330661024958,0.9964229611251972,-5.824660485634901e-19
537660,0.0,-1.7512670141653457e-37,9959.330661024496,0.9964229611252021,-5.823709390864597e-19
537720,0.0,-1.7509792213960248e-37,9959.330661024036,0.9964229611252069,-5.822756896572213e-19
537780,0.0,-1.7506910069719235e-37,9959.330661023574,0.9964229611252118,-5.821803002757752e-19
537840,0.0,-1.7504023708930422e-37,9959.33066102311,0.9964229611252166,-5.820847709421212e-19
537900,0.0,-1.7501133131593812e-37,9959.330661022646,0.9964229611252214,-5.819891016562592e-19
537960,0.0,-1.7498238337709398e-37,9959.330661022183,0.9964229611252263,-5.818932924181895e-19
538020,0.0,-1.7495339327277184e-37,9959.330661021717,0.9964229611252311,-5.817973432279117e-19
538080,0.0,-1.7492436100297166e-37,9959.330661021253,0.996422961125236,-5.817012540854262e-19
538140,0.0,-1.7489528656769343e-37,9959.330661020786,0.9964229611252409,-5.816050249907328e-19
538200,0.0,-1.7486616996693722e-37,9959.330661020318,0.9964229611252458,-5.815086559438316e-19
538260,0.0,-1.7483701120070303e-37,9959.33066101985,0.9964229611252506,-5.814121469447225e-19
538320,0.0,-1.7480781026899079e-37,9959.330661019383,0.9964229611252555,-5.813154979934054e-19
538380,0.0,-1.7477856717180057e-37,9959.330661018914,0.9964229611252604,-5.812187090898806e-19
538440,0.0,-1.7474928190913227e-37,9959.330661018445,0.9964229611252653,-5.811217802341479e-19
538500,0.0,-1.74719954480986e-37,9959.330661017973,0.9964229611252703,-5.810247114262072e-19
538560,0.0,-1.746905848873617e-37,9959.330661017502,0.9964229611252752,-5.809275026660588e-19
538620,0.0,-1.7466117312825943e-37,9959.33066101703,0.9964229611252802,-5.808301539537024e-19
538680,0.0,-1.746317192036791e-37,9959.330661016558,0.9964229611252851,-5.807326652891383e-19
538740,0.0,-1.746022231136208e-37,9959.330661016085,0.99642296112529,-5.806350366723662e-19
538800,0.0,-1.7457268485808442e-37,9959.33066101561,0.9964229611252949,-5.805372681033862e-19
538860,0.0,-1.7454310443707006e-37,9959.330661015136,0.9964229611252999,-5.804393595821984e-19
538920,0.0,-1.7451348185057768e-37,9959.330661014661,0.9964229611253049,-5.803413111088027e-19
538980,0.0,-1.7448381709860731e-37,9959.330661014184,0.9964229611253098,-5.802431226831992e-19
539040,0.0,-1.7445411018115892e-37,9959.330661013708,0.9964229611253148,-5.801447943053878e-19
539100,0.0,-1.744243610982325e-37,9959.330661013231,0.9964229611253198,-5.800463259753686e-19
539160,0.0,-1.7439456984982805e-37,9959.330661012753,0.9964229611253248,-5.799477176931414e-19
539220,0.0,-1.743647364359456e-37,9959.330661012275,0.9964229611253298,-5.798489694587063e-19
539280,0.0,-1.7433486085658515e-37,9959.330661011794,0.9964229611253348,-5.797500812720634e-19
539340,0.0,-1.7430494311174667e-37,9959.330661011314,0.9964229611253399,-5.7965105313321265e-19
539400,0.0,-1.742749832014302e-37,9959.330661010834,0.9964229611253449,-5.795518850421541e-19
539460,0.0,-1.7424498112563571e-37,9959.330661010352,0.9964229611253499,-5.794525769988876e-19
539520,0.0,-1.7421493688436318e-37,9959.33066100987,0.9964229611253549,-5.793531290034132e-19
539580,0.0,-1.7418485047761264e-37,9959.330661009386,0.99642296112536,-5.79253541055731e-19
539640,0.0,-1.741547219053841e-37,9959.330661008902,0.996422961125365,-5.791538131558409e-19
539700,0.0,-1.7412455116767754e-37,9959.330661008418,0.9964229611253701,-5.79053945303743e-19
539760,0.0,-1.7409433826449298e-37,9959.330661007934,0.9964229611253752,-5.789539374994372e-19
539820,0.0,-1.7406408319583039e-37,9959.330661007449,0.9964229611253802,-5.788537897429233e-19
539880,0.0,-1.740337859616898e-37,9959.330661006961,0.9964229611253853,-5.787535020342019e-19
539940,0.0,-1.7400344656207117e-37,9959.330661006474,0.9964229611253904,-5.7865307437327235e-19
540000,0.0,-1.7397306499697453e-37,9959.330661005986,0.9964229611253955,-5.785525067601352e-19
540060,0.0,-1.7394264126639988e-37,9959.330661005499,0.9964229611254006,-5.784517991947899e-19
540120,0.0,-1.7391217537034727e-37,9959.33066100501,0.9964229611254057,-5.78350951677237e-19
540180,0.0,-1.7388166730881659e-37,9959.33066100452,0.9964229611254108,-5.78249964207476e-19
540240,0.0,-1.738511170818079e-37,9959.330661004029,0.996422961125416,-5.781488367855072e-19
540300,0.0,-1.7382052468932118e-37,9959.330661003538,0.9964229611254211,-5.780475694113306e-19
540360,0.0,-1.7378989013135646e-37,9959.330661003045,0.9964229611254263,-5.77946162084946e-19
540420,0.0,-1.7375921340791373e-37,9959.330661002554,0.9964229611254314,-5.778446148063537e-19
540480,0.0,-1.73728494518993e-37,9959.33066100206,0.9964229611254365,-5.777429275755534e-19
540540,0.0,-1.7369773346459425e-37,9959.330661001566,0.9964229611254417,-5.776411003925453e-19
540600,0.0,-1.7366693024471747e-37,9959.330661001071,0.9964229611254469,-5.775391332573294e-19
540660,0.0,-1.7363608485936268e-37,9959.330661000577,0.996422961125452,-5.774370261699054e-19
540720,0.0,-1.7360519730852989e-37,9959.33066100008,0.9964229611254573,-5.773347791302738e-19
540780,0.0,-1.7357426759221906e-37,9959.330660999583,0.9964229611254625,-5.772323921384342e-19
540840,0.0,-1.7354329571043026e-37,9959.330660999085,0.9964229611254676,-5.771298651943868e-19
540900,0.0,-1.7351228166316341e-37,9959.330660998588,0.9964229611254728,-5.770271982981314e-19
540960,0.0,-1.7348122545041855e-37,9959.330660998088,0.996422961125478,-5.769243914496681e-19
541020,0.0,-1.7345012707219568e-37,9959.33066099759,0.9964229611254832,-5.768214446489972e-19
541080,0.0,-1.7341898652849478e-37,9959.33066099709,0.9964229611254884,-5.767183578961182e-19
541140,0.0,-1.733878038193159e-37,9959.33066099659,0.9964229611254937,-5.766151311910314e-19
541200,0.0,-1.7335657894465898e-37,9959.330660996087,0.996422961125499,-5.765117645337367e-19
541260,0.0,-1.7332531190452406e-37,9959.330660995585,0.9964229611255042,-5.764082579242341e-19
541320,0.0,-1.7329400269891111e-37,9959.330660995081,0.9964229611255094,-5.763046113625238e-19
541380,0.0,-1.7326265132782015e-37,9959.330660994578,0.9964229611255148,-5.762008248486054e-19
541440,0.0,-1.7323125779125116e-37,9959.330660994074,0.99642296112552,-5.760968983824793e-19
541500,0.0,-1.7319982208920418e-37,9959.330660993568,0.9964229611255253,-5.759928319641454e-19
541560,0.0,-1.731683442216792e-37,9959.330660993062,0.9964229611255305,-5.758886255936034e-19
541620,0.0,-1.731368241886762e-37,9959.330660992557,0.9964229611255359,-5.757842792708538e-19
541680,0.0,-1.7310526199019518e-37,9959.33066099205,0.9964229611255412,-5.756797929958961e-19
541740,0.0,-1.7307365762623611e-37,9959.330660991542,0.9964229611255464,-5.755751667687307e-19
541800,0.0,-1.7304201109679903e-37,9959.330660991034,0.9964229611255517,-5.754704005893573e-19
541860,0.0,-1.7301032240188398e-37,9959.330660990525,0.9964229611255571,-5.753654944577761e-19
541920,0.0,-1.729785915414909e-37,9959.330660990014,0.9964229611255624,-5.75260448373987e-19
541980,0.0,-1.7294681851561983e-37,9959.330660989504,0.9964229611255677,-5.7515526233799e-19
542040,0.0,-1.729150033242707e-37,9959.330660988993,0.996422961125573,-5.750499363497852e-19
542100,0.0,-1.7288314596744353e-37,9959.33066098848,0.9964229611255784,-5.749444704093725e-19
542160,0.0,-1.728512464451384e-37,9959.330660987967,0.9964229611255838,-5.748388645167519e-19
542220,0.0,-1.7281930475735527e-37,9959.330660987454,0.9964229611255891,-5.747331186719236e-19
542280,0.0,-1.727873209040941e-37,9959.330660986941,0.9964229611255945,-5.746272328748872e-19
542340,0.0,-1.7275529488535494e-37,9959.330660986427,0.9964229611255999,-5.745212071256431e-19
542400,0.0,-1.7272322670113773e-37,9959.33066098591,0.9964229611256052,-5.74415041424191e-19
542460,0.0,-1.7269111635144248e-37,9959.330660985395,0.9964229611256107,-5.743087357705312e-19
542520,0.0,-1.7265896383626925e-37,9959.330660984879,0.9964229611256161,-5.742022901646633e-19
542580,0.0,-1.7262676915561805e-37,9959.33066098436,0.9964229611256215,-5.740957046065878e-19
542640,0.0,-1.7259453230948879e-37,9959.330660983842,0.9964229611256269,-5.739889790963043e-19
542700,0.0,-1.7256225329788153e-37,9959.330660983323,0.9964229611256323,-5.738821136338129e-19
542760,0.0,-1.7252993212079622e-37,9959.330660982805,0.9964229611256378,-5.737751082191136e-19
542820,0.0,-1.7249756877823292e-37,9959.330660982285,0.9964229611256432,-5.736679628522065e-19
542880,0.0,-1.7246516327019161e-37,9959.330660981763,0.9964229611256487,-5.735606775330915e-19
542940,0.0,-1.724327155966723e-37,9959.330660981243,0.9964229611256541,-5.734532522617688e-19
543000,0.0,-1.7240022575767497e-37,9959.330660980719,0.9964229611256595,-5.73345687038238e-19
543060,0.0,-1.7236769375319963e-37,9959.330660980197,0.996422961125665,-5.732379818624995e-19
543120,0.0,-1.7233511958324623e-37,9959.330660979673,0.9964229611256704,-5.7313013673455295e-19
543180,0.0,-1.7230250324781483e-37,9959.330660979149,0.996422961125676,-5.730221516543987e-19
543240,0.0,-1.7226984474690544e-37,9959.330660978623,0.9964229611256814,-5.729140266220365e-19
543300,0.0,-1.7223714408051803e-37,9959.330660978098,0.996422961125687,-5.728057616374664e-19
543360,0.0,-1.7220440124865262e-37,9959.330660977572,0.9964229611256924,-5.726973567006885e-19
543420,0.0,-1.7217161625130918e-37,9959.330660977044,0.996422961125698,-5.725888118117027e-19
543480,0.0,-1.7213878908848772e-37,9959.330660976517,0.9964229611257035,-5.724801269705091e-19
543540,0.0,-1.7210591976018826e-37,9959.330660975987,0.9964229611257089,-5.723713021771075e-19
543600,0.0,-1.7207300826641076e-37,9959.330660975458,0.9964229611257145,-5.722623374314982e-19
543660,0.0,-1.7204005460715527e-37,9959.330660974929,0.99642296112572,-5.721532327336809e-19
543720,0.0,-1.7200705878242178e-37,9959.330660974398,0.9964229611257256,-5.720439880836557e-19
543780,0.0,-1.7197402079221026e-37,9959.330660973867,0.9964229611257311,-5.719346034814227e-19
543840,0.0,-1.7194094063652071e-37,9959.330660973335,0.9964229611257367,-5.718250789269819e-19
543900,0.0,-1.7190781831535315e-37,9959.330660972802,0.9964229611257422,-5.717154144203331e-19
543960,0.0,-1.7187465382870757e-37,9959.33066097227,0.9964229611257478,-5.716056099614765e-19
544020,0.0,-1.71841447176584e-37,9959.330660971735,0.9964229611257535,-5.7149566555041205e-19
544080,0.0,-1.7180819835898242e-37,9959.3306609712,0.996422961125759,-5.713855811871398e-19
544140,0.0,-1.7177490737590281e-37,9959.330660970665,0.9964229611257646,-5.712753568716595e-19
544200,0.0,-1.7174157422734517e-37,9959.330660970129,0.9964229611257702,-5.711649926039714e-19
544260,0.0,-1.7170819891330952e-37,9959.330660969592,0.9964229611257758,-5.710544883840755e-19
544320,0.0,-1.7167478143379588e-37,9959.330660969055,0.9964229611257814,-5.709438442119718e-19
544380,0.0,-1.716413217888042e-37,9959.330660968517,0.996422961125787,-5.7083306008766e-19
544440,0.0,-1.7160781997833455e-37,9959.330660967978,0.9964229611257926,-5.707221360111404e-19
544500,0.0,-1.7157427600238685e-37,9959.330660967438,0.9964229611257983,-5.70611071982413e-19
544560,0.0,-1.7154068986096112e-37,9959.330660966898,0.996422961125804,-5.704998680014778e-19
544620,0.0,-1.715070615540574e-37,9959.330660966358,0.9964229611258096,-5.703885240683346e-19
544680,0.0,-1.7147339108167565e-37,9959.330660965816,0.9964229611258153,-5.702770401829836e-19
544740,0.0,-1.714396784438159e-37,9959.330660965274,0.996422961125821,-5.701654163454247e-19
544800,0.0,-1.7140592364047817e-37,9959.33066096473,0.9964229611258266,-5.70053652555658e-19
544860,0.0,-1.7137212667166237e-37,9959.330660964188,0.9964229611258323,-5.699417488136833e-19
544920,0.0,-1.7133828753736858e-37,9959.330660963642,0.996422961125838,-5.698297051195009e-19
544980,0.0,-1.7130440623759677e-37,9959.330660963098,0.9964229611258436,-5.697175214731104e-19
545040,0.0,-1.7127048277234694e-37,9959.330660962552,0.9964229611258494,-5.696051978745123e-19
545100,0.0,-1.712365171416191e-37,9959.330660962005,0.996422961125855,-5.694927343237061e-19
545160,0.0,-1.7120250934541326e-37,9959.330660961457,0.9964229611258608,-5.693801308206921e-19
545220,0.0,-1.711684593837294e-37,9959.33066096091,0.9964229611258665,-5.692673873654703e-19
545280,0.0,-1.7113436725656752e-37,9959.330660960362,0.9964229611258723,-5.691545039580406e-19
545340,0.0,-1.711002329639276e-37,9959.330660959813,0.996422961125878,-5.69041480598403e-19
545400,0.0,-1.7106605650580968e-37,9959.330660959262,0.9964229611258837,-5.689283172865577e-19
545460,0.0,-1.7103183788221377e-37,9959.330660958713,0.9964229611258895,-5.688150140225043e-19
545520,0.0,-1.7099757709313984e-37,9959.330660958161,0.9964229611258952,-5.687015708062431e-19
545580,0.0,-1.709632741385879e-37,9959.330660957608,0.996422961125901,-5.685879876377741e-19
545640,0.0,-1.7092892901855794e-37,9959.330660957055,0.9964229611259068,-5.684742645170971e-19
545700,0.0,-1.7089454173304995e-37,9959.330660956502,0.9964229611259126,-5.683604014442124e-19
545760,0.0,-1.7086011228206393e-37,9959.33066095595,0.9964229611259183,-5.682463984191197e-19
545820,0.0,-1.7082564066559994e-37,9959.330660955395,0.9964229611259241,-5.681322554418193e-19
545880,0.0,-1.7079112688365791e-37,9959.330660954838,0.99642296112593,-5.680179725123108e-19
545940,0.0,-1.707565709362379e-37,9959.330660954283,0.9964229611259358,-5.679035496305946e-19
546000,0.0,-1.7072197282333985e-37,9959.330660953727,0.9964229611259416,-5.677889867966705e-19
546060,0.0,-1.7068733254496374e-37,9959.330660953168,0.9964229611259474,-5.676742840105385e-19
546120,0.0,-1.7065265010110967e-37,9959.33066095261,0.9964229611259533,-5.675594412721986e-19
546180,0.0,-1.706179254917776e-37,9959.330660952051,0.9964229611259591,-5.674444585816509e-19
546240,0.0,-1.7058315871696748e-37,9959.330660951491,0.996422961125965,-5.673293359388953e-19
546300,0.0,-1.705483497766794e-37,9959.33066095093,0.9964229611259707,-5.672140733439318e-19
546360,0.0,-1.7051349867091325e-37,9959.33066095037,0.9964229611259766,-5.670986707967605e-19
546420,0.0,-1.7047860539966907e-37,9959.330660949809,0.9964229611259825,-5.669831282973814e-19
546480,0.0,-1.7044366996294689e-37,9959.330660949247,0.9964229611259884,-5.6686744584579425e-19
546540,0.0,-1.7040869236074673e-37,9959.330660948684,0.9964229611259943,-5.667516234419994e-19
546600,0.0,-1.7037367259306854e-37,9959.33066094812,0.9964229611260002,-5.666356610859965e-19
546660,0.0,-1.7033861065991237e-37,9959.330660947557,0.996422961126006,-5.665195587777859e-19
546720,0.0,-1.703035065612781e-37,9959.330660946991,0.9964229611260119,-5.664033165173673e-19
546780,0.0,-1.7026836029716587e-37,9959.330660946425,0.9964229611260179,-5.662869343047409e-19
546840,0.0,-1.702331718675756e-37,9959.330660945858,0.9964229611260238,-5.661704121399067e-19
546900,0.0,-1.7019794127250737e-37,9959.330660945292,0.9964229611260297,-5.660537500228645e-19
546960,0.0,-1.701626685119611e-37,9959.330660944723,0.9964229611260357,-5.659369479536145e-19
547020,0.0,-1.7012735358593682e-37,9959.330660944155,0.9964229611260416,-5.6582000593215665e-19
547080,0.0,-1.7009199649443449e-37,9959.330660943586,0.9964229611260476,-5.657029239584908e-19
547140,0.0,-1.7005659723745416e-37,9959.330660943016,0.9964229611260534,-5.655857020326173e-19
547200,0.0,-1.700211558149958e-37,9959.330660942445,0.9964229611260594,-5.654683401545358e-19
547260,0.0,-1.6998567222705947e-37,9959.330660941874,0.9964229611260654,-5.653508383242464e-19
547320,0.0,-1.6995014647364513e-37,9959.330660941303,0.9964229611260714,-5.652331965417492e-19
547380,0.0,-1.6991457855475275e-37,9959.33066094073,0.9964229611260774,-5.651154148070441e-19
547440,0.0,-1.6987896847038236e-37,9959.330660940155,0.9964229611260834,-5.649974931201312e-19
547500,0.0,-1.6984331622053394e-37,9959.330660939582,0.9964229611260894,-5.648794314810103e-19
547560,0.0,-1.6980762180520751e-37,9959.330660939007,0.9964229611260954,-5.647612298896816e-19
547620,0.0,-1.6977188522440307e-37,9959.330660938433,0.9964229611261014,-5.646428883461451e-19
547680,0.0,-1.6973610647812065e-37,9959.330660937856,0.9964229611261074,-5.645244068504007e-19
547740,0.0,-1.6970028556636018e-37,9959.33066093728,0.9964229611261134,-5.644057854024483e-19
547800,0.0,-1.696644224891217e-37,9959.330660936701,0.9964229611261195,-5.642870240022881e-19
547860,0.0,-1.6962851724640521e-37,9959.330660936123,0.9964229611261255,-5.641681226499202e-19
547920,0.0,-1.695925698382107e-37,9959.330660935544,0.9964229611261316,-5.640490813453443e-19
547980,0.0,-1.6955658026453817e-37,9959.330660934966,0.9964229611261376,-5.639299000885605e-19
548040,0.0,-1.6952054852538767e-37,9959.330660934385,0.9964229611261437,-5.638105788795689e-19
548100,0.0,-1.694844746207591e-37,9959.330660933803,0.9964229611261498,-5.636911177183693e-19
548160,0.0,-1.6944835855065254e-37,9959.330660933221,0.9964229611261558,-5.63571516604962e-19
548220,0.0,-1.6941220031506796e-37,9959.33066093264,0.9964229611261619,-5.634517755393467e-19
548280,0.0,-1.6937599991400537e-37,9959.330660932057,0.996422961126168,-5.633318945215236e-19
548340,0.0,-1.6933975734746475e-37,9959.330660931473,0.9964229611261741,-5.632118735514927e-19
548400,0.0,-1.6930347261544617e-37,9959.33066093089,0.9964229611261802,-5.630917126292538e-19
548460,0.0,-1.6926714571794952e-37,9959.330660930304,0.9964229611261863,-5.62971411754807e-19
548520,0.0,-1.6923077665497488e-37,9959.330660929718,0.9964229611261924,-5.628509709281524e-19
548580,0.0,-1.691943654265222e-37,9959.33066092913,0.9964229611261985,-5.6273039014929e-19
548640,0.0,-1.6915791203259152e-37,9959.330660928545,0.9964229611262048,-5.626096694182197e-19
548700,0.0,-1.6912141647318282e-37,9959.330660927957,0.9964229611262109,-5.624888087349415e-19
548760,0.0,-1.6908487874829615e-37,9959.330660927368,0.996422961126217,-5.623678080994555e-19
548820,0.0,-1.6904829885793142e-37,9959.330660926778,0.9964229611262232,-5.622466675117615e-19
548880,0.0,-1.690116768020887e-37,9959.330660926189,0.9964229611262293,-5.621253869718598e-19
548940,0.0,-1.6897501258076793e-37,9959.330660925598,0.9964229611262355,-5.620039664797501e-19
549000,0.0,-1.6893830619396917e-37,9959.330660925007,0.9964229611262416,-5.618824060354326e-19
549060,0.0,-1.6890155764169239e-37,9959.330660924415,0.9964229611262478,-5.617607056389072e-19
549120,0.0,-1.6886476692393761e-37,9959.330660923823,0.9964229611262541,-5.616388652901739e-19
549180,0.0,-1.6882793404070482e-37,9959.330660923228,0.9964229611262603,-5.615168849892328e-19
549240,0.0,-1.68791058991994e-37,9959.330660922635,0.9964229611262665,-5.613947647360838e-19
549300,0.0,-1.6875414177780516e-37,9959.33066092204,0.9964229611262727,-5.61272504530727e-19
549360,0.0,-1.6871718239813828e-37,9959.330660921445,0.9964229611262789,-5.611501043731622e-19
549420,0.0,-1.6868018085299344e-37,9959.330660920848,0.9964229611262851,-5.610275642633896e-19
549480,0.0,-1.6864313714237056e-37,9959.330660920252,0.9964229611262914,-5.609048842014091e-19
549540,0.0,-1.686060512662697e-37,9959.330660919653,0.9964229611262976,-5.607820641872208e-19
549600,0.0,-1.685689232246908e-37,9959.330660919055,0.9964229611263039,-5.606591042208245e-19
549660,0.0,-1.6853175301763386e-37,9959.330660918456,0.9964229611263101,-5.605360043022205e-19
549720,0.0,-1.684945406450989e-37,9959.330660917856,0.9964229611263163,-5.604127644314085e-19
549780,0.0,-1.6845728610708597e-37,9959.330660917256,0.9964229611263227,-5.602893846083887e-19
549840,0.0,-1.68419989403595e-37,9959.330660916656,0.9964229611263289,-5.60165864833161e-19
549900,0.0,-1.6838265053462607e-37,9959.330660916054,0.9964229611263352,-5.600422051057255e-19
549960,0.0,-1.6834526950017907e-37,9959.330660915452,0.9964229611263415,-5.599184054260821e-19
550020,0.0,-1.6830784630025404e-37,9959.33066091485,0.9964229611263478,-5.597944657942308e-19
550080,0.0,-1.68270380934851e-37,9959.330660914246,0.9964229611263541,-5.596703862101717e-19
550140,0.0,-1.6823287340397e-37,9959.33066091364,0.9964229611263604,-5.595461666739046e-19
550200,0.0,-1.6819532370761096e-37,9959.330660913036,0.9964229611263667,-5.594218071854298e-19
550260,0.0,-1.6815773184577392e-37,9959.33066091243,0.9964229611263731,-5.592973077447469e-19
550320,0.0,-1.6812009781845884e-37,9959.330660911823,0.9964229611263794,-5.591726683518563e-19
550380,0.0,-1.6808242162566572e-37,9959.330660911217,0.9964229611263857,-5.590478890067578e-19
550440,0.0,-1.680447032673946e-37,9959.330660910608,0.9964229611263922,-5.589229697094515e-19
550500,0.0,-1.6800694274364552e-37,9959.33066091,0.9964229611263985,-5.587979104599372e-19
550560,0.0,-1.6796914005441839e-37,9959.33066090939,0.9964229611264048,-5.586727112582152e-19
550620,0.0,-1.6793129519971326e-37,9959.330660908781,0.9964229611264113,-5.585473721042852e-19
550680,0.0,-1.6789340817953006e-37,9959.33066090817,0.9964229611264176,-5.584218929981473e-19
550740,0.0,-1.6785547899386888e-37,9959.330660907559,0.996422961126424,-5.582962739398016e-19
550800,0.0,-1.678175076427297e-37,9959.330660906946,0.9964229611264304,-5.58170514929248e-19
550860,0.0,-1.6777949412611251e-37,9959.330660906333,0.9964229611264368,-5.580446159664867e-19
550920,0.0,-1.677414384440173e-37,9959.33066090572,0.9964229611264432,-5.579185770515173e-19
550980,0.0,-1.677033405964441e-37,9959.330660905107,0.9964229611264496,-5.577923981843401e-19
551040,0.0,-1.676652005833928e-37,9959.330660904492,0.996422961126456,-5.576660793649551e-19
551100,0.0,-1.6762701840486354e-37,9959.330660903875,0.9964229611264624,-5.5753962059336225e-19
551160,0.0,-1.6758879406085629e-37,9959.33066090326,0.9964229611264689,-5.574130218695613e-19
551220,0.0,-1.67550527551371e-37,9959.330660902642,0.9964229611264753,-5.572862831935528e-19
551280,0.0,-1.6751221887640772e-37,9959.330660902026,0.9964229611264818,-5.5715940456533615e-19
551340,0.0,-1.6747386803596638e-37,9959.330660901407,0.9964229611264883,-5.570323859849119e-19
551400,0.0,-1.6743547503004706e-37,9959.330660900789,0.9964229611264948,-5.569052274522796e-19
551460,0.0,-1.6739703985864971e-37,9959.330660900168,0.9964229611265012,-5.567779289674395e-19
551520,0.0,-1.6735856252177435e-37,9959.330660899548,0.9964229611265077,-5.566504905303915e-19
551580,0.0,-1.6732004301942097e-37,9959.330660898928,0.9964229611265142,-5.565229121411356e-19
551640,0.0,-1.672814813515896e-37,9959.330660898306,0.9964229611265206,-5.563951937996719e-19
551700,0.0,-1.672428775182802e-37,9959.330660897684,0.9964229611265272,-5.562673355060002e-19
551760,0.0,-1.6720423151949277e-37,9959.33066089706,0.9964229611265337,-5.5613933726012085e-19
551820,0.0,-1.6716554335522734e-37,9959.330660896436,0.9964229611265402,-5.560111990620335e-19
551880,0.0,-1.671268130254839e-37,9959.330660895812,0.9964229611265467,-5.558829209117383e-19
551940,0.0,-1.6708804053026243e-37,9959.330660895186,0.9964229611265533,-5.557545028092352e-19
552000,0.0,-1.67049225869563e-37,9959.33066089456,0.9964229611265598,-5.556259447545244e-19
552060,0.0,-1.670103690433855e-37,9959.330660893935,0.9964229611265664,-5.554972467476054e-19
552120,0.0,-1.6697147005172998e-37,9959.330660893307,0.9964229611265729,-5.553684087884788e-19
552180,0.0,-1.6693252889459647e-37,9959.33066089268,0.9964229611265795,-5.552394308771442e-19
552240,0.0,-1.6689354557198494e-37,9959.33066089205,0.996422961126586,-5.551103130136019e-19
552300,0.0,-1.668545200838954e-37,9959.33066089142,0.9964229611265926,-5.549810551978516e-19
552360,0.0,-1.6681545243032785e-37,9959.330660890791,0.9964229611265992,-5.548516574298934e-19
552420,0.0,-1.6677634261128227e-37,9959.33066089016,0.9964229611266058,-5.547221197097274e-19
552480,0.0,-1.667371906267587e-37,9959.33066088953,0.9964229611266123,-5.545924420373535e-19
552540,0.0,-1.6669799647675708e-37,9959.330660888898,0.996422961126619,-5.544626244127718e-19
552600,0.0,-1.6665876016127747e-37,9959.330660888265,0.9964229611266255,-5.543326668359822e-19
552660,0.0,-1.6661948168031984e-37,9959.330660887632,0.9964229611266322,-5.542025693069847e-19
552720,0.0,-1.6658016103388421e-37,9959.330660886997,0.9964229611266389,-5.540723318257793e-19
552780,0.0,-1.6654079822197055e-37,9959.330660886362,0.9964229611266455,-5.539419543923661e-19
552840,0.0,-1.6650139324457887e-37,9959.330660885727,0.9964229611266521,-5.538114370067451e-19
552900,0.0,-1.664619461017092e-37,9959.33066088509,0.9964229611266587,-5.536807796689161e-19
552960,0.0,-1.6642245679336147e-37,9959.330660884454,0.9964229611266654,-5.535499823788793e-19
553020,0.0,-1.6638292531953576e-37,9959.330660883817,0.9964229611266721,-5.534190451366346e-19
553080,0.0,-1.6634335168023205e-37,9959.330660883179,0.9964229611266787,-5.53287967942182e-19
553140,0.0,-1.663037358754503e-37,9959.330660882539,0.9964229611266854,-5.531567507955215e-19
553200,0.0,-1.6626407790519054e-37,9959.3306608819,0.9964229611266922,-5.530253936966533e-19
553260,0.0,-1.6622437776945278e-37,9959.33066088126,0.9964229611266988,-5.528938966455771e-19
553320,0.0,-1.6618463546823699e-37,9959.330660880618,0.9964229611267055,-5.527622596422931e-19
553380,0.0,-1.661448510015432e-37,9959.330660879978,0.9964229611267122,-5.526304826868011e-19
553440,0.0,-1.6610502436937138e-37,9959.330660879334,0.9964229611267189,-5.524985657791014e-19
553500,0.0,-1.6606515557172157e-37,9959.330660878692,0.9964229611267257,-5.523665089191937e-19
553560,0.0,-1.6602524460859372e-37,9959.330660878048,0.9964229611267323,-5.522343121070783e-19
553620,0.0,-1.6598529147998786e-37,9959.330660877404,0.9964229611267391,-5.521019753427549e-19
553680,0.0,-1.6594529618590396e-37,9959.330660876758,0.9964229611267458,-5.519694986262236e-19
553740,0.0,-1.659052587263421e-37,9959.330660876112,0.9964229611267525,-5.518368819574844e-19
553800,0.0,-1.6586517910130218e-37,9959.330660875465,0.9964229611267593,-5.517041253365375e-19
553860,0.0,-1.6582505731078431e-37,9959.330660874819,0.9964229611267661,-5.5157122876338265e-19
553920,0.0,-1.6578489335478836e-37,9959.33066087417,0.9964229611267729,-5.5143819223802e-19
553980,0.0,-1.6574468723331444e-37,9959.330660873522,0.9964229611267796,-5.513050157604494e-19
554040,0.0,-1.6570443894636243e-37,9959.330660872873,0.9964229611267864,-5.51171699330671e-19
554100,0.0,-1.656641484939325e-37,9959.330660872223,0.9964229611267932,-5.510382429486847e-19
554160,0.0,-1.6562381587602451e-37,9959.330660871572,0.9964229611268001,-5.509046466144904e-19
554220,0.0,-1.6558344109263854e-37,9959.33066087092,0.9964229611268068,-5.507709103280884e-19
554280,0.0,-1.655430241437745e-37,9959.330660870268,0.9964229611268136,-5.506370340894784e-19
554340,0.0,-1.6550256502943245e-37,9959.330660869615,0.9964229611268205,-5.505030178986607e-19
554400,0.0,-1.654620637496124e-37,9959.330660868962,0.9964229611268273,-5.50368861755635e-19
554460,0.0,-1.6542152030431438e-37,9959.330660868309,0.9964229611268342,-5.502345656604015e-19
554520,0.0,-1.653809346935383e-37,9959.330660867654,0.9964229611268409,-5.5010012961296e-19
554580,0.0,-1.6534030691728425e-37,9959.330660866997,0.9964229611268478,-5.499655536133108e-19
554640,0.0,-1.6529963697555215e-37,9959.330660866342,0.9964229611268547,-5.498308376614536e-19
554700,0.0,-1.65258924868342e-37,9959.330660865684,0.9964229611268616,-5.4969598175738865e-19
554760,0.0,-1.6521817059565386e-37,9959.330660865027,0.9964229611268685,-5.4956098590111575e-19
554820,0.0,-1.6517737415748776e-37,9959.330660864369,0.9964229611268753,-5.49425850092635e-19
554880,0.0,-1.651365355538436e-37,9959.33066086371,0.9964229611268822,-5.492905743319464e-19
554940,0.0,-1.6509565478472145e-37,9959.33066086305,0.9964229611268891,-5.491551586190499e-19
555000,0.0,-1.6505473185012123e-37,9959.33066086239,0.996422961126896,-5.490196029539456e-19
555060,0.0,-1.6501376675004304e-37,9959.33066086173,0.9964229611269029,-5.488839073366334e-19
555120,0.0,-1.6497275948448682e-37,9959.330660861067,0.9964229611269098,-5.487480717671133e-19
555180,0.0,-1.6493171005345261e-37,9959.330660860405,0.9964229611269168,-5.486120962453854e-19
555240,0.0,-1.6489061845694037e-37,9959.330660859741,0.9964229611269236,-5.484759807714495e-19
555300,0.0,-1.6484948469495012e-37,9959.330660859077,0.9964229611269305,-5.483397253453058e-19
555360,0.0,-1.6480830876748184e-37,9959.330660858413,0.9964229611269375,-5.482033299669543e-19
555420,0.0,-1.6476709067453556e-37,9959.330660857748,0.9964229611269445,-5.4806679463639485e-19
555480,0.0,-1.6472583041611124e-37,9959.330660857082,0.9964229611269514,-5.4793011935362765e-19
555540,0.0,-1.6468452799220893e-37,9959.330660856416,0.9964229611269584,-5.477933041186523e-19
555600,0.0,-1.6464318340282864e-37,9959.330660855749,0.9964229611269654,-5.476563489314694e-19
555660,0.0,-1.646017966479703e-37,9959.330660855081,0.9964229611269724,-5.475192537920785e-19
555720,0.0,-1.6456036772763393e-37,9959.330660854412,0.9964229611269794,-5.473820187004798e-19
555780,0.0,-1.6451889664181957e-37,9959.330660853742,0.9964229611269864,-5.472446436566731e-19
555840,0.0,-1.6447738339052717e-37,9959.330660853073,0.9964229611269934,-5.471071286606586e-19
555900,0.0,-1.6443582797375677e-37,9959.330660852402,0.9964229611270004,-5.469694737124362e-19
555960,0.0,-1.643942303915084e-37,9959.33066085173,0.9964229611270073,-5.46831678812006e-19
556020,0.0,-1.6435259064378197e-37,9959.33066085106,0.9964229611270143,-5.466937439593679e-19
556080,0.0,-1.6431090873057752e-37,9959.330660850386,0.9964229611270214,-5.46555669154522e-19
556140,0.0,-1.6426918465189505e-37,9959.330660849711,0.9964229611270284,-5.464174543974681e-19
556200,0.0,-1.642274184077346e-37,9959.330660849038,0.9964229611270354,-5.462790996882064e-19
556260,0.0,-1.6418560999809611e-37,9959.330660848364,0.9964229611270425,-5.461406050267369e-19
556320,0.0,-1.6414375942297964e-37,9959.330660847687,0.9964229611270495,-5.460019704130594e-19
556380,0.0,-1.6410186668238512e-37,9959.330660847012,0.9964229611270566,-5.458631958471741e-19
556440,0.0,-1.640599317763126e-37,9959.330660846335,0.9964229611270637,-5.4572428132908095e-19
556500,0.0,-1.6401795470476204e-37,9959.330660845657,0.9964229611270708,-5.455852268587799e-19
556560,0.0,-1.639759354677335e-37,9959.330660844978,0.9964229611270778,-5.45446032436271e-19
556620,0.0,-1.6393387406522692e-37,9959.3306608443,0.996422961127085,-5.453066980615542e-19
556680,0.0,-1.6389177049724236e-37,9959.33066084362,0.996422961127092,-5.451672237346295e-19
556740,0.0,-1.6384962476377976e-37,9959.33066084294,0.9964229611270992,-5.45027609455497e-19
556800,0.0,-1.6380743686483915e-37,9959.330660842259,0.9964229611271063,-5.448878552241566e-19
556860,0.0,-1.6376520680042051e-37,9959.330660841577,0.9964229611271135,-5.447479610406084e-19
556920,0.0,-1.6372293457052389e-37,9959.330660840895,0.9964229611271206,-5.446079269048523e-19
556980,0.0,-1.6368062017514922e-37,9959.33066084021,0.9964229611271277,-5.444677528168882e-19
557040,0.0,-1.6363826361429658e-37,9959.330660839527,0.9964229611271348,-5.443274387767163e-19
557100,0.0,-1.635958648879659e-37,9959.330660838843,0.996422961127142,-5.441869847843366e-19
557160,0.0,-1.635534239961572e-37,9959.330660838157,0.9964229611271491,-5.44046390839749e-19
557220,0.0,-1.6351094093887049e-37,9959.330660837471,0.9964229611271563,-5.439056569429536e-19
557280,0.0,-1.6346841571610576e-37,9959.330660836786,0.9964229611271636,-5.437647830939503e-19
557340,0.0,-1.63425848327863e-37,9959.330660836098,0.9964229611271707,-5.43623769292739e-19
557400,0.0,-1.6338323877414226e-37,9959.33066083541,0.9964229611271779,-5.4348261553932e-19
557460,0.0,-1.6334058705494352e-37,9959.330660834721,0.9964229611271851,-5.43341321833693e-19
557520,0.0,-1.6329789317026674e-37,9959.330660834032,0.9964229611271923,-5.431998881758582e-19
557580,0.0,-1.6325515712011194e-37,9959.330660833342,0.9964229611271995,-5.430583145658156e-19
557640,0.0,-1.632123789044791e-37,9959.330660832651,0.9964229611272067,-5.42916601003565e-19
557700,0.0,-1.631695585233683e-37,9959.33066083196,0.996422961127214,-5.427747474891066e-19
557760,0.0,-1.6312669597677945e-37,9959.330660831269,0.9964229611272212,-5.426327540224403e-19
557820,0.0,-1.6308379126471262e-37,9959.330660830576,0.9964229611272284,-5.424906206035662e-19
557880,0.0,-1.6304084438716776e-37,9959.33066082988,0.9964229611272356,-5.423483472324841e-19
557940,0.0,-1.6299785534414488e-37,9959.330660829188,0.9964229611272429,-5.422059339091943e-19
558000,0.0,-1.6295482413564396e-37,9959.330660828493,0.9964229611272502,-5.420633806336964e-19
558060,0.0,-1.6291175076166506e-37,9959.330660827796,0.9964229611272575,-5.419206874059909e-19
558120,0.0,-1.6286863522220813e-37,9959.330660827101,0.9964229611272647,-5.417778542260774e-19
558180,0.0,-1.6282547751727322e-37,9959.330660826403,0.996422961127272,-5.416348810939561e-19
558240,0.0,-1.6278227764686028e-37,9959.330660825706,0.9964229611272792,-5.414917680096268e-19
558300,0.0,-1.6273903561096927e-37,9959.330660825008,0.9964229611272866,-5.4134851497308975e-19
558360,0.0,-1.626957514096003e-37,9959.33066082431,0.9964229611272939,-5.412051219843448e-19
558420,0.0,-1.6265242504275332e-37,9959.330660823609,0.9964229611273012,-5.41061589043392e-19
558480,0.0,-1.626090565104283e-37,9959.330660822909,0.9964229611273085,-5.409179161502312e-19
558540,0.0,-1.625656458126253e-37,9959.330660822208,0.9964229611273159,-5.407741033048627e-19
558600,0.0,-1.6252219294934428e-37,9959.330660821506,0.9964229611273232,-5.406301505072863e-19
558660,0.0,-1.624786979205852e-37,9959.330660820804,0.9964229611273305,-5.404860577575019e-19
558720,0.0,-1.6243516072634813e-37,9959.3306608201,0.9964229611273379,-5.403418250555098e-19
558780,0.0,-1.6239158136663307e-37,9959.330660819396,0.9964229611273452,-5.401974524013097e-19
558840,0.0,-1.6234795984143997e-37,9959.330660818692,0.9964229611273525,-5.400529397949019e-19
558900,0.0,-1.6230429615076888e-37,9959.330660817986,0.99642296112736,-5.399082872362861e-19
558960,0.0,-1.6226059029461974e-37,9959.33066081728,0.9964229611273673,-5.397634947254624e-19
559020,0.0,-1.622168422729926e-37,9959.330660816575,0.9964229611273747,-5.3961856226243095e-19
559080,0.0,-1.6217305208588745e-37,9959.330660815867,0.996422961127382,-5.394734898471916e-19
559140,0.0,-1.621292197333043e-37,9959.33066081516,0.9964229611273895,-5.393282774797444e-19
559200,0.0,-1.6208534521524312e-37,9959.33066081445,0.9964229611273969,-5.391829251600892e-19
559260,0.0,-1.6204142853170392e-37,9959.33066081374,0.9964229611274042,-5.390374328882261e-19
559320,0.0,-1.619974696826867e-37,9959.330660813031,0.9964229611274117,-5.388918006641554e-19
559380,0.0,-1.619534686681915e-37,9959.33066081232,0.9964229611274191,-5.387460284878766e-19
559440,0.0,-1.6190942548821825e-37,9959.330660811609,0.9964229611274266,-5.3860011635939e-19
559500,0.0,-1.61865340142767e-37,9959.330660810896,0.996422961127434,-5.384540642786955e-19
559560,0.0,-1.6182121263183776e-37,9959.330660810183,0.9964229611274414,-5.383078722457932e-19
559620,0.0,-1.6177704295543047e-37,9959.33066080947,0.9964229611274489,-5.381615402606831e-19
559680,0.0,-1.6173283111354518e-37,9959.330660808757,0.9964229611274564,-5.38015068323365e-19
559740,0.0,-1.6168857710618186e-37,9959.330660808042,0.9964229611274639,-5.378684564338391e-19
559800,0.0,-1.6164428093334055e-37,9959.330660807325,0.9964229611274713,-5.377217045921053e-19
559860,0.0,-1.615999425950212e-37,9959.330660806609,0.9964229611274789,-5.375748127981636e-19
559920,0.0,-1.6155556209122387e-37,9959.330660805892,0.9964229611274863,-5.374277810520141e-19
559980,0.0,-1.615111394219485e-37,9959.330660805175,0.9964229611274938,-5.372806093536567e-19
560040,0.0,-1.6146667458719512e-37,9959.330660804457,0.9964229611275013,-5.371332977030914e-19
560100,0.0,-1.6142216758696373e-37,9959.330660803736,0.9964229611275088,-5.369858461003183e-19
560160,0.0,-1.6137761842125433e-37,9959.330660803018,0.9964229611275164,-5.368382545453373e-19
560220,0.0,-1.613330270900669e-37,9959.330660802298,0.9964229611275238,-5.366905230381484e-19
560280,0.0,-1.6128839359340149e-37,9959.330660801576,0.9964229611275314,-5.365426515787517e-19
560340,0.0,-1.6124371793125804e-37,9959.330660800855,0.9964229611275389,-5.36394640167147e-19
560400,0.0,-1.6119900010363658e-37,9959.330660800131,0.9964229611275465,-5.362464888033346e-19
560460,0.0,-1.611542401105371e-37,9959.330660799409,0.996422961127554,-5.360981974873142e-19
560520,0.0,-1.611094379519596e-37,9959.330660798685,0.9964229611275616,-5.35949766219086e-19
560580,0.0,-1.610645936279041e-37,9959.330660797961,0.9964229611275692,-5.358011949986499e-19
560640,0.0,-1.6101970713837059e-37,9959.330660797235,0.9964229611275768,-5.35652483826006e-19
560700,0.0,-1.6097477848335906e-37,9959.33066079651,0.9964229611275843,-5.355036327011542e-19
560760,0.0,-1.609298076628695e-37,9959.330660795782,0.996422961127592,-5.353546416240945e-19
560820,0.0,-1.6088479467690194e-37,9959.330660795054,0.9964229611275995,-5.352055105948269e-19
560880,0.0,-1.6083973952545636e-37,9959.330660794327,0.9964229611276072,-5.350562396133515e-19
560940,0.0,-1.6079464220853276e-37,9959.3306607936,0.9964229611276147,-5.349068286796682e-19
561000,0.0,-1.6074950272613119e-37,9959.33066079287,0.9964229611276224,-5.34757277793777e-19
561060,0.0,-1.6070432107825155e-37,9959.330660792139,0.9964229611276301,-5.34607586955678e-19
561120,0.0,-1.6065909726489392e-37,9959.33066079141,0.9964229611276376,-5.344577561653711e-19
561180,0.0,-1.6061383128605827e-37,9959.330660790676,0.9964229611276453,-5.343077854228564e-19
561240,0.0,-1.605685231417446e-37,9959.330660789945,0.9964229611276529,-5.341576747281337e-19
561300,0.0,-1.6052317283195293e-37,9959.330660789212,0.9964229611276606,-5.340074240812032e-19
561360,0.0,-1.6047778035668323e-37,9959.330660788479,0.9964229611276683,-5.338570334820648e-19
561420,0.0,-1.6043234571593555e-37,9959.330660787744,0.9964229611276759,-5.337065029307186e-19
561480,0.0,-1.6038686890970984e-37,9959.330660787009,0.9964229611276836,-5.335558324271645e-19
561540,0.0,-1.6034134993800609e-37,9959.330660786274,0.9964229611276914,-5.334050219714025e-19
561600,0.0,-1.6029578880082432e-37,9959.330660785537,0.996422961127699,-5.3325407156343265e-19
561660,0.0,-1.6025018549816457e-37,9959.3306607848,0.9964229611277067,-5.33102981203255e-19
561720,0.0,-1.602045400300268e-37,9959.330660784062,0.9964229611277144,-5.329517508908694e-19
561780,0.0,-1.6015885239641103e-37,9959.330660783324,0.9964229611277221,-5.328003806262759e-19
561840,0.0,-1.6011312259731724e-37,9959.330660782585,0.9964229611277299,-5.326488704094746e-19
561900,0.0,-1.600673506327454e-37,9959.330660781845,0.9964229611277375,-5.324972202404655e-19
561960,0.0,-1.6002153650269555e-37,9959.330660781105,0.9964229611277453,-5.323454301192484e-19
562020,0.0,-1.5997568020716772e-37,9959.330660780364,0.9964229611277531,-5.321935000458235e-19
562080,0.0,-1.5992978174616186e-37,9959.330660779622,0.9964229611277609,-5.320414300201907e-19
562140,0.0,-1.59883841119678e-37,9959.33066077888,0.9964229611277685,-5.318892200423501e-19
562200,0.0,-1.5983785832771611e-37,9959.330660778136,0.9964229611277763,-5.317368701123015e-19
562260,0.0,-1.597918333702762e-37,9959.330660777392,0.9964229611277841,-5.315843802300452e-19
562320,0.0,-1.5974576624735826e-37,9959.330660776648,0.9964229611277918,-5.314317503955809e-19
562380,0.0,-1.5969965695896235e-37,9959.330660775902,0.9964229611277997,-5.3127898060890875e-19
562440,0.0,-1.596535055050884e-37,9959.330660775157,0.9964229611278075,-5.3112607087002875e-19
562500,0.0,-1.5960731188573646e-37,9959.33066077441,0.9964229611278153,-5.309730211789409e-19
562560,0.0,-1.5956107610090647e-37,9959.330660773663,0.996422961127823,-5.308198315356452e-19
562620,0.0,-1.5951479815059847e-37,9959.330660772916,0.9964229611278309,-5.3066650194014165e-19
562680,0.0,-1.5946847803481246e-37,9959.330660772166,0.9964229611278387,-5.305130323924301e-19
562740,0.0,-1.5942211575354846e-37,9959.330660771417,0.9964229611278466,-5.303594228925108e-19
562800,0.0,-1.5937571130680643e-37,9959.330660770667,0.9964229611278543,-5.302056734403835e-19
562860,0.0,-1.593292646945864e-37,9959.330660769916,0.9964229611278622,-5.300517840360486e-19
562920,0.0,-1.5928277591688834e-37,9959.330660769165,0.9964229611278701,-5.298977546795055e-19
562980,0.0,-1.5923624497371223e-37,9959.330660768412,0.996422961127878,-5.297435853707547e-19
563040,0.0,-1.5918967186505815e-37,9959.330660767659,0.9964229611278858,-5.295892761097961e-19
563100,0.0,-1.5914305659092608e-37,9959.330660766906,0.9964229611278936,-5.294348268966296e-19
563160,0.0,-1.5909639915131594e-37,9959.33066076615,0.9964229611279015,-5.292802377312551e-19
563220,0.0,-1.590496995462278e-37,9959.330660765396,0.9964229611279094,-5.291255086136729e-19
563280,0.0,-1.5900295777566166e-37,9959.330660764641,0.9964229611279174,-5.289706395438826e-19
563340,0.0,-1.589561738396175e-37,9959.330660763884,0.9964229611279253,-5.288156305218847e-19
563400,0.0,-1.5890934773809533e-37,9959.330660763128,0.9964229611279332,-5.286604815476787e-19
563460,0.0,-1.5886247947109513e-37,9959.33066076237,0.996422961127941,-5.28505192621265e-19
563520,0.0,-1.5881556903861695e-37,9959.330660761612,0.996422961127949,-5.283497637426435e-19
563580,0.0,-1.5876861644066074e-37,9959.330660760852,0.9964229611279569,-5.281941949118139e-19
563640,0.0,-1.587216216772265e-37,9959.330660760093,0.9964229611279649,-5.280384861287766e-19
563700,0.0,-1.5867458474831426e-37,9959.330660759333,0.9964229611279728,-5.278826373935313e-19
563760,0.0,-1.58627505653924e-37,9959.330660758571,0.9964229611279808,-5.277266487060782e-19
563820,0.0,-1.585803843940557e-37,9959.330660757809,0.9964229611279888,-5.275705200664172e-19
563880,0.0,-1.5853322096870945e-37,9959.330660757047,0.9964229611279967,-5.2741425147454845e-19
563940,0.0,-1.5848601537788515e-37,9959.330660756284,0.9964229611280047,-5.272578429304716e-19
564000,0.0,-1.5843876762158283e-37,9959.33066075552,0.9964229611280127,-5.271012944341872e-19
564060,0.0,-1.583914776998025e-37,9959.330660754755,0.9964229611280206,-5.269446059856947e-19
564120,0.0,-1.5834414561254415e-37,9959.33066075399,0.9964229611280286,-5.267877775849944e-19
564180,0.0,-1.5829677135980778e-37,9959.330660753223,0.9964229611280366,-5.266308092320862e-19
564240,0.0,-1.5824935494159344e-37,9959.330660752457,0.9964229611280446,-5.264737009269702e-19
564300,0.0,-1.5820189635790104e-37,9959.33066075169,0.9964229611280526,-5.263164526696462e-19
564360,0.0,-1.5815439560873064e-37,9959.330660750922,0.9964229611280607,-5.261590644601145e-19
564420,0.0,-1.5810685269408223e-37,9959.330660750153,0.9964229611280687,-5.260015362983749e-19
564480,0.0,-1.580592676139558e-37,9959.330660749383,0.9964229611280768,-5.258438681844273e-19
564540,0.0,-1.5801164036835134e-37,9959.330660748614,0.9964229611280848,-5.2568606011827205e-19
564600,0.0,-1.579639709572689e-37,9959.330660747843,0.9964229611280929,-5.255281120999088e-19
564660,0.0,-1.5791625938070843e-37,9959.330660747071,0.9964229611281009,-5.253700241293377e-19
564720,0.0,-1.5786850563866993e-37,9959.330660746298,0.996422961128109,-5.252117962065586e-19
564780,0.0,-1.5782070973115343e-37,9959.330660745527,0.9964229611281171,-5.250534283315718e-19
564840,0.0,-1.5777287165815892e-37,9959.330660744752,0.9964229611281251,-5.248949205043771e-19
564900,0.0,-1.5772499141968639e-37,9959.330660743979,0.9964229611281332,-5.247362727249745e-19
564960,0.0,-1.5767706901573588e-37,9959.330660743204,0.9964229611281413,-5.245774849933641e-19
565020,0.0,-1.576291044463073e-37,9959.330660742427,0.9964229611281494,-5.244185573095457e-19
565080,0.0,-1.5758109771140073e-37,9959.33066074165,0.9964229611281575,-5.242594896735196e-19
565140,0.0,-1.5753304881101614e-37,9959.330660740874,0.9964229611281656,-5.241002820852854e-19
565200,0.0,-1.5748495774515355e-37,9959.330660740097,0.9964229611281739,-5.239409345448435e-19
565260,0.0,-1.5743682451381293e-37,9959.330660739319,0.996422961128182,-5.237814470521937e-19
565320,0.0,-1.573886491169943e-37,9959.330660738538,0.9964229611281901,-5.23621819607336e-19
565380,0.0,-1.5734043155469767e-37,9959.33066073776,0.9964229611281983,-5.234620522102705e-19
565440,0.0,-1.57292171826923e-37,9959.33066073698,0.9964229611282064,-5.233021448609971e-19
565500,0.0,-1.5724386993367034e-37,9959.330660736197,0.9964229611282146,-5.231420975595159e-19
565560,0.0,-1.5719552587493965e-37,9959.330660735415,0.9964229611282227,-5.229819103058267e-19
565620,0.0,-1.5714713965073093e-37,9959.330660734633,0.9964229611282309,-5.228215830999296e-19
565680,0.0,-1.5709871126104422e-37,9959.33066073385,0.996422961128239,-5.226611159418249e-19
565740,0.0,-1.5705024070587953e-37,9959.330660733067,0.9964229611282472,-5.225005088315121e-19
565800,0.0,-1.5700172798523678e-37,9959.330660732281,0.9964229611282555,-5.223397617689914e-19
565860,0.0,-1.56953173099116e-37,9959.330660731497,0.9964229611282637,-5.22178874754263e-19
565920,0.0,-1.5690457604751722e-37,9959.33066073071,0.9964229611282719,-5.220178477873266e-19
565980,0.0,-1.5685593683044046e-37,9959.330660729924,0.9964229611282801,-5.218566808681824e-19
566040,0.0,-1.5680725544788564e-37,9959.330660729136,0.9964229611282883,-5.216953739968303e-19
566100,0.0,-1.5675853189985287e-37,9959.330660728348,0.9964229611282965,-5.215339271732704e-19
566160,0.0,-1.5670976618634203e-37,9959.330660727559,0.9964229611283049,-5.213723403975026e-19
566220,0.0,-1.5666095830735318e-37,9959.33066072677,0.9964229611283131,-5.21210613669527e-19
566280,0.0,-1.566121082628863e-37,9959.33066072598,0.9964229611283213,-5.210487469893432e-19
566340,0.0,-1.5656321605294145e-37,9959.330660725189,0.9964229611283296,-5.2088674035695185e-19
566400,0.0,-1.5651428167751857e-37,9959.330660724398,0.9964229611283378,-5.207245937723526e-19
566460,0.0,-1.5646530513661769e-37,9959.330660723605,0.9964229611283462,-5.205623072355455e-19
566520,0.0,-1.5641628643023877e-37,9959.330660722813,0.9964229611283544,-5.203998807465304e-19
566580,0.0,-1.5636722555838182e-37,9959.330660722018,0.9964229611283627,-5.202373143053075e-19
566640,0.0,-1.5631812252104687e-37,9959.330660721225,0.996422961128371,-5.200746079118767e-19
566700,0.0,-1.5626897731823394e-37,9959.33066072043,0.9964229611283794,-5.199117615662381e-19
566760,0.0,-1.5621978994994297e-37,9959.330660719634,0.9964229611283876,-5.197487752683915e-19
566820,0.0,-1.5617056041617401e-37,9959.330660718837,0.9964229611283959,-5.195856490183372e-19
566880,0.0,-1.5612128871692701e-37,9959.33066071804,0.9964229611284042,-5.19422382816075e-19
566940,0.0,-1.5607197485220198e-37,9959.330660717244,0.9964229611284127,-5.192589766616049e-19
567000,0.0,-1.5602261882199894e-37,9959.330660716445,0.996422961128421,-5.19095430554927e-19
567060,0.0,-1.5597322062631791e-37,9959.330660715645,0.9964229611284293,-5.189317444960411e-19
567120,0.0,-1.5592378026515886e-37,9959.330660714846,0.9964229611284376,-5.187679184849474e-19
567180,0.0,-1.5587429773852178e-37,9959.330660714046,0.996422961128446,-5.186039525216457e-19
567240,0.0,-1.558247730464067e-37,9959.330660713244,0.9964229611284544,-5.184398466061363e-19
567300,0.0,-1.557752061888136e-37,9959.330660712441,0.9964229611284627,-5.18275600738419e-19
567360,0.0,-1.5572559716574248e-37,9959.33066071164,0.9964229611284712,-5.181112149184938e-19
567420,0.0,-1.5567594597719334e-37,9959.330660710837,0.9964229611284795,-5.179466891463607e-19
567480,0.0,-1.5562625262316623e-37,9959.330660710033,0.9964229611284879,-5.177820234220198e-19
567540,0.0,-1.5557651710366109e-37,9959.330660709227,0.9964229611284964,-5.17617217745471e-19
567600,0.0,-1.555267394186779e-37,9959.330660708421,0.9964229611285048,-5.174522721167144e-19
567660,0.0,-1.5547691956821672e-37,9959.330660707616,0.9964229611285133,-5.172871865357499e-19
567720,0.0,-1.5542705755227752e-37,9959.33066070681,0.9964229611285216,-5.171219610025774e-19
567780,0.0,-1.553771533708603e-37,9959.330660706002,0.99642296112853,-5.169565955171972e-19
567840,0.0,-1.553272070239651e-37,9959.330660705195,0.9964229611285386,-5.167910900796091e-19
567900,0.0,-1.5527721851159185e-37,9959.330660704385,0.996422961128547,-5.166254446898131e-19
567960,0.0,-1.552271878337406e-37,9959.330660703576,0.9964229611285554,-5.164596593478092e-19
568020,0.0,-1.5517711499041134e-37,9959.330660702766,0.9964229611285639,-5.162937340535975e-19
568080,0.0,-1.5512699998160406e-37,9959.330660701955,0.9964229611285723,-5.1612766880717785e-19
568140,0.0,-1.5507684280731876e-37,9959.330660701144,0.9964229611285809,-5.159614636085504e-19
568200,0.0,-1.5502664346755546e-37,9959.33066070033,0.9964229611285893,-5.157951184577151e-19
568260,0.0,-1.5497640196231412e-37,9959.330660699517,0.9964229611285979,-5.156286333546719e-19
568320,0.0,-1.549261182915948e-37,9959.330660698704,0.9964229611286063,-5.154620082994208e-19
568380,0.0,-1.5487579245539742e-37,9959.33066069789,0.9964229611286148,-5.152952432919618e-19
568440,0.0,-1.5482542445372206e-37,9959.330660697075,0.9964229611286234,-5.151283383322951e-19
568500,0.0,-1.5477501428656867e-37,9959.33066069626,0.9964229611286318,-5.149612934204203e-19
568560,0.0,-1.547245619539373e-37,9959.330660695443,0.9964229611286404,-5.147941085563378e-19
568620,0.0,-1.546740674558279e-37,9959.330660694626,0.9964229611286489,-5.146267837400475e-19
568680,0.0,-1.5462353079224046e-37,9959.330660693808,0.9964229611286575,-5.1445931897154915e-19
568740,0.0,-1.54572951963175e-37,9959.33066069299,0.996422961128666,-5.142917142508429e-19
568800,0.0,-1.5452233096863156e-37,9959.33066069217,0.9964229611286746,-5.14123969577929e-19
568860,0.0,-1.544716678086101e-37,9959.33066069135,0.9964229611286831,-5.13956084952807e-19
568920,0.0,-1.5442096248311063e-37,9959.33066069053,0.9964229611286918,-5.137880603754774e-19
568980,0.0,-1.5437021499213313e-37,9959.33066068971,0.9964229611287003,-5.136198958459397e-19
569040,0.0,-1.5431942533567763e-37,9959.330660688887,0.9964229611287089,-5.134515913641942e-19
569100,0.0,-1.542685935137441e-37,9959.330660688065,0.9964229611287175,-5.132831469302409e-19
569160,0.0,-1.5421771952633255e-37,9959.330660687241,0.9964229611287261,-5.131145625440796e-19
569220,0.0,-1.54166803373443e-37,9959.330660686417,0.9964229611287347,-5.129458382057105e-19
569280,0.0,-1.5411584505507543e-37,9959.330660685593,0.9964229611287433,-5.127769739151335e-19
569340,0.0,-1.5406484457122987e-37,9959.330660684767,0.996422961128752,-5.126079696723487e-19
569400,0.0,-1.5401380192190627e-37,9959.330660683941,0.9964229611287606,-5.124388254773559e-19
569460,0.0,-1.5396271710710467e-37,9959.330660683114,0.9964229611287693,-5.122695413301554e-19
569520,0.0,-1.5391159012682503e-37,9959.330660682288,0.9964229611287778,-5.12100117230747e-19
569580,0.0,-1.538604209810674e-37,9959.330660681459,0.9964229611287865,-5.119305531791307e-19
569640,0.0,-1.5380920966983173e-37,9959.33066068063,0.9964229611287951,-5.117608491753065e-19
569700,0.0,-1.5375795619311808e-37,9959.330660679801,0.9964229611288038,-5.115910052192745e-19
569760,0.0,-1.537066605509264e-37,9959.33066067897,0.9964229611288126,-5.114210213110345e-19
569820,0.0,-1.5365532274325672e-37,9959.33066067814,0.9964229611288212,-5.112508974505868e-19
569880,0.0,-1.5360394277010898e-37,9959.330660677308,0.9964229611288299,-5.110806336379311e-19
569940,0.0,-1.5355252063148327e-37,9959.330660676476,0.9964229611288385,-5.109102298730676e-19
570000,0.0,-1.5350105632737953e-37,9959.330660675643,0.9964229611288473,-5.107396861559962e-19
570060,0.0,-1.534495498577978e-37,9959.33066067481,0.996422961128856,-5.10569002486717e-19
570120,0.0,-1.5339800122273804e-37,9959.330660673975,0.9964229611288647,-5.1039817886522985e-19
570180,0.0,-1.5334641042220025e-37,9959.33066067314,0.9964229611288734,-5.102272152915348e-19
570240,0.0,-1.5329477745618443e-37,9959.330660672304,0.9964229611288822,-5.10056111765632e-19
570300,0.0,-1.5324310232469065e-37,9959.330660671469,0.996422961128891,-5.098848682875213e-19
570360,0.0,-1.5319138502771882e-37,9959.33066067063,0.9964229611288996,-5.097134848572027e-19
570420,0.0,-1.53139625565269e-37,9959.330660669793,0.9964229611289084,-5.095419614746762e-19
570480,0.0,-1.5308782393734115e-37,9959.330660668955,0.9964229611289172,-5.093702981399419e-19
570540,0.0,-1.5303598014393527e-37,9959.330660668116,0.9964229611289259,-5.091984948529997e-19
570600,0.0,-1.5298409418505138e-37,9959.330660667276,0.9964229611289347,-5.090265516138497e-19
570660,0.0,-1.529321660606895e-37,9959.330660666436,0.9964229611289435,-5.088544684224917e-19
570720,0.0,-1.5288019577084958e-37,9959.330660665593,0.9964229611289523,-5.08682245278926e-19
570780,0.0,-1.5282818331553169e-37,9959.330660664751,0.9964229611289611,-5.085098821831523e-19
570840,0.0,-1.5277612869473575e-37,9959.330660663909,0.9964229611289699,-5.083373791351706e-19
570900,0.0,-1.5272403190846178e-37,9959.330660663067,0.9964229611289787,-5.081647361349814e-19
570960,0.0,-1.5267189295670982e-37,9959.330660662223,0.9964229611289875,-5.079919531825841e-19
571020,0.0,-1.5261971183947985e-37,9959.330660661377,0.9964229611289963,-5.078190302779789e-19
571080,0.0,-1.5256748855677185e-37,9959.330660660533,0.9964229611290052,-5.076459674211659e-19
571140,0.0,-1.5251522310858583e-37,9959.330660659685,0.9964229611290141,-5.07472764612145e-19
571200,0.0,-1.5246291549492181e-37,9959.33066065884,0.9964229611290228,-5.072994218509162e-19
571260,0.0,-1.5241056571577978e-37,9959.330660657992,0.9964229611290317,-5.071259391374796e-19
571320,0.0,-1.5235817377115973e-37,9959.330660657144,0.9964229611290406,-5.069523164718352e-19
571380,0.0,-1.5230573966106166e-37,9959.330660656295,0.9964229611290495,-5.067785538539828e-19
571440,0.0,-1.522532633854856e-37,9959.330660655445,0.9964229611290584,-5.066046512839226e-19
571500,0.0,-1.522007449444315e-37,9959.330660654596,0.9964229611290673,-5.064306087616545e-19
571560,0.0,-1.521481843378994e-37,9959.330660653744,0.9964229611290761,-5.062564262871785e-19
571620,0.0,-1.5209558156588928e-37,9959.330660652893,0.996422961129085,-5.060821038604947e-19
571680,0.0,-1.5204293662840113e-37,9959.33066065204,0.9964229611290939,-5.059076414816031e-19
571740,0.0,-1.5199024952543498e-37,9959.330660651187,0.9964229611291028,-5.057330391505034e-19
571800,0.0,-1.5193752025699085e-37,9959.330660650334,0.9964229611291118,-5.055582968671961e-19
571860,0.0,-1.5188474882306866e-37,9959.330660649479,0.9964229611291207,-5.053834146316808e-19
571920,0.0,-1.5183193522366846e-37,9959.330660648624,0.9964229611291296,-5.052083924439576e-19
571980,0.0,-1.5177907945879026e-37,9959.330660647769,0.9964229611291385,-5.050332303040265e-19
572040,0.0,-1.5172618152843402e-37,9959.330660646912,0.9964229611291475,-5.048579282118877e-19
572100,0.0,-1.516732414325998e-37,9959.330660646056,0.9964229611291564,-5.046824861675409e-19
572160,0.0,-1.5162025917128756e-37,9959.330660645197,0.9964229611291654,-5.045069041709863e-19
572220,0.0,-1.515672347444973e-37,9959.330660644338,0.9964229611291744,-5.043311822222237e-19
572280,0.0,-1.5151416815222903e-37,9959.33066064348,0.9964229611291834,-5.041553203212534e-19
572340,0.0,-1.5146105939448272e-37,9959.33066064262,0.9964229611291924,-5.039793184680751e-19
572400,0.0,-1.5140790847125843e-37,9959.33066064176,0.9964229611292014,-5.03803176662689e-19
572460,0.0,-1.5135471538255609e-37,9959.330660640899,0.9964229611292104,-5.03626894905095e-19
572520,0.0,-1.5130148012837577e-37,9959.330660640037,0.9964229611292194,-5.034504731952933e-19
572580,0.0,-1.5124820270871742e-37,9959.330660639174,0.9964229611292283,-5.032739115332835e-19
572640,0.0,-1.5119488312358105e-37,9959.33066063831,0.9964229611292373,-5.030972099190659e-19
572700,0.0,-1.511415213729667e-37,9959.330660637446,0.9964229611292464,-5.029203683526405e-19
572760,0.0,-1.5108811745687429e-37,9959.330660636582,0.9964229611292554,-5.027433868340072e-19
572820,0.0,-1.5103467137530389e-37,9959.330660635716,0.9964229611292645,-5.025662653631659e-19
572880,0.0,-1.509811831282555e-37,9959.33066063485,0.9964229611292735,-5.023890039401169e-19
572940,0.0,-1.5092765271572904e-37,9959.330660633983,0.9964229611292826,-5.0221160256486e-19
573000,0.0,-1.508740801377246e-37,9959.330660633115,0.9964229611292916,-5.020340612373952e-19
573060,0.0,-1.5082046539424214e-37,9959.330660632248,0.9964229611293007,-5.018563799577225e-19
573120,0.0,-1.5076680848528165e-37,9959.330660631378,0.9964229611293098,-5.01678558725842e-19
573180,0.0,-1.5071310941084317e-37,9959.330660630509,0.9964229611293189,-5.015005975417537e-19
573240,0.0,-1.5065936817092665e-37,9959.33066062964,0.9964229611293279,-5.013224964054573e-19
573300,0.0,-1.5060558476553215e-37,9959.330660628768,0.996422961129337,-5.011442553169532e-19
573360,0.0,-1.5055175919465962e-37,9959.330660627897,0.9964229611293461,-5.009658742762412e-19
573420,0.0,-1.5049789145830906e-37,9959.330660627023,0.9964229611293554,-5.007873532833214e-19
573480,0.0,-1.504439815564805e-37,9959.33066062615,0.9964229611293645,-5.006086923381936e-19
573540,0.0,-1.5039002948917393e-37,9959.330660625277,0.9964229611293736,-5.004298914408579e-19
573600,0.0,-1.5033603525638933e-37,9959.330660624402,0.9964229611293827,-5.002509505913145e-19
573660,0.0,-1.5028199885812675e-37,9959.330660623527,0.9964229611293919,-5.000718697895631e-19
573720,0.0,-1.5022792029438613e-37,9959.330660622652,0.996422961129401,-4.998926490356039e-19
573780,0.0,-1.501737995651675e-37,9959.330660621776,0.9964229611294102,-4.9971328832943685e-19
573840,0.0,-1.5011963667047084e-37,9959.330660620899,0.9964229611294193,-4.995337876710619e-19
573900,0.0,-1.5006543161029617e-37,9959.33066062002,0.9964229611294285,-4.993541470604791e-19
573960,0.0,-1.5001118438464349e-37,9959.330660619142,0.9964229611294376,-4.991743664976885e-19
574020,0.0,-1.4995689499351282e-37,9959.330660618263,0.9964229611294468,-4.989944459826899e-19
574080,0.0,-1.4990256343690412e-37,9959.330660617383,0.996422961129456,-4.988143855154835e-19
574140,0.0,-1.498481897148174e-37,9959.330660616502,0.9964229611294653,-4.986341850960692e-19
574200,0.0,-1.4979377382725265e-37,9959.330660615622,0.9964229611294745,-4.98453844724447e-19
574260,0.0,-1.4973931577420992e-37,9959.33066061474,0.9964229611294837,-4.982733644006171e-19
574320,0.0,-1.4968481555568915e-37,9959.330660613858,0.9964229611294929,-4.980927441245791e-19
574380,0.0,-1.496302731716904e-37,9959.330660612974,0.9964229611295021,-4.979119838963334e-19
574440,0.0,-1.495756886222136e-37,9959.33066061209,0.9964229611295113,-4.977310837158797e-19
574500,0.0,-1.495210619072588e-37,9959.330660611206,0.9964229611295206,-4.975500435832183e-19
574560,0.0,-1.4946639302682596e-37,9959.33066061032,0.9964229611295299,-4.973688634983488e-19
574620,0.0,-1.4941168198091515e-37,9959.330660609434,0.9964229611295391,-4.971875434612716e-19
574680,0.0,-1.493569287695263e-37,9959.330660608546,0.9964229611295484,-4.970060834719865e-19
574740,0.0,-1.4930213339265946e-37,9959.330660607659,0.9964229611295576,-4.968244835304937e-19
574800,0.0,-1.4924729585031458e-37,9959.33066060677,0.996422961129567,-4.966427436367927e-19
574860,0.0,-1.4919241614249167e-37,9959.330660605881,0.9964229611295762,-4.96460863790884e-19
574920,0.0,-1.4913749426919075e-37,9959.330660604992,0.9964229611295855,-4.962788439927675e-19
574980,0.0,-1.4908253023041187e-37,9959.330660604102,0.9964229611295948,-4.960966842424431e-19
575040,0.0,-1.4902752402615492e-37,9959.330660603211,0.9964229611296042,-4.959143845399107e-19
575100,0.0,-1.4897247565642e-37,9959.33066060232,0.9964229611296135,-4.957319448851706e-19
575160,0.0,-1.4891738512120704e-37,9959.330660601427,0.9964229611296228,-4.955493652782225e-19
575220,0.0,-1.4886225242051603e-37,9959.330660600534,0.9964229611296321,-4.953666457190666e-19
575280,0.0,-1.4880707755434704e-37,9959.33066059964,0.9964229611296415,-4.951837862077028e-19
575340,0.0,-1.4875186052270004e-37,9959.330660598745,0.9964229611296508,-4.950007867441311e-19
575400,0.0,-1.4869660132557505e-37,9959.33066059785,0.9964229611296601,-4.948176473283516e-19
575460,0.0,-1.48641299962972e-37,9959.330660596956,0.9964229611296695,-4.946343679603643e-19
575520,0.0,-1.4858595643489098e-37,9959.330660596059,0.9964229611296789,-4.94450948640169e-19
575580,0.0,-1.485305707413319e-37,9959.330660595162,0.9964229611296882,-4.942673893677658e-19
575640,0.0,-1.4847514288229484e-37,9959.330660594263,0.9964229611296976,-4.940836901431549e-19
575700,0.0,-1.4841967285777974e-37,9959.330660593365,0.996422961129707,-4.93899850966336e-19
575760,0.0,-1.4836416066778665e-37,9959.330660592466,0.9964229611297164,-4.937158718373093e-19
575820,0.0,-1.4830860631231554e-37,9959.330660591566,0.9964229611297258,-4.935317527560747e-19
575880,0.0,-1.482530097913664e-37,9959.330660590666,0.9964229611297353,-4.933474937226323e-19
575940,0.0,-1.4819737110493925e-37,9959.330660589765,0.9964229611297446,-4.93163094736982e-19
576000,0.0,-1.481416902530341e-37,9959.330660588863,0.996422961129754,-4.929785557991238e-19
576060,0.0,-1.4808596723565093e-37,9959.330660587959,0.9964229611297635,-4.927938769090576e-19
576120,0.0,-1.4803020205278977e-37,9959.330660587057,0.9964229611297729,-4.926090580667837e-19
576180,0.0,-1.4797439470445054e-37,9959.330660586153,0.9964229611297823,-4.924240992723019e-19
576240,0.0,-1.4791854519063332e-37,9959.330660585247,0.9964229611297918,-4.922390005256123e-19
576300,0.0,-1.4786265351133809e-37,9959.330660584343,0.9964229611298013,-4.920537618267147e-19
576360,0.0,-1.4780671966656486e-37,9959.330660583437,0.9964229611298108,-4.918683831756093e-19
576420,0.0,-1.4775074365631358e-37,9959.33066058253,0.9964229611298202,-4.916828645722961e-19
576480,0.0,-1.4769472548058434e-37,9959.330660581621,0.9964229611298298,-4.914972060167749e-19
576540,0.0,-1.4763866513937705e-37,9959.330660580714,0.9964229611298392,-4.913114075090459e-19
576600,0.0,-1.4758256263269175e-37,9959.330660579804,0.9964229611298487,-4.91125469049109e-19
576660,0.0,-1.4752641796052843e-37,9959.330660578895,0.9964229611298582,-4.909393906369641e-19
576720,0.0,-1.474702311228871e-37,9959.330660577985,0.9964229611298677,-4.907531722726116e-19
576780,0.0,-1.4741400211976774e-37,9959.330660577074,0.9964229611298773,-4.905668139560512e-19
576840,0.0,-1.4735773095117041e-37,9959.330660576163,0.9964229611298868,-4.903803156872829e-19
576900,0.0,-1.4730141761709504e-37,9959.33066057525,0.9964229611298963,-4.901936774663065e-19
576960,0.0,-1.4724506211754166e-37,9959.330660574336,0.9964229611299058,-4.900068992931226e-19
577020,0.0,-1.4718866445251024e-37,9959.330660573423,0.9964229611299154,-4.898199811677305e-19
577080,0.0,-1.4713222462200084e-37,9959.330660572508,0.9964229611299249,-4.896329230901307e-19
577140,0.0,-1.470757426260134e-37,9959.330660571593,0.9964229611299346,-4.89445725060323e-19
577200,0.0,-1.4701921846454795e-37,9959.330660570678,0.9964229611299441,-4.892583870783075e-19
577260,0.0,-1.4696265213760452e-37,9959.330660569762,0.9964229611299537,-4.89070909144084e-19
577320,0.0,-1.4690604364518303e-37,9959.330660568845,0.9964229611299632,-4.888832912576527e-19
577380,0.0,-1.4684939298728354e-37,9959.330660567926,0.9964229611299729,-4.886955334190136e-19
577440,0.0,-1.4679270016390604e-37,9959.330660567008,0.9964229611299824,-4.885076356281666e-19
577500,0.0,-1.4673596517505054e-37,9959.33066056609,0.9964229611299921,-4.883195978851117e-19
577560,0.0,-1.46679188020717e-37,9959.330660565169,0.9964229611300016,-4.881314201898488e-19
577620,0.0,-1.4662236870090547e-37,9959.330660564248,0.9964229611300113,-4.879431025423782e-19
577680,0.0,-1.4656550721561592e-37,9959.330660563326,0.9964229611300209,-4.877546449426997e-19
577740,0.0,-1.4650860356484835e-37,9959.330660562404,0.9964229611300305,-4.875660473908133e-19
577800,0.0,-1.4645165774860277e-37,9959.330660561482,0.9964229611300401,-4.87377309886719e-19
577860,0.0,-1.4639466976687916e-37,9959.33066056056,0.9964229611300498,-4.87188432430417e-19
577920,0.0,-1.4633763961967754e-37,9959.330660559635,0.9964229611300595,-4.86999415021907e-19
577980,0.0,-1.4628056730699793e-37,9959.33066055871,0.9964229611300691,-4.868102576611892e-19
578040,0.0,-1.462234528288403e-37,9959.330660557784,0.9964229611300788,-4.866209603482634e-19
578100,0.0,-1.4616629618520462e-37,9959.330660556858,0.9964229611300884,-4.864315230831299e-19
578160,0.0,-1.4610909737609093e-37,9959.330660555932,0.9964229611300982,-4.862419458657883e-19
578220,0.0,-1.4605185640149927e-37,9959.330660555004,0.9964229611301079,-4.86052228696239e-19
578280,0.0,-1.4599457326142956e-37,9959.330660554075,0.9964229611301175,-4.858623715744819e-19
578340,0.0,-1.4593724795588189e-37,9959.330660553147,0.9964229611301273,-4.856723745005169e-19
578400,0.0,-1.4587988048485615e-37,9959.330660552218,0.996422961130137,-4.854822374743439e-19
578460,0.0,-1.458224708483524e-37,9959.330660551286,0.9964229611301467,-4.852919604959631e-19
578520,0.0,-1.4576501904637062e-37,9959.330660550355,0.9964229611301564,-4.851015435653744e-19
578580,0.0,-1.4570752507891087e-37,9959.330660549424,0.9964229611301662,-4.849109866825779e-19
578640,0.0,-1.4564998894597309e-37,9959.330660548492,0.9964229611301759,-4.847202898475735e-19
578700,0.0,-1.455924106475573e-37,9959.33066054756,0.9964229611301857,-4.845294530603613e-19
578760,0.0,-1.4553479018366348e-37,9959.330660546624,0.9964229611301954,-4.843384763209411e-19
578820,0.0,-1.4547712755429165e-37,9959.330660545691,0.9964229611302051,-4.841473596293131e-19
578880,0.0,-1.454194227594418e-37,9959.330660544756,0.9964229611302149,-4.839561029854772e-19
578940,0.0,-1.4536167579911396e-37,9959.33066054382,0.9964229611302248,-4.837647063894335e-19
579000,0.0,-1.453038866733081e-37,9959.330660542882,0.9964229611302345,-4.835731698411819e-19
579060,0.0,-1.4524605538202423e-37,9959.330660541946,0.9964229611302443,-4.833814933407225e-19
579120,0.0,-1.4518818192526232e-37,9959.330660541009,0.9964229611302541,-4.83189676888055e-19
579180,0.0,-1.4513026630302238e-37,9959.33066054007,0.9964229611302639,-4.8299772048317985e-19
579240,0.0,-1.4507230851530446e-37,9959.33066053913,0.9964229611302737,-4.828056241260969e-19
579300,0.0,-1.450143085621085e-37,9959.33066053819,0.9964229611302835,-4.826133878168058e-19
579360,0.0,-1.4495626644343458e-37,9959.330660537249,0.9964229611302934,-4.82421011555307e-19
579420,0.0,-1.448981821592826e-37,9959.330660536309,0.9964229611303032,-4.822284953416003e-19
579480,0.0,-1.4484005570965262e-37,9959.330660535366,0.996422961130313,-4.820358391756857e-19
579540,0.0,-1.4478188709454462e-37,9959.330660534424,0.9964229611303229,-4.818430430575634e-19
579600,0.0,-1.4472367631395862e-37,9959.33066053348,0.9964229611303328,-4.816501069872331e-19
579660,0.0,-1.4466542336789458e-37,9959.330660532536,0.9964229611303427,-4.814570309646949e-19
579720,0.0,-1.4460712825635257e-37,9959.330660531592,0.9964229611303524,-4.812638149899489e-19
579780,0.0,-1.445487909793325e-37,9959.330660530646,0.9964229611303623,-4.81070459062995e-19
579840,0.0,-1.4449041153683442e-37,9959.3306605297,0.9964229611303722,-4.808769631838333e-19
579900,0.0,-1.4443198992885834e-37,9959.330660528753,0.9964229611303822,-4.806833273524636e-19
579960,0.0,-1.4437352615540425e-37,9959.330660527805,0.9964229611303921,-4.804895515688861e-19
580020,0.0,-1.4431502021647213e-37,9959.330660526857,0.996422961130402,-4.802956358331006e-19
580080,0.0,-1.4425647211206203e-37,9959.330660525908,0.9964229611304118,-4.801015801451075e-19
580140,0.0,-1.4419788184217388e-37,9959.330660524958,0.9964229611304218,-4.799073845049065e-19
580200,0.0,-1.4413924940680773e-37,9959.330660524009,0.9964229611304317,-4.797130489124975e-19
580260,0.0,-1.4408057480596356e-37,9959.330660523057,0.9964229611304417,-4.795185733678806e-19
580320,0.0,-1.4402185803964137e-37,9959.330660522106,0.9964229611304516,-4.79323957871056e-19
580380,0.0,-1.4396309910784117e-37,9959.330660521153,0.9964229611304616,-4.791292024220233e-19
580440,0.0,-1.4390429801056299e-37,9959.3306605202,0.9964229611304716,-4.78934307020783e-19
580500,0.0,-1.4384545474780675e-37,9959.330660519247,0.9964229611304815,-4.787392716673345e-19
580560,0.0,-1.4378656931957251e-37,9959.330660518292,0.9964229611304914,-4.785440963616785e-19
580620,0.0,-1.4372764172586026e-37,9959.330660517337,0.9964229611305014,-4.783487811038143e-19
580680,0.0,-1.4366867196666999e-37,9959.330660516382,0.9964229611305114,-4.781533258937424e-19
580740,0.0,-1.436096600420017e-37,9959.330660515425,0.9964229611305214,-4.779577307314626e-19
580800,0.0,-1.4355060595185544e-37,9959.330660514466,0.9964229611305314,-4.777619956169751e-19
580860,0.0,-1.4349150969623112e-37,9959.33066051351,0.9964229611305414,-4.775661205502795e-19
580920,0.0,-1.434323712751288e-37,9959.33066051255,0.9964229611305514,-4.7737010553137605e-19
580980,0.0,-1.4337319068854844e-37,9959.33066051159,0.9964229611305615,-4.771739505602649e-19
581040,0.0,-1.4331396793649009e-37,9959.330660510632,0.9964229611305715,-4.769776556369457e-19
581100,0.0,-1.4325470301895372e-37,9959.330660509671,0.9964229611305816,-4.767812207614187e-19
581160,0.0,-1.4319539593593933e-37,9959.33066050871,0.9964229611305916,-4.765846459336838e-19
581220,0.0,-1.4313604668744697e-37,9959.330660507747,0.9964229611306017,-4.763879311537412e-19
581280,0.0,-1.4307665527347655e-37,9959.330660506785,0.9964229611306117,-4.761910764215905e-19
581340,0.0,-1.4301722169402813e-37,9959.33066050582,0.9964229611306218,-4.759940817372321e-19
581400,0.0,-1.4295774594910167e-37,9959.330660504856,0.9964229611306319,-4.757969471006657e-19
581460,0.0,-1.4289822803869724e-37,9959.330660503892,0.9964229611306419,-4.755996725118916e-19
581520,0.0,-1.4283866796281475e-37,9959.330660502927,0.996422961130652,-4.754022579709094e-19
581580,0.0,-1.427790657214543e-37,9959.33066050196,0.9964229611306621,-4.752047034777195e-19
581640,0.0,-1.427194213146158e-37,9959.330660500993,0.9964229611306722,-4.750070090323217e-19
581700,0.0,-1.426597347422993e-37,9959.330660500025,0.9964229611306823,-4.748091746347161e-19
581760,0.0,-1.4260000600450475e-37,9959.330660499058,0.9964229611306924,-4.746112002849025e-19
581820,0.0,-1.4254023510123222e-37,9959.330660498088,0.9964229611307026,-4.744130859828811e-19
581880,0.0,-1.4248042203248166e-37,9959.330660497119,0.9964229611307127,-4.742148317286518e-19
581940,0.0,-1.4242056679825311e-37,9959.330660496149,0.9964229611307228,-4.740164375222146e-19
582000,0.0,-1.4236066939854653e-37,9959.330660495178,0.996422961130733,-4.738179033635696e-19
582060,0.0,-1.4230072983336194e-37,9959.330660494206,0.9964229611307431,-4.736192292527167e-19
582120,0.0,-1.422407481026993e-37,9959.330660493233,0.9964229611307533,-4.734204151896561e-19
582180,0.0,-1.421807242065587e-37,9959.33066049226,0.9964229611307635,-4.732214611743874e-19
582240,0.0,-1.4212065814494006e-37,9959.330660491287,0.9964229611307737,-4.73022367206911e-19
582300,0.0,-1.4206054991784343e-37,9959.330660490312,0.9964229611307838,-4.7282313328722655e-19
582360,0.0,-1.4200039952526876e-37,9959.330660489337,0.996422961130794,-4.726237594153344e-19
582420,0.0,-1.419402069672161e-37,9959.330660488362,0.9964229611308042,-4.724242455912343e-19
582480,0.0,-1.4187997224368537e-37,9959.330660487385,0.9964229611308144,-4.722245918149262e-19
582540,0.0,-1.4181969535467668e-37,9959.330660486408,0.9964229611308246,-4.720247980864105e-19
582600,0.0,-1.4175937630018994e-37,9959.33066048543,0.9964229611308348,-4.718248644056868e-19
582660,0.0,-1.4169901508022523e-37,9959.330660484451,0.996422961130845,-4.716247907727553e-19
582720,0.0,-1.4163861169478248e-37,9959.330660483472,0.9964229611308553,-4.714245771876157e-19
582780,0.0,-1.4157816614386172e-37,9959.330660482492,0.9964229611308656,-4.712242236502686e-19
582840,0.0,-1.4151767842746292e-37,9959.330660481512,0.9964229611308758,-4.710237301607133e-19
582900,0.0,-1.4145714854558615e-37,9959.33066048053,0.996422961130886,-4.708230967189503e-19
582960,0.0,-1.4139657649823133e-37,9959.330660479547,0.9964229611308963,-4.706223233249793e-19
583020,0.0,-1.4133596228539853e-37,9959.330660478565,0.9964229611309066,-4.704214099788007e-19
583080,0.0,-1.412753059070877e-37,9959.33066047758,0.9964229611309169,-4.7022035668041395e-19
583140,0.0,-1.4121460736329882e-37,9959.330660476597,0.9964229611309271,-4.700191634298194e-19
583200,0.0,-1.4115386665403195e-37,9959.330660475613,0.9964229611309374,-4.69817830227017e-19
583260,0.0,-1.4109308377928706e-37,9959.330660474627,0.9964229611309477,-4.696163570720068e-19
583320,0.0,-1.410322587390642e-37,9959.33066047364,0.9964229611309581,-4.694147439647887e-19
583380,0.0,-1.4097139153336327e-37,9959.330660472653,0.9964229611309683,-4.692129909053627e-19
583440,0.0,-1.4091048216218437e-37,9959.330660471665,0.9964229611309786,-4.690110978937289e-19
583500,0.0,-1.4084953062552741e-37,9959.330660470678,0.9964229611309889,-4.688090649298871e-19
583560,0.0,-1.4078853692339246e-37,9959.330660469688,0.9964229611309993,-4.686068920138376e-19
583620,0.0,-1.407275010557795e-37,9959.330660468699,0.9964229611310097,-4.6840457914558e-19
583680,0.0,-1.4066642302268854e-37,9959.33066046771,0.99642296113102,-4.682021263251148e-19
583740,0.0,-1.4060530282411955e-37,9959.330660466718,0.9964229611310303,-4.679995335524417e-19
583800,0.0,-1.4054414046007253e-37,9959.330660465726,0.9964229611310407,-4.677968008275605e-19
583860,0.0,-1.404829359305475e-37,9959.330660464733,0.9964229611310511,-4.675939281504716e-19
583920,0.0,-1.4042168923554447e-37,9959.33066046374,0.9964229611310614,-4.673909155211748e-19
583980,0.0,-1.4036040037506342e-37,9959.330660462747,0.9964229611310719,-4.671877629396701e-19
584040,0.0,-1.4029906934910439e-37,9959.330660461752,0.9964229611310822,-4.669844704059575e-19
584100,0.0,-1.402376961576673e-37,9959.330660460757,0.9964229611310926,-4.667810379200372e-19
584160,0.0,-1.4017628080075221e-37,9959.330660459762,0.9964229611311031,-4.66577465481909e-19
584220,0.0,-1.4011482327835909e-37,9959.330660458765,0.9964229611311135,-4.663737530915727e-19
584280,0.0,-1.4005332359048797e-37,9959.330660457768,0.9964229611311238,-4.661699007490288e-19
584340,0.0,-1.3999178173713883e-37,9959.33066045677,0.9964229611311343,-4.659659084542769e-19
584400,0.0,-1.3993019771831172e-37,9959.330660455771,0.9964229611311447,-4.657617762073172e-19
584460,0.0,-1.3986857153400654e-37,9959.33066045477,0.9964229611311551,-4.655575040081496e-19
584520,0.0,-1.3980690318422337e-37,9959.330660453772,0.9964229611311657,-4.6535309185677415e-19
584580,0.0,-1.3974519266896217e-37,9959.330660452772,0.9964229611311761,-4.651485397531908e-19
584640,0.0,-1.3968343998822296e-37,9959.33066045177,0.9964229611311866,-4.649438476973995e-19
584700,0.0,-1.3962164514200574e-37,9959.330660450767,0.996422961131197,-4.647390156894005e-19
584760,0.0,-1.3955980813031053e-37,9959.330660449765,0.9964229611312075,-4.645340437291936e-19
584820,0.0,-1.3949792895313727e-37,9959.33066044876,0.996422961131218,-4.643289318167788e-19
584880,0.0,-1.3943600761048602e-37,9959.330660447757,0.9964229611312285,-4.64123679952156e-19
584940,0.0,-1.3937404410235673e-37,9959.330660446753,0.996422961131239,-4.639182881353254e-19
585000,0.0,-1.3931203842874944e-37,9959.330660445747,0.9964229611312495,-4.637127563662871e-19
585060,0.0,-1.3924999058966412e-37,9959.33066044474,0.99642296113126,-4.635070846450407e-19
585120,0.0,-1.391879005851008e-37,9959.330660443733,0.9964229611312705,-4.633012729715866e-19
585180,0.0,-1.3912576841505948e-37,9959.330660442725,0.996422961131281,-4.630953213459245e-19
585240,0.0,-1.3906359407954015e-37,9959.330660441718,0.9964229611312916,-4.628892297680546e-19
585300,0.0,-1.3900137757854277e-37,9959.330660440708,0.9964229611313021,-4.626829982379769e-19
585360,0.0,-1.3893911891206738e-37,9959.330660439698,0.9964229611313127,-4.624766267556912e-19
585420,0.0,-1.38876818080114e-37,9959.330660438689,0.9964229611313232,-4.622701153211977e-19
585480,0.0,-1.388144750826826e-37,9959.330660437678,0.9964229611313338,-4.620634639344963e-19
585540,0.0,-1.387520899197732e-37,9959.330660436666,0.9964229611313444,-4.618566725955871e-19
585600,0.0,-1.3868966259138575e-37,9959.330660435653,0.996422961131355,-4.616497413044701e-19
585660,0.0,-1.3862719309752032e-37,9959.33066043464,0.9964229611313655,-4.614426700611451e-19
585720,0.0,-1.3856468143817685e-37,9959.330660433627,0.9964229611313762,-4.612354588656123e-19
585780,0.0,-1.3850212761335538e-37,9959.330660432612,0.9964229611313867,-4.610281077178715e-19
585840,0.0,-1.384395316230559e-37,9959.330660431597,0.9964229611313974,-4.608206166179229e-19
585900,0.0,-1.3837689346727839e-37,9959.33066043058,0.9964229611314079,-4.606129855657665e-19
585960,0.0,-1.3831421314602286e-37,9959.330660429563,0.9964229611314186,-4.604052145614023e-19
586020,0.0,-1.3825149065928935e-37,9959.330660428546,0.9964229611314293,-4.601973036048301e-19
586080,0.0,-1.381887260070778e-37,9959.33066042753,0.9964229611314398,-4.599892526960499e-19
586140,0.0,-1.3812591918938822e-37,9959.33066042651,0.9964229611314505,-4.59781061835062e-19
586200,0.0,-1.3806307020622065e-37,9959.33066042549,0.9964229611314611,-4.595727310218664e-19
586260,0.0,-1.3800017905757506e-37,9959.33066042447,0.9964229611314718,-4.593642602564627e-19
586320,0.0,-1.3793724574345148e-37,9959.33066042345,0.9964229611314824,-4.59155649538851e-19
586380,0.0,-1.3787427026384983e-37,9959.330660422429,0.9964229611314931,-4.589468988690317e-19
586440,0.0,-1.3781125261877022e-37,9959.330660421407,0.9964229611315039,-4.587380082470044e-19
586500,0.0,-1.3774819280821256e-37,9959.330660420384,0.9964229611315145,-4.585289776727694e-19
586560,0.0,-1.376850908321769e-37,9959.33066041936,0.9964229611315252,-4.583198071463263e-19
586620,0.0,-1.3762194669066324e-37,9959.330660418336,0.996422961131536,-4.581104966676755e-19
586680,0.0,-1.3755876038367153e-37,9959.33066041731,0.9964229611315466,-4.579010462368168e-19
586740,0.0,-1.3749553191120184e-37,9959.330660416286,0.9964229611315574,-4.576914558537501e-19
586800,0.0,-1.3743226127325412e-37,9959.330660415259,0.996422961131568,-4.574817255184757e-19
586860,0.0,-1.3736894846982838e-37,9959.330660414233,0.9964229611315788,-4.572718552309934e-19
586920,0.0,-1.3730559350092465e-37,9959.330660413205,0.9964229611315896,-4.570618449913031e-19
586980,0.0,-1.372421963665429e-37,9959.330660412177,0.9964229611316002,-4.56851694799405e-19
587040,0.0,-1.371787570666831e-37,9959.330660411148,0.996422961131611,-4.566414046552991e-19
587100,0.0,-1.3711527560134534e-37,9959.330660410118,0.9964229611316218,-4.564309745589853e-19
587160,0.0,-1.3705175197052953e-37,9959.330660409087,0.9964229611316325,-4.562204045104637e-19
587220,0.0,-1.369881861742357e-37,9959.330660408055,0.9964229611316433,-4.56009694509734e-19
587280,0.0,-1.369245782124639e-37,9959.330660407024,0.9964229611316541,-4.557988445567968e-19
587340,0.0,-1.3686092808521405e-37,9959.330660405993,0.9964229611316648,-4.555878546516514e-19
587400,0.0,-1.3679723579248618e-37,9959.33066040496,0.9964229611316757,-4.553767247942982e-19
587460,0.0,-1.367335013342803e-37,9959.330660403924,0.9964229611316865,-4.551654549847372e-19
587520,0.0,-1.366697247105964e-37,9959.330660402891,0.9964229611316973,-4.549540452229684e-19
587580,0.0,-1.3660590592143452e-37,9959.330660401854,0.9964229611317081,-4.547424955089916e-19
587640,0.0,-1.3654204496679462e-37,9959.33066040082,0.9964229611317189,-4.545308058428069e-19
587700,0.0,-1.3647814184667668e-37,9959.330660399783,0.9964229611317298,-4.543189762244145e-19
587760,0.0,-1.3641419656108072e-37,9959.330660398746,0.9964229611317406,-4.541070066538141e-19
587820,0.0,-1.3635020911000679e-37,9959.330660397707,0.9964229611317514,-4.53894897131006e-19
587880,0.0,-1.362861794934548e-37,9959.330660396668,0.9964229611317623,-4.536826476559898e-19
587940,0.0,-1.362221077114248e-37,9959.33066039563,0.9964229611317732,-4.5347025822876585e-19
588000,0.0,-1.3615799376391682e-37,9959.33066039459,0.9964229611317841,-4.53257728849334e-19
588060,0.0,-1.360938376509308e-37,9959.330660393549,0.996422961131795,-4.530450595176943e-19
588120,0.0,-1.3602963937246678e-37,9959.330660392507,0.9964229611318058,-4.528322502338467e-19
588180,0.0,-1.3596539892852472e-37,9959.330660391464,0.9964229611318167,-4.526193009977913e-19
588240,0.0,-1.3590111631910467e-37,9959.330660390422,0.9964229611318276,-4.52406211809528e-19
588300,0.0,-1.3583679154420658e-37,9959.330660389378,0.9964229611318385,-4.521929826690568e-19
588360,0.0,-1.357724246038305e-37,9959.330660388334,0.9964229611318494,-4.519796135763777e-19
588420,0.0,-1.357080154979764e-37,9959.33066038729,0.9964229611318604,-4.517661045314909e-19
588480,0.0,-1.356435642266443e-37,9959.330660386244,0.9964229611318712,-4.515524555343961e-19
588540,0.0,-1.3557907078983416e-37,9959.330660385198,0.9964229611318821,-4.513386665850934e-19
588600,0.0,-1.3551453518754602e-37,9959.33066038415,0.9964229611318931,-4.51124737683583e-19
588660,0.0,-1.3544995741977985e-37,9959.330660383102,0.9964229611319041,-4.509106688298646e-19
588720,0.0,-1.353853374865357e-37,9959.330660382055,0.996422961131915,-4.506964600239383e-19
588780,0.0,-1.353206753878135e-37,9959.330660381005,0.996422961131926,-4.504821112658042e-19
588840,0.0,-1.352559711236133e-37,9959.330660379956,0.996422961131937,-4.502676225554622e-19
588900,0.0,-1.3519122469393508e-37,9959.330660378906,0.996422961131948,-4.500529938929124e-19
588960,0.0,-1.3512643609877886e-37,9959.330660377855,0.9964229611319589,-4.498382252781547e-19
589020,0.0,-1.3506160533814462e-37,9959.330660376803,0.9964229611319699,-4.496233167111891e-19
589080,0.0,-1.3499673241203237e-37,9959.33066037575,0.9964229611319809,-4.494082681920156e-19
589140,0.0,-1.349318173204421e-37,9959.330660374697,0.9964229611319919,-4.491930797206343e-19
589200,0.0,-1.348668600633738e-37,9959.330660373644,0.9964229611320029,-4.48977751297045e-19
589260,0.0,-1.348018606408275e-37,9959.330660372589,0.9964229611320139,-4.48762282921248e-19
589320,0.0,-1.3473681905280318e-37,9959.330660371534,0.996422961132025,-4.485466745932432e-19
589380,0.0,-1.3467173529930086e-37,9959.330660370477,0.996422961132036,-4.483309263130303e-19
589440,0.0,-1.3460660938032052e-37,9959.33066036942,0.996422961132047,-4.481150380806096e-19
589500,0.0,-1.3454144129586219e-37,9959.330660368363,0.9964229611320581,-4.478990098959811e-19
589560,0.0,-1.344762310459258e-37,9959.330660367305,0.9964229611320691,-4.476828417591447e-19
589620,0.0,-1.3441097863051143e-37,9959.330660366246,0.9964229611320802,-4.474665336701005e-19
589680,0.0,-1.34345684049619e-37,9959.330660365187,0.9964229611320913,-4.472500856288483e-19
589740,0.0,-1.342803473032486e-37,9959.330660364127,0.9964229611321024,-4.470334976353883e-19
589800,0.0,-1.3421496839140018e-37,9959.330660363066,0.9964229611321134,-4.468167696897204e-19
589860,0.0,-1.3414954731407374e-37,9959.330660362004,0.9964229611321245,-4.465999017918446e-19
589920,0.0,-1.3408408407126929e-37,9959.330660360944,0.9964229611321356,-4.46382893941761e-19
589980,0.0,-1.3401857866298681e-37,9959.33066035988,0.9964229611321467,-4.461657461394696e-19
590040,0.0,-1.3395303108922632e-37,9959.330660358817,0.9964229611321578,-4.459484583849702e-19
590100,0.0,-1.3388744134998782e-37,9959.330660357753,0.996422961132169,-4.457310306782629e-19
590160,0.0,-1.3382180944527131e-37,9959.330660356687,0.9964229611321801,-4.45513463019348e-19
590220,0.0,-1.337561353750768e-37,9959.330660355621,0.9964229611321912,-4.45295755408225e-19
590280,0.0,-1.3369041913940426e-37,9959.330660354555,0.9964229611322023,-4.450779078448942e-19
590340,0.0,-1.3362466073825368e-37,9959.330660353487,0.9964229611322135,-4.4485992032935545e-19
590400,0.0,-1.3355886017162513e-37,9959.330660352422,0.9964229611322246,-4.446417928616089e-19
590460,0.0,-1.3349301743951852e-37,9959.330660351352,0.9964229611322358,-4.444235254416545e-19
590520,0.0,-1.3342713254193393e-37,9959.330660350282,0.996422961132247,-4.442051180694922e-19
590580,0.0,-1.3336120547887133e-37,9959.330660349213,0.9964229611322581,-4.43986570745122e-19
590640,0.0,-1.332952362503307e-37,9959.330660348143,0.9964229611322694,-4.43767883468544e-19
590700,0.0,-1.3322922485631207e-37,9959.330660347072,0.9964229611322806,-4.435490562397581e-19
590760,0.0,-1.3316317129681541e-37,9959.330660346,0.9964229611322918,-4.4333008905876435e-19
590820,0.0,-1.3309707557184072e-37,9959.330660344927,0.996422961132303,-4.431109819255627e-19
590880,0.0,-1.3303093768138805e-37,9959.330660343854,0.9964229611323142,-4.428917348401532e-19
590940,0.0,-1.3296475762545736e-37,9959.33066034278,0.9964229611323254,-4.4267234780253585e-19
591000,0.0,-1.3289853540404864e-37,9959.330660341706,0.9964229611323366,-4.424528208127106e-19
591060,0.0,-1.3283227101716192e-37,9959.33066034063,0.9964229611323479,-4.422331538706775e-19
591120,0.0,-1.3276596446479718e-37,9959.330660339554,0.9964229611323591,-4.420133469764366e-19
591180,0.0,-1.3269961574695443e-37,9959.330660338477,0.9964229611323704,-4.417934001299877e-19
591240,0.0,-1.3263322486363365e-37,9959.3306603374,0.9964229611323816,-4.41573313331331e-19
591300,0.0,-1.3256679181483488e-37,9959.330660336323,0.9964229611323928,-4.413530865804664e-19
591360,0.0,-1.3250031660055808e-37,9959.330660335245,0.9964229611324041,-4.411327198773939e-19
591420,0.0,-1.3243379922080327e-37,9959.330660334164,0.9964229611324155,-4.409122132221137e-19
591480,0.0,-1.3236723967557043e-37,9959.330660333084,0.9964229611324267,-4.406915666146255e-19
591540,0.0,-1.323006379648596e-37,9959.330660332003,0.996422961132438,-4.404707800549294e-19
591600,0.0,-1.3223399408867076e-37,9959.330660330923,0.9964229611324493,-4.4024985354302545e-19
591660,0.0,-1.3216730804700388e-37,9959.33066032984,0.9964229611324606,-4.400287870789137e-19
591720,0.0,-1.32100579839859e-37,9959.330660328756,0.9964229611324719,-4.398075806625941e-19
591780,0.0,-1.320338094672361e-37,9959.330660327674,0.9964229611324832,-4.395862342940666e-19
591840,0.0,-1.3196699692913518e-37,9959.33066032659,0.9964229611324946,-4.393647479733311e-19
591900,0.0,-1.3190014222555626e-37,9959.330660325504,0.996422961132506,-4.391431217003878e-19
591960,0.0,-1.3183324535649934e-37,9959.330660324418,0.9964229611325173,-4.389213554752367e-19
592020,0.0,-1.3176630632196438e-37,9959.330660323332,0.9964229611325286,-4.386994492978777e-19
592080,0.0,-1.3169932512195141e-37,9959.330660322245,0.9964229611325399,-4.3847740316831085e-19
592140,0.0,-1.3163230175646042e-37,9959.330660321159,0.9964229611325514,-4.38255217086536e-19
592200,0.0,-1.3156523622549143e-37,9959.330660320069,0.9964229611325627,-4.380328910525535e-19
592260,0.0,-1.314981285290444e-37,9959.33066031898,0.9964229611325741,-4.37810425066363e-19
592320,0.0,-1.3143097866711939e-37,9959.33066031789,0.9964229611325854,-4.375878191279647e-19
592380,0.0,-1.3136378663971637e-37,9959.3306603168,0.9964229611325969,-4.373650732373585e-19
592440,0.0,-1.3129655244683531e-37,9959.330660315709,0.9964229611326083,-4.371421873945444e-19
592500,0.0,-1.3122927608847624e-37,9959.330660314617,0.9964229611326196,-4.369191615995224e-19
592560,0.0,-1.3116195756463917e-37,9959.330660313524,0.9964229611326311,-4.366959958522926e-19
592620,0.0,-1.3109459687532406e-37,9959.330660312431,0.9964229611326425,-4.36472690152855e-19
592680,0.0,-1.3102719402053095e-37,9959.330660311338,0.9964229611326539,-4.362492445012095e-19
592740,0.0,-1.3095974900025983e-37,9959.330660310243,0.9964229611326654,-4.36025658897356e-19
592800,0.0,-1.3089226181451067e-37,9959.330660309148,0.9964229611326768,-4.358019333412947e-19
592860,0.0,-1.3082473246328354e-37,9959.330660308051,0.9964229611326882,-4.355780678330256e-19
592920,0.0,-1.3075716094657838e-37,9959.330660306954,0.9964229611326997,-4.353540623725485e-19
592980,0.0,-1.306895472643952e-37,9959.330660305857,0.9964229611327112,-4.351299169598638e-19
593040,0.0,-1.30621891416734e-37,9959.330660304759,0.9964229611327227,-4.34905631594971e-19
593100,0.0,-1.305541934035948e-37,9959.33066030366,0.9964229611327341,-4.346812062778704e-19
593160,0.0,-1.3048645322497756e-37,9959.330660302561,0.9964229611327456,-4.344566410085618e-19
593220,0.0,-1.3041867088088234e-37,9959.33066030146,0.9964229611327571,-4.342319357870455e-19
593280,0.0,-1.3035084637130908e-37,9959.33066030036,0.9964229611327686,-4.340070906133212e-19
593340,0.0,-1.302829796962578e-37,9959.330660299258,0.9964229611327802,-4.337821054873892e-19
593400,0.0,-1.3021507085572854e-37,9959.330660298157,0.9964229611327917,-4.335569804092492e-19
593460,0.0,-1.3014711984972125e-37,9959.330660297053,0.9964229611328032,-4.3333171537890134e-19
593520,0.0,-1.3007912667823592e-37,9959.33066029595,0.9964229611328147,-4.3310631039634565e-19
593580,0.0,-1.300110913412726e-37,9959.330660294845,0.9964229611328262,-4.3288076546158215e-19
593640,0.0,-1.2994301383883126e-37,9959.330660293741,0.9964229611328378,-4.326550805746107e-19
593700,0.0,-1.2987489417091192e-37,9959.330660292635,0.9964229611328493,-4.3242925573543134e-19
593760,0.0,-1.2980673233751455e-37,9959.330660291529,0.9964229611328609,-4.322032909440442e-19
593820,0.0,-1.2973852833863918e-37,9959.330660290421,0.9964229611328724,-4.319771862004491e-19
593880,0.0,-1.2967028217428577e-37,9959.330660289314,0.9964229611328841,-4.317509415046463e-19
593940,0.0,-1.2960199384445438e-37,9959.330660288206,0.9964229611328956,-4.3152455685663543e-19
594000,0.0,-1.2953366334914494e-37,9959.330660287096,0.9964229611329072,-4.3129803225641686e-19
594060,0.0,-1.294652906883575e-37,9959.330660285987,0.9964229611329188,-4.3107136770399023e-19
594120,0.0,-1.2939687586209204e-37,9959.330660284877,0.9964229611329304,-4.308445631993559e-19
594180,0.0,-1.2932841887034859e-37,9959.330660283766,0.996422961132942,-4.306176187425136e-19
594240,0.0,-1.2925991971312712e-37,9959.330660282654,0.9964229611329537,-4.3039053433346357e-19
594300,0.0,-1.291913783904276e-37,9959.330660281541,0.9964229611329652,-4.301633099722055e-19
594360,0.0,-1.2912279490225012e-37,9959.330660280428,0.9964229611329769,-4.2993594565873965e-19
594420,0.0,-1.2905416924859458e-37,9959.330660279313,0.9964229611329886,-4.2970844139306597e-19
594480,0.0,-1.2898550142946106e-37,9959.3306602782,0.9964229611330002,-4.294807971751844e-19
594540,0.0,-1.289167914448495e-37,9959.330660277084,0.9964229611330119,-4.292530130050949e-19
594600,0.0,-1.2884803929475995e-37,9959.330660275968,0.9964229611330235,-4.2902508888279757e-19
594660,0.0,-1.2877924497919236e-37,9959.33066027485,0.9964229611330352,-4.287970248082924e-19
594720,0.0,-1.2871040849814677e-37,9959.330660273734,0.9964229611330468,-4.285688207815793e-19
594780,0.0,-1.2864152985162316e-37,9959.330660272615,0.9964229611330585,-4.283404768026584e-19
594840,0.0,-1.2857260903962154e-37,9959.330660271497,0.9964229611330703,-4.2811199287152957e-19
594900,0.0,-1.2850364606214192e-37,9959.330660270378,0.9964229611330819,-4.2788336898819295e-19
594960,0.0,-1.2843464091918426e-37,9959.330660269257,0.9964229611330936,-4.2765460515264837e-19
595020,0.0,-1.2836559361074859e-37,9959.330660268137,0.9964229611331054,-4.2742570136489593e-19
595080,0.0,-1.2829650413683491e-37,9959.330660267015,0.996422961133117,-4.271966576249357e-19
595140,0.0,-1.2822737249744322e-37,9959.330660265892,0.9964229611331288,-4.2696747393276763e-19
595200,0.0,-1.2815819869257352e-37,9959.33066026477,0.9964229611331406,-4.267381502883916e-19
595260,0.0,-1.280889827222258e-37,9959.330660263646,0.9964229611331523,-4.2650868669180767e-19
595320,0.0,-1.2801972458640005e-37,9959.330660262522,0.996422961133164,-4.2627908314301594e-19
595380,0.0,-1.2795042428509632e-37,9959.330660261397,0.9964229611331757,-4.260493396420163e-19
595440,0.0,-1.2788108181831456e-37,9959.330660260272,0.9964229611331875,-4.258194561888089e-19
595500,0.0,-1.2781169718605477e-37,9959.330660259146,0.9964229611331993,-4.255894327833935e-19
595560,0.0,-1.2774227038831698e-37,9959.330660258018,0.996422961133211,-4.253592694257703e-19
595620,0.0,-1.276728014251012e-37,9959.33066025689,0.9964229611332228,-4.251289661159392e-19
595680,0.0,-1.2760329029640735e-37,9959.330660255762,0.9964229611332347,-4.248985228539002e-19
595740,0.0,-1.2753373700223553e-37,9959.330660254633,0.9964229611332465,-4.246679396396534e-19
595800,0.0,-1.2746414154258567e-37,9959.330660253503,0.9964229611332582,-4.2443721647319876e-19
595860,0.0,-1.2739450391745782e-37,9959.330660252372,0.9964229611332701,-4.242063533545362e-19
595920,0.0,-1.2732482412685194e-37,9959.33066025124,0.9964229611332819,-4.239753502836657e-19
595980,0.0,-1.2725510217076805e-37,9959.330660250109,0.9964229611332938,-4.237442072605875e-19
596040,0.0,-1.2718533804920615e-37,9959.330660248976,0.9964229611333055,-4.235129242853013e-19
596100,0.0,-1.271155317621662e-37,9959.330660247842,0.9964229611333174,-4.232815013578072e-19
596160,0.0,-1.2704568330964828e-37,9959.33066024671,0.9964229611333293,-4.230499384781053e-19
596220,0.0,-1.2697579269165232e-37,9959.330660245574,0.9964229611333411,-4.2281823564619557e-19
596280,0.0,-1.2690585990817837e-37,9959.330660244439,0.9964229611333529,-4.22586392862078e-19
596340,0.0,-1.268358849592264e-37,9959.330660243304,0.9964229611333648,-4.223544101257524e-19
596400,0.0,-1.267658678447964e-37,9959.330660242167,0.9964229611333767,-4.2212228743721905e-19
596460,0.0,-1.266958085648884e-37,9959.330660241028,0.9964229611333886,-4.218900247964778e-19
596520,0.0,-1.2662570711950237e-37,9959.330660239892,0.9964229611334005,-4.216576222035287e-19
596580,0.0,-1.2655556350863833e-37,9959.330660238753,0.9964229611334123,-4.2142507965837177e-19
596640,0.0,-1.264853777322963e-37,9959.330660237612,0.9964229611334243,-4.211923971610069e-19
596700,0.0,-1.2641514979047624e-37,9959.330660236472,0.9964229611334362,-4.2095957471143423e-19
596760,0.0,-1.2634487968317817e-37,9959.330660235331,0.9964229611334481,-4.207266123096536e-19
596820,0.0,-1.2627456741040206e-37,9959.33066023419,0.9964229611334601,-4.204935099556651e-19
596880,0.0,-1.2620421297214797e-37,9959.330660233049,0.996422961133472,-4.202602676494688e-19
596940,0.0,-1.2613381636841584e-37,9959.330660231904,0.9964229611334839,-4.200268853910647e-19
597000,0.0,-1.260633775992057e-37,9959.330660230762,0.9964229611334959,-4.197933631804526e-19
597060,0.0,-1.2599289666451756e-37,9959.330660229618,0.9964229611335078,-4.1955970101763264e-19
597120,0.0,-1.2592237356435139e-37,9959.330660228472,0.9964229611335198,-4.193258989026049e-19
597180,0.0,-1.2585180829870723e-37,9959.330660227326,0.9964229611335318,-4.190919568353692e-19
597240,0.0,-1.2578120086758504e-37,9959.33066022618,0.9964229611335438,-4.1885787481592573e-19
597300,0.0,-1.2571055127098484e-37,9959.330660225032,0.9964229611335558,-4.186236528442743e-19
597360,0.0,-1.2563985950890661e-37,9959.330660223884,0.9964229611335678,-4.1838929092041507e-19
597420,0.0,-1.255691255813504e-37,9959.330660222737,0.9964229611335798,-4.181547890443479e-19
597480,0.0,-1.2549834948831613e-37,9959.330660221587,0.9964229611335917,-4.1792014721607285e-19
597540,0.0,-1.2542753122980388e-37,9959.330660220437,0.9964229611336037,-4.1768536543559006e-19
597600,0.0,-1.253566708058136e-37,9959.330660219288,0.9964229611336157,-4.1745044370289936e-19
597660,0.0,-1.2528576821634531e-37,9959.330660218136,0.9964229611336278,-4.1721538201800074e-19
597720,0.0,-1.25214823461399e-37,9959.330660216983,0.9964229611336398,-4.169801803808942e-19
597780,0.0,-1.251438365409747e-37,9959.330660215832,0.9964229611336519,-4.167448387915799e-19
597840,0.0,-1.2507280745507236e-37,9959.330660214679,0.9964229611336639,-4.165093572500577e-19
597900,0.0,-1.2500173620369202e-37,9959.330660213524,0.996422961133676,-4.1627373575632765e-19
597960,0.0,-1.2493062278683364e-37,9959.33066021237,0.996422961133688,-4.1603797431038965e-19
598020,0.0,-1.2485946720449727e-37,9959.330660211213,0.9964229611337001,-4.1580207291224383e-19
598080,0.0,-1.2478826945668288e-37,9959.330660210058,0.9964229611337122,-4.155660315618901e-19
598140,0.0,-1.2471702954339049e-37,9959.330660208901,0.9964229611337243,-4.153298502593286e-19
598200,0.0,-1.2464574746462006e-37,9959.330660207745,0.9964229611337364,-4.150935290045592e-19
598260,0.0,-1.2457442322037162e-37,9959.330660206586,0.9964229611337485,-4.1485706779758195e-19
598320,0.0,-1.2450305681064518e-37,9959.330660205427,0.9964229611337606,-4.1462046663839675e-19
598380,0.0,-1.2443164823544073e-37,9959.330660204267,0.9964229611337727,-4.143837255270037e-19
598440,0.0,-1.2436019749475825e-37,9959.330660203108,0.9964229611337848,-4.1414684446340285e-19
598500,0.0,-1.2428870458859776e-37,9959.330660201946,0.9964229611337969,-4.139098234475941e-19
598560,0.0,-1.2421716951695927e-37,9959.330660200785,0.9964229611338091,-4.1367266247957744e-19
598620,0.0,-1.2414559227984275e-37,9959.330660199623,0.9964229611338212,-4.134353615593529e-19
598680,0.0,-1.2407397287724823e-37,9959.33066019846,0.9964229611338334,-4.131979206869206e-19
598740,0.0,-1.2400231130917567e-37,9959.330660197296,0.9964229611338455,-4.1296033986228035e-19
598800,0.0,-1.239306075756251e-37,9959.330660196132,0.9964229611338578,-4.1272261908543227e-19
598860,0.0,-1.2385886167659653e-37,9959.330660194966,0.9964229611338699,-4.1248475835637627e-19
598920,0.0,-1.2378707361208994e-37,9959.3306601938,0.9964229611338821,-4.122467576751125e-19
598980,0.0,-1.2371524338210536e-37,9959.330660192634,0.9964229611338943,-4.120086170416408e-19
599040,0.0,-1.2364337098664273e-37,9959.330660191468,0.9964229611339065,-4.1177033645596123e-19
599100,0.0,-1.2357145642570209e-37,9959.3306601903,0.9964229611339187,-4.1153191591807377e-19
599160,0.0,-1.2349949969928347e-37,9959.33066018913,0.9964229611339309,-4.112933554279785e-19
599220,0.0,-1.2342750080738681e-37,9959.330660187961,0.9964229611339431,-4.110546549856753e-19
599280,0.0,-1.2335545975001212e-37,9959.330660186792,0.9964229611339553,-4.108158145911642e-19
599340,0.0,-1.2328337652715944e-37,9959.330660185622,0.9964229611339676,-4.1057683424444535e-19
599400,0.0,-1.2321125113882874e-37,9959.33066018445,0.9964229611339798,-4.103377139455186e-19
599460,0.0,-1.2313908358502e-37,9959.33066018328,0.996422961133992,-4.100984536943839e-19
599520,0.0,-1.2306687386573329e-37,9959.330660182106,0.9964229611340043,-4.0985905349104137e-19
599580,0.0,-1.2299462198096855e-37,9959.330660180933,0.9964229611340165,-4.0961951333549103e-19
599640,0.0,-1.229223279307258e-37,9959.33066017976,0.9964229611340288,-4.093798332277327e-19
599700,0.0,-1.2284999171500502e-37,9959.330660178584,0.996422961134041,-4.0914001316776664e-19
599760,0.0,-1.2277761333380622e-37,9959.33066017741,0.9964229611340534,-4.0890005315559265e-19
599820,0.0,-1.2270519278712944e-37,9959.330660176232,0.9964229611340657,-4.0865995319121084e-19
599880,0.0,-1.2263273007497463e-37,9959.330660175056,0.9964229611340779,-4.0841971327462107e-19
599940,0.0,-1.225602251973418e-37,9959.330660173879,0.9964229611340902,-4.0817933340582343e-19
600000,0.0,-1.2248767815423095e-37,9959.3306601727,0.9964229611341026,-4.0793881358481797e-19
600060,0.0,-1.2241508894564207e-37,9959.330660171521,0.9964229611341149,-4.076981538116047e-19
600120,0.0,-1.2234245757157521e-37,9959.330660170343,0.9964229611341272,-4.0745735408618345e-19
600180,0.0,-1.222697840320303e-37,9959.330660169162,0.9964229611341395,-4.0721641440855435e-19
600240,0.0,-1.2219706832700741e-37,9959.330660167981,0.9964229611341519,-4.0697533477871747e-19
600300,0.0,-1.221243104565065e-37,9959.3306601668,0.9964229611341642,-4.067341151966727e-19
600360,0.0,-1.2205151042052758e-37,9959.330660165617,0.9964229611341766,-4.0649275566241997e-19
600420,0.0,-1.2197866821907062e-37,9959.330660164434,0.9964229611341889,-4.062512561759594e-19
600480,0.0,-1.2190578385213568e-37,9959.33066016325,0.9964229611342013,-4.0600961673729106e-19
600540,0.0,-1.2183285731972269e-37,9959.330660162066,0.9964229611342137,-4.0576783734641476e-19
600600,0.0,-1.2175988862183172e-37,9959.33066016088,0.996422961134226,-4.0552591800333063e-19
600660,0.0,-1.2168687775846273e-37,9959.330660159694,0.9964229611342384,-4.052838587080386e-19
600720,0.0,-1.2161382472961572e-37,9959.330660158508,0.9964229611342509,-4.0504165946053874e-19
600780,0.0,-1.2154072953529068e-37,9959.330660157322,0.9964229611342632,-4.0479932026083097e-19
600840,0.0,-1.2146759217548764e-37,9959.330660156134,0.9964229611342756,-4.0455684110891533e-19
600900,0.0,-1.2139441265020658e-37,9959.330660154945,0.9964229611342881,-4.043142220047919e-19
600960,0.0,-1.213211909594475e-37,9959.330660153755,0.9964229611343005,-4.0407146294846056e-19
601020,0.0,-1.2124792710321043e-37,9959.330660152566,0.996422961134313,-4.038285639399213e-19
601080,0.0,-1.2117462108149532e-37,9959.330660151376,0.9964229611343254,-4.0358552497917417e-19
601140,0.0,-1.2110127289430222e-37,9959.330660150184,0.9964229611343378,-4.033423460662193e-19
601200,0.0,-1.210278825416311e-37,9959.330660148993,0.9964229611343502,-4.030990272010564e-19
601260,0.0,-1.2095445002348193e-37,9959.3306601478,0.9964229611343628,-4.0285556838368576e-19
601320,0.0,-1.208809753398548e-37,9959.330660146607,0.9964229611343752,-4.026119696141072e-19
601380,0.0,-1.2080745849074962e-37,9959.330660145411,0.9964229611343877,-4.023682308923208e-19
601440,0.0,-1.2073389947616642e-37,9959.330660144218,0.9964229611344002,-4.0212435221832646e-19
601500,0.0,-1.2066029829610524e-37,9959.330660143023,0.9964229611344126,-4.0188033359212434e-19
601560,0.0,-1.2058665495056603e-37,9959.330660141826,0.9964229611344252,-4.0163617501371425e-19
601620,0.0,-1.2051296943954878e-37,9959.33066014063,0.9964229611344376,-4.013918764830964e-19
601680,0.0,-1.2043924176305354e-37,9959.330660139432,0.9964229611344502,-4.011474380002706e-19
601740,0.0,-1.203654719210803e-37,9959.330660138234,0.9964229611344627,-4.0090285956523695e-19
601800,0.0,-1.2029165991362903e-37,9959.330660137035,0.9964229611344753,-4.0065814117799545e-19
601860,0.0,-1.2021780574069974e-37,9959.330660135834,0.9964229611344878,-4.0041328283854613e-19
601920,0.0,-1.2014390940229243e-37,9959.330660134636,0.9964229611345004,-4.0016828454688885e-19
601980,0.0,-1.2006997089840712e-37,9959.330660133433,0.9964229611345129,-3.9992314630302366e-19
602040,0.0,-1.199959902290438e-37,9959.330660132233,0.9964229611345254,-3.9967786810695074e-19
602100,0.0,-1.1992196739420245e-37,9959.33066013103,0.996422961134538,-3.994324499586699e-19
602160,0.0,-1.198479023938831e-37,9959.330660129826,0.9964229611345505,-3.9918689185818116e-19
602220,0.0,-1.1977379522808572e-37,9959.330660128624,0.9964229611345631,-3.9894119380548455e-19
602280,0.0,-1.1969964589681035e-37,9959.33066012742,0.9964229611345757,-3.9869535580058016e-19
602340,0.0,-1.1962545440005693e-37,9959.330660126214,0.9964229611345883,-3.9844937784346777e-19
602400,0.0,-1.1955122073782553e-37,9959.330660125008,0.9964229611346009,-3.9820325993414765e-19
602460,0.0,-1.194769449101161e-37,9959.330660123802,0.9964229611346135,-3.9795700207261957e-19
602520,0.0,-1.1940262691692868e-37,9959.330660122594,0.9964229611346261,-3.977106042588837e-19
602580,0.0,-1.193282667582632e-37,9959.330660121386,0.9964229611346387,-3.9746406649293986e-19
602640,0.0,-1.1925386443411975e-37,9959.330660120178,0.9964229611346513,-3.9721738877478814e-19
602700,0.0,-1.1917941994449825e-37,9959.330660118969,0.996422961134664,-3.969705711044287e-19
602760,0.0,-1.1910493328939876e-37,9959.33066011776,0.9964229611346767,-3.9672361348186133e-19
602820,0.0,-1.1903040446882126e-37,9959.33066011655,0.9964229611346893,-3.96476515907086e-19
602880,0.0,-1.1895583348276573e-37,9959.330660115338,0.996422961134702,-3.9622927838010286e-19
602940,0.0,-1.1888122033123219e-37,9959.330660114125,0.9964229611347146,-3.959819009009119e-19
603000,0.0,-1.1880656501422063e-37,9959.330660112913,0.9964229611347273,-3.9573438346951297e-19
603060,0.0,-1.1873186753173105e-37,9959.3306601117,0.9964229611347399,-3.9548672608590627e-19
603120,0.0,-1.1865712788376348e-37,9959.330660110485,0.9964229611347526,-3.9523892875009166e-19
603180,0.0,-1.1858234607031789e-37,9959.33066010927,0.9964229611347654,-3.9499099146206923e-19
603240,0.0,-1.1850752209139426e-37,9959.330660108055,0.996422961134778,-3.9474291422183884e-19
603300,0.0,-1.1843265594699266e-37,9959.33066010684,0.9964229611347908,-3.944946970294006e-19
603360,0.0,-1.1835774763711301e-37,9959.330660105623,0.9964229611348034,-3.9424633988475456e-19
603420,0.0,-1.1828279716175535e-37,9959.330660104404,0.9964229611348162,-3.9399784278790066e-19
603480,0.0,-1.182078045209197e-37,9959.330660103187,0.9964229611348289,-3.937492057388388e-19
603540,0.0,-1.18132769714606e-37,9959.330660101969,0.9964229611348416,-3.935004287375691e-19
603600,0.0,-1.1805769274281431e-37,9959.330660100748,0.9964229611348544,-3.932515117840916e-19
603660,0.0,-1.179825736055446e-37,9959.330660099527,0.9964229611348672,-3.9300245487840613e-19
603720,0.0,-1.1790741230279686e-37,9959.330660098307,0.9964229611348799,-3.927532580205129e-19
603780,0.0,-1.1783220883457114e-37,9959.330660097085,0.9964229611348927,-3.925039212104117e-19
603840,0.0,-1.1775696320086738e-37,9959.330660095864,0.9964229611349055,-3.922544444481027e-19
603900,0.0,-1.1768167540168562e-37,9959.33066009464,0.9964229611349182,-3.920048277335858e-19
603960,0.0,-1.1760634543702583e-37,9959.330660093416,0.996422961134931,-3.9175507106686105e-19
604020,0.0,-1.1753097330688802e-37,9959.330660092191,0.9964229611349438,-3.9150517444792834e-19
604080,0.0,-1.1745555901127223e-37,9959.330660090967,0.9964229611349565,-3.912551378767879e-19
604140,0.0,-1.1738010255017838e-37,9959.330660089741,0.9964229611349694,-3.910049613534395e-19
604200,0.0,-1.1730460392360656e-37,9959.330660088515,0.9964229611349822,-3.907546448778833e-19
604260,0.0,-1.172290631315567e-37,9959.330660087287,0.9964229611349951,-3.9050418845011915e-19
604320,0.0,-1.1715348017402884e-37,9959.33066008606,0.9964229611350078,-3.9025359207014726e-19
604380,0.0,-1.1707785505102295e-37,9959.330660084832,0.9964229611350207,-3.9000285573796736e-19
604440,0.0,-1.1700218776253906e-37,9959.330660083602,0.9964229611350336,-3.8975197945357964e-19
604500,0.0,-1.1692647830857715e-37,9959.330660082373,0.9964229611350464,-3.895009632169841e-19
604560,0.0,-1.1685072668913722e-37,9959.330660081141,0.9964229611350592,-3.892498070281807e-19
604620,0.0,-1.167749329042193e-37,9959.33066007991,0.9964229611350721,-3.889985108871694e-19
604680,0.0,-1.1669909695382334e-37,9959.330660078678,0.996422961135085,-3.8874707479395014e-19
604740,0.0,-1.1662321883794936e-37,9959.330660077445,0.9964229611350979,-3.8849549874852314e-19
604800,0.0,-1.1654729855659739e-37,9959.330660076212,0.9964229611351108,-3.882437827508882e-19
604860,0.0,-1.164713361097674e-37,9959.330660074978,0.9964229611351236,-3.879919268010455e-19
604920,0.0,-1.1639533149745939e-37,9959.330660073743,0.9964229611351366,-3.877399308989948e-19
604980,0.0,-1.1631928471967336e-37,9959.330660072508,0.9964229611351495,-3.874877950447363e-19
605040,0.0,-1.1624319577640932e-37,9959.330660071271,0.9964229611351624,-3.872355192382699e-19
605100,0.0,-1.1616706466766728e-37,9959.330660070034,0.9964229611351754,-3.869831034795956e-19
605160,0.0,-1.1609089139344722e-37,9959.330660068797,0.9964229611351882,-3.867305477687135e-19
605220,0.0,-1.1601467595374913e-37,9959.330660067559,0.9964229611352012,-3.8647785210562357e-19
605280,0.0,-1.1593841834857304e-37,9959.33066006632,0.9964229611352141,-3.8622501649032568e-19
605340,0.0,-1.1586211857791893e-37,9959.330660065081,0.9964229611352271,-3.859720409228199e-19
605400,0.0,-1.157857766417868e-37,9959.33066006384,0.9964229611352401,-3.8571892540310637e-19
605460,0.0,-1.1570939254017666e-37,9959.3306600626,0.996422961135253,-3.854656699311849e-19
605520,0.0,-1.1563296627308852e-37,9959.330660061358,0.996422961135266,-3.8521227450705556e-19
605580,0.0,-1.1555649784052234e-37,9959.330660060115,0.996422961135279,-3.8495873913071833e-19
605640,0.0,-1.1547998724247816e-37,9959.330660058873,0.9964229611352919,-3.847050638021733e-19
605700,0.0,-1.1540343447895597e-37,9959.330660057629,0.9964229611353049,-3.844512485214203e-19
605760,0.0,-1.1532683954995576e-37,9959.330660056385,0.9964229611353179,-3.841972932884595e-19
605820,0.0,-1.1525020245547756e-37,9959.330660055139,0.9964229611353309,-3.839431981032909e-19
605880,0.0,-1.151735231955213e-37,9959.330660053893,0.996422961135344,-3.8368896296591437e-19
605940,0.0,-1.1509680177008705e-37,9959.330660052647,0.996422961135357,-3.8343458787632994e-19
606000,0.0,-1.1502003817917477e-37,9959.330660051399,0.99642296113537,-3.8318007283453755e-19
606060,0.0,-1.149432324227845e-37,9959.330660050151,0.9964229611353831,-3.8292541784053743e-19
606120,0.0,-1.1486638450091623e-37,9959.330660048903,0.9964229611353961,-3.826706228943295e-19
606180,0.0,-1.147894944135699e-37,9959.330660047654,0.9964229611354092,-3.8241568799591356e-19
606240,0.0,-1.147125621607456e-37,9959.330660046404,0.9964229611354223,-3.821606131452898e-19
606300,0.0,-1.1463558774244325e-37,9959.330660045154,0.9964229611354353,-3.819053983424582e-19
606360,0.0,-1.1455857115866289e-37,9959.330660043903,0.9964229611354484,-3.8165004358741867e-19
606420,0.0,-1.1448151240940453e-37,9959.33066004265,0.9964229611354615,-3.8139454888017136e-19
606480,0.0,-1.1440441149466815e-37,9959.330660041398,0.9964229611354746,-3.8113891422071613e-19
606540,0.0,-1.1432726841445376e-37,9959.330660040145,0.9964229611354877,-3.808831396090531e-19
606600,0.0,-1.1425008316876135e-37,9959.33066003889,0.9964229611355008,-3.8062722504518207e-19
606660,0.0,-1.1417285575759092e-37,9959.330660037635,0.9964229611355139,-3.803711705291033e-19
606720,0.0,-1.140955861809425e-37,9959.33066003638,0.996422961135527,-3.8011497606081655e-19
606780,0.0,-1.1401827443881606e-37,9959.330660035124,0.9964229611355401,-3.7985864164032204e-19
606840,0.0,-1.139409205312116e-37,9959.330660033867,0.9964229611355533,-3.7960216726761957e-19
606900,0.0,-1.138635244581291e-37,9959.330660032609,0.9964229611355664,-3.7934555294270923e-19
606960,0.0,-1.1378608621956861e-37,9959.330660031352,0.9964229611355795,-3.790887986655911e-19
607020,0.0,-1.137086058155301e-37,9959.330660030091,0.9964229611355927,-3.7883190443626514e-19
607080,0.0,-1.136310832460136e-37,9959.330660028832,0.9964229611356058,-3.785748702547312e-19
607140,0.0,-1.1355351851101905e-37,9959.330660027572,0.996422961135619,-3.783176961209894e-19
607200,0.0,-1.134759116105465e-37,9959.330660026311,0.9964229611356322,-3.7806038203503976e-19
607260,0.0,-1.1339826254459593e-37,9959.330660025049,0.9964229611356453,-3.7780292799688222e-19
607320,0.0,-1.1332057131316738e-37,9959.330660023787,0.9964229611356585,-3.775453340065169e-19
607380,0.0,-1.1324283791626076e-37,9959.330660022524,0.9964229611356717,-3.7728760006394364e-19
607440,0.0,-1.1316506235387617e-37,9959.33066002126,0.996422961135685,-3.7702972616916255e-19
607500,0.0,-1.1308724462601355e-37,9959.330660019996,0.9964229611356982,-3.7677171232217354e-19
607560,0.0,-1.130093847326729e-37,9959.33066001873,0.9964229611357114,-3.7651355852297667e-19
607620,0.0,-1.1293148267385426e-37,9959.330660017466,0.9964229611357246,-3.76255264771572e-19
607680,0.0,-1.128535384495576e-37,9959.330660016198,0.9964229611357378,-3.7599683106795942e-19
607740,0.0,-1.1277555205978293e-37,9959.330660014932,0.9964229611357511,-3.7573825741213895e-19
607800,0.0,-1.1269752350453023e-37,9959.330660013664,0.9964229611357643,-3.754795438041106e-19
607860,0.0,-1.1261945278379954e-37,9959.330660012394,0.9964229611357776,-3.7522069024387446e-19
607920,0.0,-1.125413398975908e-37,9959.330660011125,0.9964229611357909,-3.7496169673143034e-19
607980,0.0,-1.1246318484590405e-37,9959.330660009855,0.9964229611358041,-3.747025632667784e-19
608040,0.0,-1.123849876287393e-37,9959.330660008585,0.9964229611358174,-3.744432898499186e-19
608100,0.0,-1.1230674824609655e-37,9959.330660007314,0.9964229611358307,-3.74183876480851e-19
608160,0.0,-1.1222846669797577e-37,9959.33066000604,0.9964229611358439,-3.739243231595754e-19
608220,0.0,-1.1215014298437698e-37,9959.330660004769,0.9964229611358573,-3.7366462988609204e-19
608280,0.0,-1.1207177710530019e-37,9959.330660003496,0.9964229611358706,-3.734047966604007e-19
608340,0.0,-1.1199336906074536e-37,9959.33066000222,0.9964229611358839,-3.7314482348250163e-19
608400,0.0,-1.1191491885071254e-37,9959.330660000945,0.9964229611358972,-3.7288471035239463e-19
608460,0.0,-1.1183642647520167e-37,9959.33065999967,0.9964229611359106,-3.726244572700797e-19
608520,0.0,-1.1175789193421281e-37,9959.330659998395,0.9964229611359239,-3.7236406423555702e-19
608580,0.0,-1.1167931522774594e-37,9959.330659997118,0.9964229611359372,-3.721035312488264e-19
608640,0.0,-1.1160069635580106e-37,9959.33065999584,0.9964229611359506,-3.7184285830988795e-19
608700,0.0,-1.1152203531837815e-37,9959.330659994563,0.996422961135964,-3.7158204541874157e-19
608760,0.0,-1.1144333211547723e-37,9959.330659993284,0.9964229611359773,-3.7132109257538737e-19
608820,0.0,-1.1136458674709828e-37,9959.330659992003,0.9964229611359907,-3.7105999977982525e-19
608880,0.0,-1.1128579921324134e-37,9959.330659990723,0.996422961136004,-3.7079876703205537e-19
608940,0.0,-1.112069695139064e-37,9959.330659989442,0.9964229611360175,-3.705373943320775e-19
609000,0.0,-1.1112809764909342e-37,9959.33065998816,0.9964229611360308,-3.7027588167989185e-19
609060,0.0,-1.1104918361880243e-37,9959.330659986877,0.9964229611360442,-3.7001422907549827e-19
609120,0.0,-1.1097022742303342e-37,9959.330659985595,0.9964229611360577,-3.697524365188969e-19
609180,0.0,-1.1089122906178639e-37,9959.33065998431,0.9964229611360711,-3.6949050401008756e-19
609240,0.0,-1.1081218853506136e-37,9959.330659983027,0.9964229611360844,-3.6922843154907047e-19
609300,0.0,-1.1073310584285832e-37,9959.33065998174,0.9964229611360979,-3.6896621913584542e-19
609360,0.0,-1.1065398098517726e-37,9959.330659980456,0.9964229611361113,-3.6870386677041246e-19
609420,0.0,-1.1057481396201818e-37,9959.330659979169,0.9964229611361248,-3.6844137445277173e-19
609480,0.0,-1.104956047733811e-37,9959.330659977883,0.9964229611361383,-3.681787421829232e-19
609540,0.0,-1.1041635341926598e-37,9959.330659976595,0.9964229611361517,-3.679159699608666e-19
609600,0.0,-1.1033705989967287e-37,9959.330659975305,0.9964229611361651,-3.6765305778660224e-19
609660,0.0,-1.1025772421460174e-37,9959.330659974015,0.9964229611361787,-3.6739000566013004e-19
609720,0.0,-1.1017834636405258e-37,9959.330659972726,0.9964229611361921,-3.6712681358144993e-19
609780,0.0,-1.1009892634802544e-37,9959.330659971436,0.9964229611362055,-3.6686348155056195e-19
609840,0.0,-1.1001946416652024e-37,9959.330659970145,0.9964229611362191,-3.666000095674661e-19
609900,0.0,-1.0993995981953707e-37,9959.330659968851,0.9964229611362326,-3.6633639763216244e-19
609960,0.0,-1.0986041330707586e-37,9959.33065996756,0.9964229611362461,-3.6607264574465076e-19
610020,0.0,-1.0978082462913665e-37,9959.330659966266,0.9964229611362596,-3.6580875390493137e-19
610080,0.0,-1.0970119378571943e-37,9959.330659964971,0.9964229611362732,-3.65544722113004e-19
610140,0.0,-1.0962152077682416e-37,9959.330659963676,0.9964229611362867,-3.652805503688689e-19
610200,0.0,-1.095418056024509e-37,9959.330659962381,0.9964229611363002,-3.650162386725258e-19
610260,0.0,-1.0946204826259962e-37,9959.330659961086,0.9964229611363138,-3.6475178702397488e-19
610320,0.0,-1.0938224875727033e-37,9959.330659959789,0.9964229611363273,-3.644871954232161e-19
610380,0.0,-1.0930240708646304e-37,9959.33065995849,0.9964229611363409,-3.642224638702495e-19
610440,0.0,-1.0922252325017773e-37,9959.330659957193,0.9964229611363544,-3.6395759236507494e-19
610500,0.0,-1.0914259724841438e-37,9959.330659955893,0.996422961136368,-3.636925809076925e-19
610560,0.0,-1.0906262908117304e-37,9959.330659954594,0.9964229611363815,-3.6342742949810233e-19
610620,0.0,-1.0898261874845368e-37,9959.330659953293,0.9964229611363952,-3.6316213813630417e-19
610680,0.0,-1.0890256625025632e-37,9959.330659951993,0.9964229611364087,-3.628967068222982e-19
610740,0.0,-1.0882247158658093e-37,9959.33065995069,0.9964229611364224,-3.626311355560843e-19
610800,0.0,-1.0874233475742754e-37,9959.330659949388,0.9964229611364359,-3.623654243376626e-19
610860,0.0,-1.086621557627961e-37,9959.330659948086,0.9964229611364496,-3.6209957316703297e-19
610920,0.0,-1.0858193460268668e-37,9959.330659946781,0.9964229611364632,-3.618335820441955e-19
610980,0.0,-1.0850167127709924e-37,9959.330659945477,0.9964229611364769,-3.6156745096915017e-19
611040,0.0,-1.0842136578603378e-37,9959.330659944171,0.9964229611364904,-3.6130117994189704e-19
611100,0.0,-1.083410181294903e-37,9959.330659942865,0.9964229611365041,-3.610347689624359e-19
611160,0.0,-1.0826062830746882e-37,9959.33065994156,0.9964229611365177,-3.6076821803076695e-19
611220,0.0,-1.0818019631996931e-37,9959.330659940251,0.9964229611365314,-3.605015271468902e-19
611280,0.0,-1.080997221669918e-37,9959.330659938943,0.996422961136545,-3.602346963108055e-19
611340,0.0,-1.0801920584853625e-37,9959.330659937636,0.9964229611365588,-3.59967725522513e-19
611400,0.0,-1.0793864736460273e-37,9959.330659936326,0.9964229611365725,-3.597006147820125e-19
611460,0.0,-1.0785804671519117e-37,9959.330659935016,0.9964229611365861,-3.5943336408930427e-19
611520,0.0,-1.077774039003016e-37,9959.330659933705,0.9964229611365998,-3.591659734443881e-19
611580,0.0,-1.07696718919934e-37,9959.330659932395,0.9964229611366135,-3.5889844284726405e-19
611640,0.0,-1.076159917740884e-37,9959.330659931082,0.9964229611366272,-3.586307722979322e-19
611700,0.0,-1.075352224627648e-37,9959.330659929768,0.996422961136641,-3.583629617963925e-19
611760,0.0,-1.0745441098596317e-37,9959.330659928455,0.9964229611366546,-3.5809501134264484e-19
611820,0.0,-1.0737355734368352e-37,9959.330659927142,0.9964229611366684,-3.5782692093668935e-19
611880,0.0,-1.0729266153592586e-37,9959.330659925827,0.9964229611366822,-3.57558690578526e-19
611940,0.0,-1.0721172356269016e-37,9959.330659924512,0.9964229611366959,-3.572903202681548e-19
612000,0.0,-1.0713074342397649e-37,9959.330659923195,0.9964229611367097,-3.5702181000557564e-19
612060,0.0,-1.0704972111978478e-37,9959.330659921878,0.9964229611367235,-3.5675315979078864e-19
612120,0.0,-1.0696865665011507e-37,9959.33065992056,0.9964229611367372,-3.5648436962379387e-19
612180,0.0,-1.0688755001496734e-37,9959.330659919242,0.996422961136751,-3.5621543950459114e-19
612240,0.0,-1.0680640121434162e-37,9959.330659917923,0.9964229611367648,-3.5594636943318063e-19
612300,0.0,-1.0672521024823783e-37,9959.330659916604,0.9964229611367785,-3.5567715940956217e-19
612360,0.0,-1.0664397711665608e-37,9959.330659915284,0.9964229611367923,-3.554078094337359e-19
612420,0.0,-1.0656270181959628e-37,9959.330659913961,0.9964229611368062,-3.551383195057017e-19
612480,0.0,-1.0648138435705849e-37,9959.33065991264,0.9964229611368199,-3.5486868962545967e-19
612540,0.0,-1.0640002472904268e-37,9959.330659911318,0.9964229611368337,-3.5459891979300973e-19
612600,0.0,-1.0631862293554885e-37,9959.330659909994,0.9964229611368476,-3.5432901000835203e-19
612660,0.0,-1.06237178976577e-37,9959.330659908672,0.9964229611368615,-3.540589602714863e-19
612720,0.0,-1.0615569285212714e-37,9959.330659907346,0.9964229611368752,-3.537887705824128e-19
612780,0.0,-1.0607416456219927e-37,9959.330659906022,0.9964229611368891,-3.5351844094113144e-19
612840,0.0,-1.059925941067934e-37,9959.330659904695,0.996422961136903,-3.5324797134764217e-19
612900,0.0,-1.059109814859095e-37,9959.33065990337,0.9964229611369169,-3.529773618019451e-19
612960,0.0,-1.0582932669954759e-37,9959.330659902042,0.9964229611369307,-3.527066123040401e-19
613020,0.0,-1.0574762974770764e-37,9959.330659900714,0.9964229611369445,-3.524357228539273e-19
613080,0.0,-1.0566589063038971e-37,9959.330659899386,0.9964229611369585,-3.5216469345160655e-19
613140,0.0,-1.0558410934759375e-37,9959.330659898056,0.9964229611369724,-3.51893524097078e-19
613200,0.0,-1.0550228589931977e-37,9959.330659896727,0.9964229611369863,-3.516222147903415e-19
613260,0.0,-1.054204202855678e-37,9959.330659895395,0.9964229611370001,-3.513507655313972e-19
613320,0.0,-1.0533851250633778e-37,9959.330659894064,0.996422961137014,-3.5107917632024496e-19
613380,0.0,-1.0525656256162977e-37,9959.330659892732,0.996422961137028,-3.508074471568849e-19
613440,0.0,-1.0517457045144377e-37,9959.330659891399,0.9964229611370419,-3.50535578041317e-19
613500,0.0,-1.050925361757797e-37,9959.330659890065,0.9964229611370559,-3.502635689735412e-19
613560,0.0,-1.0501045973463766e-37,9959.33065988873,0.9964229611370697,-3.4999141995355756e-19
613620,0.0,-1.049283411280176e-37,9959.330659887397,0.9964229611370837,-3.49719130981366e-19
613680,0.0,-1.048461803559195e-37,9959.33065988606,0.9964229611370977,-3.4944670205696664e-19
613740,0.0,-1.0476397741834341e-37,9959.330659884725,0.9964229611371116,-3.4917413318035933e-19
613800,0.0,-1.046817323152893e-37,9959.330659883388,0.9964229611371256,-3.489014243515442e-19
613860,0.0,-1.0459944504675717e-37,9959.330659882049,0.9964229611371396,-3.486285755705212e-19
613920,0.0,-1.04517115612747e-37,9959.330659880712,0.9964229611371536,-3.483555868372903e-19
613980,0.0,-1.0443474401325886e-37,9959.330659879373,0.9964229611371676,-3.480824581518515e-19
614040,0.0,-1.0435233024829268e-37,9959.330659878033,0.9964229611371815,-3.4780918951420493e-19
614100,0.0,-1.042698743178485e-37,9959.330659876692,0.9964229611371955,-3.475357809243504e-19
614160,0.0,-1.0418737622192631e-37,9959.330659875352,0.9964229611372096,-3.4726223238228814e-19
614220,0.0,-1.0410483596052608e-37,9959.33065987401,0.9964229611372236,-3.469885438880179e-19
614280,0.0,-1.0402225353364788e-37,9959.330659872667,0.9964229611372376,-3.4671471544153984e-19
614340,0.0,-1.0393962894129163e-37,9959.330659871324,0.9964229611372517,-3.4644074704285387e-19
614400,0.0,-1.0385696218345739e-37,9959.33065986998,0.9964229611372657,-3.4616663869196007e-19
614460,0.0,-1.037742532601451e-37,9959.330659868636,0.9964229611372798,-3.4589239038885837e-19
614520,0.0,-1.0369150217135483e-37,9959.33065986729,0.9964229611372938,-3.456180021335488e-19
614580,0.0,-1.0360870891708652e-37,9959.330659865944,0.9964229611373079,-3.453434739260314e-19
614640,0.0,-1.035258734973402e-37,9959.330659864598,0.996422961137322,-3.4506880576630605e-19
614700,0.0,-1.034429959121159e-37,9959.33065986325,0.996422961137336,-3.447939976543729e-19
614760,0.0,-1.0336007616141355e-37,9959.330659861902,0.9964229611373501,-3.445190495902319e-19
614820,0.0,-1.032771142452332e-37,9959.330659860554,0.9964229611373642,-3.4424396157388303e-19
614880,0.0,-1.0319411016357483e-37,9959.330659859204,0.9964229611373783,-3.439687336053262e-19
614940,0.0,-1.0311106391643843e-37,9959.330659857855,0.9964229611373924,-3.436933656845616e-19
615000,0.0,-1.0302797550382404e-37,9959.330659856503,0.9964229611374065,-3.434178578115891e-19
615060,0.0,-1.0294484492573163e-37,9959.330659855152,0.9964229611374207,-3.431422099864088e-19
615120,0.0,-1.0286167218216122e-37,9959.3306598538,0.9964229611374348,-3.428664222090205e-19
615180,0.0,-1.0277845727311277e-37,9959.330659852447,0.9964229611374489,-3.4259049447942435e-19
615240,0.0,-1.026952001985863e-37,9959.330659851094,0.9964229611374631,-3.4231442679762043e-19
615300,0.0,-1.0261190095858185e-37,9959.33065984974,0.9964229611374772,-3.4203821916360854e-19
615360,0.0,-1.0252855955309937e-37,9959.330659848385,0.9964229611374913,-3.417618715773889e-19
615420,0.0,-1.0244517598213888e-37,9959.33065984703,0.9964229611375055,-3.4148538403896127e-19
615480,0.0,-1.0236175024570035e-37,9959.330659845673,0.9964229611375197,-3.412087565483259e-19
615540,0.0,-1.0227828234378384e-37,9959.330659844316,0.9964229611375338,-3.4093198910548253e-19
615600,0.0,-1.021947722763893e-37,9959.330659842959,0.996422961137548,-3.406550817104314e-19
615660,0.0,-1.0211122004351673e-37,9959.3306598416,0.9964229611375622,-3.403780343631723e-19
615720,0.0,-1.0202762564516617e-37,9959.330659840241,0.9964229611375764,-3.401008470637054e-19
615780,0.0,-1.019439890813376e-37,9959.33065983888,0.9964229611375907,-3.398235198120306e-19
615840,0.0,-1.01860310352031e-37,9959.33065983752,0.9964229611376049,-3.395460526081479e-19
615900,0.0,-1.0177658945724638e-37,9959.33065983616,0.9964229611376191,-3.392684454520574e-19
615960,0.0,-1.0169282639698376e-37,9959.330659834799,0.9964229611376333,-3.38990698343759e-19
616020,0.0,-1.016090211712431e-37,9959.330659833437,0.9964229611376475,-3.387128112832527e-19
616080,0.0,-1.0152517378002445e-37,9959.330659832072,0.9964229611376618,-3.3843478427053857e-19
616140,0.0,-1.0144128422332778e-37,9959.330659830708,0.996422961137676,-3.381566173056166e-19
616200,0.0,-1.013573525011531e-37,9959.330659829344,0.9964229611376904,-3.3787831038848677e-19
616260,0.0,-1.0127337861350041e-37,9959.33065982798,0.9964229611377046,-3.37599863519149e-19
616320,0.0,-1.011893625603697e-37,9959.330659826614,0.9964229611377189,-3.373212766976034e-19
616380,0.0,-1.0110530434176097e-37,9959.330659825246,0.9964229611377331,-3.3704254992384997e-19
616440,0.0,-1.0102120395767424e-37,9959.33065982388,0.9964229611377474,-3.367636831978886e-19
616500,0.0,-1.009370614081095e-37,9959.330659822512,0.9964229611377617,-3.3648467651971945e-19
616560,0.0,-1.0085287669306672e-37,9959.330659821142,0.996422961137776,-3.3620552988934233e-19
616620,0.0,-1.0076864981254594e-37,9959.330659819772,0.9964229611377903,-3.3592624330675743e-19
616680,0.0,-1.0068438076654715e-37,9959.330659818403,0.9964229611378046,-3.356468167719646e-19
616740,0.0,-1.0060006955507033e-37,9959.330659817033,0.9964229611378189,-3.3536725028496393e-19
616800,0.0,-1.005157161781155e-37,9959.330659815661,0.9964229611378332,-3.350875438457554e-19
616860,0.0,-1.0043132063568268e-37,9959.330659814288,0.9964229611378477,-3.34807697454339e-19
616920,0.0,-1.0034688292777184e-37,9959.330659812917,0.996422961137862,-3.345277111107147e-19
616980,0.0,-1.0026240305438295e-37,9959.330659811541,0.9964229611378763,-3.342475848148825e-19
617040,0.0,-1.0017788101551608e-37,9959.330659810168,0.9964229611378906,-3.3396731856684253e-19
617100,0.0,-1.0009331681117118e-37,9959.330659808793,0.9964229611379051,-3.336869123665946e-19
617160,0.0,-1.0000871044134827e-37,9959.330659807418,0.9964229611379194,-3.334063662141389e-19
617220,0.0,-9.992406190604736e-38,9959.33065980604,0.9964229611379338,-3.3312568010947525e-19
617280,0.0,-9.983937120526843e-38,9959.330659804664,0.9964229611379481,-3.3284485405260377e-19
617340,0.0,-9.975463833901147e-38,9959.330659803287,0.9964229611379626,-3.325638880435244e-19
617400,0.0,-9.96698633072765e-38,9959.330659801908,0.996422961137977,-3.322827820822372e-19
617460,0.0,-9.95850461100635e-38,9959.33065980053,0.9964229611379914,-3.320015361687421e-19
617520,0.0,-9.950018674737253e-38,9959.330659799149,0.9964229611380058,-3.3172015030303914e-19
617580,0.0,-9.941528521920352e-38,9959.33065979777,0.9964229611380202,-3.314386244851283e-19
617640,0.0,-9.933034152555649e-38,9959.330659796387,0.9964229611380346,-3.3115695871500956e-19
617700,0.0,-9.924535566643146e-38,9959.330659795007,0.9964229611380491,-3.30875152992683e-19
617760,0.0,-9.916032764182842e-38,9959.330659793624,0.9964229611380635,-3.3059320731814856e-19
617820,0.0,-9.907525745174734e-38,9959.33065979224,0.996422961138078,-3.303111216914063e-19
617880,0.0,-9.899014509618826e-38,9959.330659790856,0.9964229611380925,-3.300288961124561e-19
617940,0.0,-9.890499057515116e-38,9959.330659789472,0.9964229611381069,-3.2974653058129803e-19
618000,0.0,-9.881979388863605e-38,9959.330659788087,0.9964229611381215,-3.294640250979321e-19
618060,0.0,-9.873455503664292e-38,9959.330659786701,0.9964229611381359,-3.2918137966235837e-19
618120,0.0,-9.86492740191718e-38,9959.330659785313,0.9964229611381504,-3.288985942745767e-19
618180,0.0,-9.856395083622263e-38,9959.330659783927,0.9964229611381649,-3.286156689345872e-19
618240,0.0,-9.847858548779549e-38,9959.33065978254,0.9964229611381794,-3.283326036423898e-19
618300,0.0,-9.83931779738903e-38,9959.33065978115,0.9964229611381938,-3.280493983979846e-19
618360,0.0,-9.830772829450711e-38,9959.33065977976,0.9964229611382084,-3.277660532013714e-19
618420,0.0,-9.82222364496459e-38,9959.33065977837,0.9964229611382229,-3.274825680525505e-19
618480,0.0,-9.813670243930669e-38,9959.33065977698,0.9964229611382375,-3.271989429515216e-19
618540,0.0,-9.805112626348944e-38,9959.330659775589,0.996422961138252,-3.2691517789828485e-19
618600,0.0,-9.79655079221942e-38,9959.330659774196,0.9964229611382666,-3.266312728928403e-19
618660,0.0,-9.787984741542093e-38,9959.330659772802,0.9964229611382811,-3.2634722793518786e-19
618720,0.0,-9.779414474316965e-38,9959.330659771409,0.9964229611382956,-3.2606304302532754e-19
618780,0.0,-9.770839990544036e-38,9959.330659770016,0.9964229611383102,-3.257787181632593e-19
618840,0.0,-9.762261290223306e-38,9959.33065976862,0.9964229611383248,-3.254942533489833e-19
618900,0.0,-9.753678373354773e-38,9959.330659767225,0.9964229611383394,-3.2520964858249932e-19
618960,0.0,-9.745091239938438e-38,9959.330659765828,0.9964229611383539,-3.2492490386380754e-19
619020,0.0,-9.736499889974304e-38,9959.330659764431,0.9964229611383686,-3.246400191929079e-19
619080,0.0,-9.72790432346237e-38,9959.330659763034,0.9964229611383831,-3.2435499456980036e-19
619140,0.0,-9.71930454040263e-38,9959.330659761636,0.9964229611383978,-3.2406982999448493e-19
619200,0.0,-9.710700540795092e-38,9959.330659760237,0.9964229611384124,-3.2378452546696168e-19
619260,0.0,-9.70209232463975e-38,9959.330659758836,0.996422961138427,-3.234990809872305e-19
619320,0.0,-9.693479891936608e-38,9959.330659757436,0.9964229611384416,-3.2321349655529157e-19
619380,0.0,-9.684863242685665e-38,9959.330659756035,0.9964229611384563,-3.2292777217114467e-19
619440,0.0,-9.67624237688692e-38,9959.330659754633,0.996422961138471,-3.2264190783478985e-19
619500,0.0,-9.667617294540374e-38,9959.33065975323,0.9964229611384856,-3.223559035462273e-19
619560,0.0,-9.658987995646026e-38,9959.330659751828,0.9964229611385003,-3.2206975930545677e-19
619620,0.0,-9.650354480203877e-38,9959.330659750423,0.9964229611385149,-3.2178347511247845e-19
619680,0.0,-9.641716748213927e-38,9959.33065974902,0.9964229611385296,-3.214970509672922e-19
619740,0.0,-9.633074799676176e-38,9959.330659747613,0.9964229611385443,-3.2121048686989817e-19
619800,0.0,-9.624428634590621e-38,9959.330659746209,0.996422961138559,-3.209237828202962e-19
619860,0.0,-9.615778252957267e-38,9959.3306597448,0.9964229611385736,-3.206369388184864e-19
619920,0.0,-9.607123654776108e-38,9959.330659743393,0.9964229611385884,-3.203499548644686e-19
619980,0.0,-9.59846484004715e-38,9959.330659741985,0.9964229611386031,-3.200628309582431e-19
620040,0.0,-9.589801808770393e-38,9959.330659740577,0.9964229611386178,-3.1977556709980967e-19
620100,0.0,-9.581134560945831e-38,9959.330659739167,0.9964229611386326,-3.1948816328916838e-19
620160,0.0,-9.57246309657347e-38,9959.330659737758,0.9964229611386473,-3.192006195263192e-19
620220,0.0,-9.563787415653305e-38,9959.330659736346,0.996422961138662,-3.1891293581126223e-19
620280,0.0,-9.55510751818534e-38,9959.330659734935,0.9964229611386768,-3.186251121439973e-19
620340,0.0,-9.546423404169575e-38,9959.330659733523,0.9964229611386916,-3.1833714852452447e-19
620400,0.0,-9.537735073606009e-38,9959.33065973211,0.9964229611387063,-3.180490449528439e-19
620460,0.0,-9.529042526494639e-38,9959.330659730696,0.9964229611387211,-3.1776080142895534e-19
620520,0.0,-9.52034576283547e-38,9959.330659729283,0.9964229611387359,-3.1747241795285903e-19
620580,0.0,-9.511644782628496e-38,9959.330659727868,0.9964229611387506,-3.1718389452455475e-19
620640,0.0,-9.502939585873723e-38,9959.33065972645,0.9964229611387654,-3.168952311440427e-19
620700,0.0,-9.494230172571149e-38,9959.330659725036,0.9964229611387803,-3.166064278113227e-19
620760,0.0,-9.485516542720772e-38,9959.330659723619,0.996422961138795,-3.1631748452639486e-19
620820,0.0,-9.476798696322594e-38,9959.3306597222,0.9964229611388099,-3.160284012892591e-19
620880,0.0,-9.468076633376617e-38,9959.330659720783,0.9964229611388247,-3.157391780999156e-19
620940,0.0,-9.459350353882835e-38,9959.330659719364,0.9964229611388395,-3.1544981495836413e-19
621000,0.0,-9.450619857841254e-38,9959.330659717943,0.9964229611388543,-3.151603118646048e-19
621060,0.0,-9.44188514525187e-38,9959.330659716523,0.9964229611388692,-3.1487066881863763e-19
621120,0.0,-9.433146216114685e-38,9959.330659715102,0.9964229611388841,-3.145808858204626e-19
621180,0.0,-9.4244030704297e-38,9959.33065971368,0.9964229611388988,-3.1429096287007966e-19
621240,0.0,-9.415655708196912e-38,9959.330659712257,0.9964229611389137,-3.1400089996748885e-19
621300,0.0,-9.406904129416322e-38,9959.330659710835,0.9964229611389286,-3.137106971126902e-19
621360,0.0,-9.398148334087933e-38,9959.33065970941,0.9964229611389435,-3.134203543056837e-19
621420,0.0,-9.389388322211741e-38,9959.330659707986,0.9964229611389583,-3.131298715464693e-19
621480,0.0,-9.380624093787748e-38,9959.33065970656,0.9964229611389733,-3.12839248835047e-19
621540,0.0,-9.371855648815953e-38,9959.330659705134,0.9964229611389882,-3.125484861714169e-19
621600,0.0,-9.363082987296357e-38,9959.330659703708,0.9964229611390031,-3.122575835555789e-19
621660,0.0,-9.35430610922896e-38,9959.33065970228,0.996422961139018,-3.1196654098753307e-19
621720,0.0,-9.345525014613761e-38,9959.330659700852,0.996422961139033,-3.116753584672793e-19
621780,0.0,-9.33673970345076e-38,9959.330659699424,0.9964229611390478,-3.113840359948177e-19
621840,0.0,-9.327950175739958e-38,9959.330659697995,0.9964229611390628,-3.1109257357014825e-19
621900,0.0,-9.319156431481354e-38,9959.330659696563,0.9964229611390777,-3.1080097119327086e-19
621960,0.0,-9.31035847067495e-38,9959.330659695133,0.9964229611390927,-3.1050922886418566e-19
622020,0.0,-9.301556293320743e-38,9959.330659693702,0.9964229611391077,-3.102173465828926e-19
622080,0.0,-9.292749899418736e-38,9959.33065969227,0.9964229611391227,-3.0992532434939164e-19
622140,0.0,-9.283939288968926e-38,9959.330659690837,0.9964229611391375,-3.096331621636828e-19
622200,0.0,-9.275124461971317e-38,9959.330659689404,0.9964229611391525,-3.093408600257661e-19
622260,0.0,-9.266305418425906e-38,9959.330659687968,0.9964229611391675,-3.090484179356416e-19
622320,0.0,-9.257482158332693e-38,9959.330659686533,0.9964229611391825,-3.0875583589330917e-19
622380,0.0,-9.248654681691677e-38,9959.330659685098,0.9964229611391976,-3.0846311389876885e-19
622440,0.0,-9.239822988502862e-38,9959.330659683661,0.9964229611392126,-3.0817025195202077e-19
622500,0.0,-9.230987078766243e-38,9959.330659682224,0.9964229611392276,-3.078772500530647e-19
622560,0.0,-9.222146952481826e-38,9959.330659680787,0.9964229611392426,-3.0758410820190084e-19
622620,0.0,-9.213302609649606e-38,9959.330659679348,0.9964229611392577,-3.0729082639852906e-19
622680,0.0,-9.204454050269585e-38,9959.33065967791,0.9964229611392726,-3.0699740464294945e-19
622740,0.0,-9.195601274341761e-38,9959.330659676469,0.9964229611392877,-3.0670384293516193e-19
622800,0.0,-9.186744281866136e-38,9959.33065967503,0.9964229611393027,-3.0641014127516655e-19
622860,0.0,-9.17788307284271e-38,9959.330659673587,0.9964229611393178,-3.061162996629634e-19
622920,0.0,-9.169017647271483e-38,9959.330659672147,0.9964229611393329,-3.0582231809855223e-19
622980,0.0,-9.160148005152455e-38,9959.330659670704,0.9964229611393479,-3.055281965819333e-19
623040,0.0,-9.151274146485625e-38,9959.33065966926,0.996422961139363,-3.0523393511310644e-19
623100,0.0,-9.142396071270993e-38,9959.330659667816,0.9964229611393781,-3.0493953369207177e-19
623160,0.0,-9.13351377950856e-38,9959.330659666372,0.9964229611393932,-3.046449923188292e-19
623220,0.0,-9.124627271198325e-38,9959.330659664925,0.9964229611394083,-3.043503109933788e-19
623280,0.0,-9.11573654634029e-38,9959.330659663481,0.9964229611394234,-3.0405548971572047e-19
623340,0.0,-9.106841604934453e-38,9959.330659662033,0.9964229611394385,-3.037605284858543e-19
623400,0.0,-9.097942446980814e-38,9959.330659660585,0.9964229611394536,-3.0346542730378024e-19
623460,0.0,-9.089039072479373e-38,9959.330659659137,0.9964229611394688,-3.0317018616949832e-19
623520,0.0,-9.080131481430132e-38,9959.33065965769,0.9964229611394839,-3.0287480508300854e-19
623580,0.0,-9.071219673833089e-38,9959.33065965624,0.9964229611394991,-3.0257928404431094e-19
623640,0.0,-9.062303649688244e-38,9959.33065965479,0.9964229611395142,-3.0228362305340543e-19
623700,0.0,-9.053383408995598e-38,9959.330659653338,0.9964229611395294,-3.01987822110292e-19
623760,0.0,-9.044458951755151e-38,9959.330659651887,0.9964229611395445,-3.016918812149708e-19
623820,0.0,-9.035530277966902e-38,9959.330659650435,0.9964229611395597,-3.0139580036744164e-19
623880,0.0,-9.026597387630852e-38,9959.330659648982,0.996422961139575,-3.010995795677046e-19
623940,0.0,-9.017660280746999e-38,9959.330659647529,0.9964229611395901,-3.0080321881575976e-19
624000,0.0,-9.008718957315346e-38,9959.330659646073,0.9964229611396053,-3.0050671811160705e-19
624060,0.0,-8.999773417335893e-38,9959.33065964462,0.9964229611396205,-3.002100774552464e-19
624120,0.0,-8.990823660808637e-38,9959.330659643163,0.9964229611396357,-2.99913296846678e-19
624180,0.0,-8.98186968773358e-38,9959.330659641708,0.9964229611396509,-2.9961637628590166e-19
624240,0.0,-8.972911498110721e-38,9959.33065964025,0.9964229611396661,-2.993193157729175e-19
624300,0.0,-8.96394909194006e-38,9959.330659638792,0.9964229611396814,-2.990221153077254e-19
624360,0.0,-8.954982469221599e-38,9959.330659637333,0.9964229611396966,-2.9872477489032547e-19
624420,0.0,-8.946011629955337e-38,9959.330659635874,0.9964229611397118,-2.9842729452071764e-19
624480,0.0,-8.937036574141273e-38,9959.330659634415,0.9964229611397272,-2.98129674198902e-19
624540,0.0,-8.928057301779407e-38,9959.330659632955,0.9964229611397424,-2.9783191392487844e-19
624600,0.0,-8.91907381286974e-38,9959.330659631494,0.9964229611397577,-2.97534013698647e-19
624660,0.0,-8.91008610741227e-38,9959.330659630032,0.9964229611397729,-2.9723597352020777e-19
624720,0.0,-8.901094185407001e-38,9959.33065962857,0.9964229611397882,-2.969377933895606e-19
624780,0.0,-8.89209804685393e-38,9959.330659627105,0.9964229611398036,-2.9663947330670563e-19
624840,0.0,-8.883097691753057e-38,9959.33065962564,0.9964229611398188,-2.9634101327164274e-19
624900,0.0,-8.874093120104382e-38,9959.330659624176,0.9964229611398341,-2.9604241328437203e-19
624960,0.0,-8.865084331907907e-38,9959.330659622712,0.9964229611398494,-2.957436733448934e-19
625020,0.0,-8.85607132716363e-38,9959.330659621246,0.9964229611398647,-2.954447934532069e-19
625080,0.0,-8.847054105871552e-38,9959.330659619778,0.99642296113988,-2.9514577360931255e-19
625140,0.0,-8.838032668031672e-38,9959.330659618312,0.9964229611398954,-2.948466138132104e-19
625200,0.0,-8.829007013643991e-38,9959.330659616844,0.9964229611399107,-2.9454731406490024e-19
625260,0.0,-8.819977142708507e-38,9959.330659615374,0.9964229611399261,-2.942478743643823e-19
625320,0.0,-8.810943055225224e-38,9959.330659613905,0.9964229611399414,-2.939482947116565e-19
625380,0.0,-8.801904751194137e-38,9959.330659612435,0.9964229611399568,-2.9364857510672277e-19
625440,0.0,-8.792862230615251e-38,9959.330659610963,0.9964229611399722,-2.9334871554958126e-19
625500,0.0,-8.783815493488563e-38,9959.330659609492,0.9964229611399875,-2.930487160402318e-19
625560,0.0,-8.774764539814073e-38,9959.33065960802,0.996422961140003,-2.927485765786745e-19
625620,0.0,-8.765709369591782e-38,9959.330659606547,0.9964229611400183,-2.9244829716490934e-19
625680,0.0,-8.756649982821689e-38,9959.330659605073,0.9964229611400337,-2.921478777989363e-19
625740,0.0,-8.747586379503794e-38,9959.3306596036,0.9964229611400491,-2.918473184807554e-19
625800,0.0,-8.738518559638099e-38,9959.330659602125,0.9964229611400646,-2.9154661921036667e-19
625860,0.0,-8.729446523224601e-38,9959.330659600648,0.99642296114008,-2.9124577998776995e-19
625920,0.0,-8.720370270263303e-38,9959.330659599173,0.9964229611400954,-2.9094480081296547e-19
625980,0.0,-8.711289800754202e-38,9959.330659597696,0.9964229611401109,-2.9064368168595306e-19
626040,0.0,-8.702205114697302e-38,9959.330659596217,0.9964229611401263,-2.9034242260673284e-19
626100,0.0,-8.693116212092597e-38,9959.33065959474,0.9964229611401417,-2.900410235753047e-19
626160,0.0,-8.684023092940095e-38,9959.330659593259,0.9964229611401572,-2.897394845916687e-19
626220,0.0,-8.674925757239789e-38,9959.33065959178,0.9964229611401726,-2.8943780565582493e-19
626280,0.0,-8.665824204991683e-38,9959.3306595903,0.9964229611401881,-2.8913598676777324e-19
626340,0.0,-8.656718436195774e-38,9959.330659588819,0.9964229611402036,-2.8883402792751364e-19
626400,0.0,-8.647608450852064e-38,9959.330659587336,0.9964229611402191,-2.8853192913504613e-19
626460,0.0,-8.638494248960552e-38,9959.330659585854,0.9964229611402345,-2.8822969039037084e-19
626520,0.0,-8.62937583052124e-38,9959.33065958437,0.9964229611402501,-2.8792731169348764e-19
626580,0.0,-8.620253195534126e-38,9959.330659582887,0.9964229611402655,-2.876247930443966e-19
626640,0.0,-8.611126343999212e-38,9959.330659581401,0.9964229611402811,-2.873221344430977e-19
626700,0.0,-8.601995275916493e-38,9959.330659579917,0.9964229611402966,-2.8701933588959093e-19
626760,0.0,-8.592859991285975e-38,9959.33065957843,0.9964229611403121,-2.867163973838762e-19
626820,0.0,-8.583720490107655e-38,9959.330659576943,0.9964229611403277,-2.8641331892595373e-19
626880,0.0,-8.574576772381535e-38,9959.330659575457,0.9964229611403432,-2.8611010051582333e-19
626940,0.0,-8.565428838107613e-38,9959.330659573969,0.9964229611403588,-2.8580674215348507e-19
627000,0.0,-8.556276687285889e-38,9959.330659572479,0.9964229611403743,-2.8550324383893893e-19
627060,0.0,-8.547120319916362e-38,9959.33065957099,0.9964229611403899,-2.851996055721849e-19
627120,0.0,-8.537959735999036e-38,9959.3306595695,0.9964229611404054,-2.8489582735322307e-19
627180,0.0,-8.528794935533908e-38,9959.330659568008,0.9964229611404211,-2.845919091820533e-19
627240,0.0,-8.519625918520978e-38,9959.330659566516,0.9964229611404366,-2.8428785105867574e-19
627300,0.0,-8.510452684960247e-38,9959.330659565025,0.9964229611404521,-2.839836529830902e-19
627360,0.0,-8.501275234851715e-38,9959.330659563531,0.9964229611404678,-2.836793149552969e-19
627420,0.0,-8.49209356819538e-38,9959.330659562038,0.9964229611404833,-2.833748369752957e-19
627480,0.0,-8.482907684991246e-38,9959.330659560545,0.996422961140499,-2.8307021904308663e-19
627540,0.0,-8.473717585239308e-38,9959.33065955905,0.9964229611405147,-2.8276546115866965e-19
627600,0.0,-8.46452326893957e-38,9959.330659557552,0.9964229611405303,-2.824605633220449e-19
627660,0.0,-8.455324736092031e-38,9959.330659556057,0.9964229611405458,-2.821555255332122e-19
627720,0.0,-8.44612198669669e-38,9959.33065955456,0.9964229611405615,-2.818503477921716e-19
627780,0.0,-8.436915020753547e-38,9959.330659553061,0.9964229611405772,-2.815450300989232e-19
627840,0.0,-8.427703838262603e-38,9959.330659551562,0.9964229611405928,-2.812395724534669e-19
627900,0.0,-8.418488439223856e-38,9959.330659550064,0.9964229611406085,-2.8093397485580273e-19
627960,0.0,-8.409268823637309e-38,9959.330659548565,0.9964229611406242,-2.806282373059307e-19
628020,0.0,-8.400044991502962e-38,9959.330659547064,0.9964229611406399,-2.803223598038508e-19
628080,0.0,-8.390816942820812e-38,9959.330659545562,0.9964229611406555,-2.8001634234956304e-19
628140,0.0,-8.381584677590861e-38,9959.33065954406,0.9964229611406712,-2.7971018494306745e-19
628200,0.0,-8.372348195813108e-38,9959.330659542558,0.996422961140687,-2.7940388758436394e-19
628260,0.0,-8.363107497487554e-38,9959.330659541054,0.9964229611407026,-2.7909745027345256e-19
628320,0.0,-8.3538625826142e-38,9959.33065953955,0.9964229611407184,-2.787908730103333e-19
628380,0.0,-8.344613451193043e-38,9959.330659538045,0.9964229611407341,-2.7848415579500626e-19
628440,0.0,-8.335360103224085e-38,9959.330659536541,0.9964229611407498,-2.781772986274713e-19
628500,0.0,-8.326102538707325e-38,9959.330659535035,0.9964229611407656,-2.7787030150772844e-19
628560,0.0,-8.316840757642765e-38,9959.330659533527,0.9964229611407813,-2.7756316443577773e-19
628620,0.0,-8.307574760030401e-38,9959.33065953202,0.9964229611407971,-2.7725588741161916e-19
628680,0.0,-8.298304545870238e-38,9959.330659530511,0.9964229611408129,-2.769484704352527e-19
628740,0.0,-8.289030115162274e-38,9959.330659529003,0.9964229611408286,-2.766409135066784e-19
628800,0.0,-8.279751467906507e-38,9959.330659527493,0.9964229611408444,-2.7633321662589623e-19
628860,0.0,-8.270468604102938e-38,9959.330659525984,0.9964229611408602,-2.760253797929062e-19
628920,0.0,-8.261181523751569e-38,9959.330659524472,0.9964229611408759,-2.757174030077083e-19
628980,0.0,-8.251890226852397e-38,9959.33065952296,0.9964229611408917,-2.754092862703025e-19
629040,0.0,-8.242594713405426e-38,9959.330659521449,0.9964229611409076,-2.7510102958068887e-19
629100,0.0,-8.233294983410652e-38,9959.330659519936,0.9964229611409233,-2.747926329388673e-19
629160,0.0,-8.223991036868077e-38,9959.330659518422,0.9964229611409392,-2.74484096344838e-19
629220,0.0,-8.214682873777701e-38,9959.330659516907,0.996422961140955,-2.741754197986007e-19
629280,0.0,-8.205370494139523e-38,9959.330659515392,0.9964229611409708,-2.738666033001556e-19
629340,0.0,-8.196053897953543e-38,9959.330659513877,0.9964229611409866,-2.7355764684950257e-19
629400,0.0,-8.186733085219762e-38,9959.33065951236,0.9964229611410025,-2.732485504466418e-19
629460,0.0,-8.17740805593818e-38,9959.330659510842,0.9964229611410184,-2.7293931409157303e-19
629520,0.0,-8.168078810108796e-38,9959.330659509325,0.9964229611410342,-2.726299377842964e-19
629580,0.0,-8.158745347731611e-38,9959.330659507807,0.9964229611410501,-2.7232042152481197e-19
629640,0.0,-8.149407668806625e-38,9959.330659506288,0.996422961141066,-2.720107653131196e-19
629700,0.0,-8.140065773333836e-38,9959.330659504767,0.9964229611410819,-2.7170096914921945e-19
629760,0.0,-8.130719661313247e-38,9959.330659503246,0.9964229611410977,-2.7139103303311136e-19
629820,0.0,-8.121369332744857e-38,9959.330659501726,0.9964229611411136,-2.7108095696479546e-19
629880,0.0,-8.112014787628663e-38,9959.330659500203,0.9964229611411295,-2.7077074094427154e-19
629940,0.0,-8.102656025964669e-38,9959.33065949868,0.9964229611411454,-2.704603849715399e-19
630000,0.0,-8.093293047752874e-38,9959.330659497158,0.9964229611411614,-2.7014988904660035e-19
630060,0.0,-8.083925852993278e-38,9959.330659495634,0.9964229611411772,-2.69839253169453e-19
630120,0.0,-8.074554441685881e-38,9959.33065949411,0.9964229611411932,-2.695284773400977e-19
630180,0.0,-8.065178813830682e-38,9959.330659492583,0.9964229611412091,-2.6921756155853455e-19
630240,0.0,-8.05579896942768e-38,9959.330659491057,0.9964229611412251,-2.6890650582476353e-19
630300,0.0,-8.046414908476879e-38,9959.330659489531,0.9964229611412411,-2.685953101387847e-19
630360,0.0,-8.037026630978274e-38,9959.330659488003,0.996422961141257,-2.682839745005979e-19
630420,0.0,-8.027634136931869e-38,9959.330659486475,0.9964229611412729,-2.679724989102033e-19
630480,0.0,-8.018237426337663e-38,9959.330659484945,0.9964229611412889,-2.676608833676008e-19
630540,0.0,-8.008836499195655e-38,9959.330659483418,0.9964229611413049,-2.6734912787279044e-19
630600,0.0,-7.999431355505846e-38,9959.330659481886,0.9964229611413209,-2.6703723242577223e-19
630660,0.0,-7.990021995268235e-38,9959.330659480356,0.9964229611413369,-2.667251970265461e-19
630720,0.0,-7.980608418482823e-38,9959.330659478825,0.9964229611413529,-2.664130216751122e-19
630780,0.0,-7.971190625149608e-38,9959.330659477291,0.996422961141369,-2.6610070637147033e-19
630840,0.0,-7.961768615268595e-38,9959.330659475758,0.996422961141385,-2.6578825111562065e-19
630900,0.0,-7.952342388839778e-38,9959.330659474224,0.9964229611414009,-2.654756559075631e-19
630960,0.0,-7.942911945863161e-38,9959.330659472691,0.996422961141417,-2.651629207472977e-19
631020,0.0,-7.933477286338741e-38,9959.330659471156,0.996422961141433,-2.6485004563482436e-19
631080,0.0,-7.924038410266521e-38,9959.33065946962,0.9964229611414491,-2.6453703057014316e-19
631140,0.0,-7.914595317646498e-38,9959.330659468083,0.9964229611414651,-2.642238755532542e-19
631200,0.0,-7.905148008478674e-38,9959.330659466546,0.9964229611414812,-2.6391058058415727e-19
631260,0.0,-7.895696482763051e-38,9959.330659465008,0.9964229611414973,-2.635971456628525e-19
631320,0.0,-7.886240740499623e-38,9959.33065946347,0.9964229611415133,-2.6328357078933986e-19
631380,0.0,-7.876780781688395e-38,9959.33065946193,0.9964229611415294,-2.6296985596361933e-19
631440,0.0,-7.867316606329367e-38,9959.330659460391,0.9964229611415455,-2.6265600118569093e-19
631500,0.0,-7.857848214422535e-38,9959.33065945885,0.9964229611415616,-2.623420064555547e-19
631560,0.0,-7.848375605967903e-38,9959.33065945731,0.9964229611415777,-2.620278717732106e-19
631620,0.0,-7.83889878096547e-38,9959.330659455767,0.9964229611415938,-2.6171359713865865e-19
631680,0.0,-7.829417739415235e-38,9959.330659454225,0.99642296114161,-2.613991825518988e-19
631740,0.0,-7.819932481317199e-38,9959.33065945268,0.9964229611416261,-2.6108462801293106e-19
631800,0.0,-7.810443006671361e-38,9959.330659451136,0.9964229611416422,-2.6076993352175547e-19
631860,0.0,-7.800949315477721e-38,9959.330659449592,0.9964229611416584,-2.6045509907837206e-19
631920,0.0,-7.791451407736282e-38,9959.330659448047,0.9964229611416745,-2.601401246827807e-19
631980,0.0,-7.78194928344704e-38,9959.330659446501,0.9964229611416907,-2.598250103349815e-19
632040,0.0,-7.772442942609997e-38,9959.330659444953,0.9964229611417068,-2.595097560349745e-19
632100,0.0,-7.762932385225152e-38,9959.330659443405,0.996422961141723,-2.591943617827595e-19
632160,0.0,-7.753417611292505e-38,9959.330659441857,0.9964229611417391,-2.5887882757833676e-19
632220,0.0,-7.743898620812057e-38,9959.33065944031,0.9964229611417553,-2.5856315342170605e-19
632280,0.0,-7.734375413783809e-38,9959.33065943876,0.9964229611417715,-2.5824733931286757e-19
632340,0.0,-7.724847990207758e-38,9959.33065943721,0.9964229611417877,-2.5793138525182114e-19
632400,0.0,-7.715316350083906e-38,9959.330659435658,0.996422961141804,-2.576152912385669e-19
632460,0.0,-7.705780493412252e-38,9959.330659434107,0.9964229611418202,-2.572990572731047e-19
632520,0.0,-7.696240420192797e-38,9959.330659432555,0.9964229611418364,-2.5698268335543476e-19
632580,0.0,-7.686696130425541e-38,9959.330659431002,0.9964229611418526,-2.5666616948555686e-19
632640,0.0,-7.677147624110483e-38,9959.330659429448,0.9964229611418688,-2.5634951566347113e-19
632700,0.0,-7.667594901247625e-38,9959.330659427893,0.9964229611418851,-2.560327218891775e-19
632760,0.0,-7.658037961836964e-38,9959.330659426338,0.9964229611419013,-2.5571578816267604e-19
632820,0.0,-7.648476805878502e-38,9959.330659424782,0.9964229611419176,-2.553987144839667e-19
632880,0.0,-7.63891143337224e-38,9959.330659423225,0.9964229611419338,-2.550815008530495e-19
632940,0.0,-7.629341844318174e-38,9959.330659421668,0.9964229611419502,-2.547641472699244e-19
633000,0.0,-7.619768038716308e-38,9959.330659420111,0.9964229611419664,-2.5444665373459145e-19
633060,0.0,-7.610190016566641e-38,9959.330659418552,0.9964229611419827,-2.5412902024705066e-19
633120,0.0,-7.600607777869173e-38,9959.330659416994,0.996422961141999,-2.5381124680730196e-19
633180,0.0,-7.591021322623902e-38,9959.330659415433,0.9964229611420152,-2.5349333341534544e-19
633240,0.0,-7.58143065083083e-38,9959.330659413872,0.9964229611420315,-2.53175280071181e-19
633300,0.0,-7.571835762489956e-38,9959.330659412311,0.9964229611420479,-2.5285708677480874e-19
633360,0.0,-7.562236657601281e-38,9959.330659410749,0.9964229611420642,-2.5253875352622853e-19
633420,0.0,-7.552633336164805e-38,9959.330659409186,0.9964229611420805,-2.522202803254405e-19
633480,0.0,-7.543025798180528e-38,9959.330659407622,0.9964229611420969,-2.519016671724446e-19
633540,0.0,-7.533414043648449e-38,9959.33065940606,0.9964229611421133,-2.5158291406724087e-19
633600,0.0,-7.523798072568569e-38,9959.330659404493,0.9964229611421296,-2.5126402100982923e-19
633660,0.0,-7.514177884940886e-38,9959.330659402929,0.9964229611421459,-2.5094498800020973e-19
633720,0.0,-7.504553480765403e-38,9959.330659401363,0.9964229611421623,-2.5062581503838236e-19
633780,0.0,-7.494924860042119e-38,9959.330659399795,0.9964229611421787,-2.5030650212434713e-19
633840,0.0,-7.485292022771033e-38,9959.330659398229,0.9964229611421951,-2.4998704925810403e-19
633900,0.0,-7.475654968952146e-38,9959.33065939666,0.9964229611422114,-2.4966745643965306e-19
633960,0.0,-7.466013698585456e-38,9959.330659395091,0.9964229611422278,-2.4934772366899423e-19
634020,0.0,-7.456368211670966e-38,9959.330659393521,0.9964229611422443,-2.490278509461275e-19
634080,0.0,-7.446718508208675e-38,9959.330659391951,0.9964229611422606,-2.4870783827105296e-19
634140,0.0,-7.437064588198582e-38,9959.33065939038,0.996422961142277,-2.483876856437705e-19
634200,0.0,-7.427406451640688e-38,9959.330659388808,0.9964229611422935,-2.4806739306428023e-19
634260,0.0,-7.417744098534991e-38,9959.330659387237,0.9964229611423099,-2.47746960532582e-19
634320,0.0,-7.408077528881493e-38,9959.330659385663,0.9964229611423263,-2.4742638804867593e-19
634380,0.0,-7.398406742680193e-38,9959.33065938409,0.9964229611423427,-2.4710567561256203e-19
634440,0.0,-7.388731739931093e-38,9959.330659382515,0.9964229611423593,-2.467848232242402e-19
634500,0.0,-7.379052520634193e-38,9959.33065938094,0.9964229611423757,-2.464638308837106e-19
634560,0.0,-7.369369084789489e-38,9959.330659379364,0.9964229611423921,-2.461426985909731e-19
634620,0.0,-7.359681432396984e-38,9959.330659377787,0.9964229611424087,-2.4582142634602767e-19
634680,0.0,-7.349989563456678e-38,9959.33065937621,0.9964229611424251,-2.455000141488744e-19
634740,0.0,-7.340293477968571e-38,9959.330659374633,0.9964229611424416,-2.451784619995133e-19
634800,0.0,-7.330593175932663e-38,9959.330659373054,0.9964229611424581,-2.448567698979443e-19
634860,0.0,-7.320888657348953e-38,9959.330659371475,0.9964229611424746,-2.4453493784416745e-19
634920,0.0,-7.311179922217441e-38,9959.330659369894,0.9964229611424911,-2.442129658381827e-19
634980,0.0,-7.301466970538128e-38,9959.330659368314,0.9964229611425076,-2.4389085387999014e-19
635040,0.0,-7.291749802311014e-38,9959.330659366733,0.9964229611425242,-2.4356860196958967e-19
635100,0.0,-7.282028417536097e-38,9959.33065936515,0.9964229611425407,-2.4324621010698137e-19
635160,0.0,-7.27230281621338e-38,9959.330659363568,0.9964229611425572,-2.429236782921651e-19
635220,0.0,-7.262572998342862e-38,9959.330659361985,0.9964229611425738,-2.426010065251411e-19
635280,0.0,-7.252838963924542e-38,9959.330659360401,0.9964229611425903,-2.4227819480590914e-19
635340,0.0,-7.243100712958419e-38,9959.330659358815,0.9964229611426069,-2.419552431344693e-19
635400,0.0,-7.233358245444496e-38,9959.33065935723,0.9964229611426234,-2.416321515108216e-19
635460,0.0,-7.223611561382771e-38,9959.330659355644,0.9964229611426401,-2.413089199349661e-19
635520,0.0,-7.213860660773245e-38,9959.330659354056,0.9964229611426566,-2.409855484069027e-19
635580,0.0,-7.204105543615919e-38,9959.33065935247,0.9964229611426731,-2.4066203692663137e-19
635640,0.0,-7.19434620991079e-38,9959.330659350882,0.9964229611426898,-2.403383854941523e-19
635700,0.0,-7.184582659657859e-38,9959.330659349293,0.9964229611427063,-2.400145941094652e-19
635760,0.0,-7.174814892857129e-38,9959.330659347703,0.996422961142723,-2.3969066277257034e-19
635820,0.0,-7.165042909508595e-38,9959.330659346113,0.9964229611427396,-2.393665914834676e-19
635880,0.0,-7.155266709612261e-38,9959.330659344521,0.9964229611427562,-2.39042380242157e-19
635940,0.0,-7.145486293168125e-38,9959.33065934293,0.9964229611427728,-2.3871802904863847e-19
636000,0.0,-7.135701660176189e-38,9959.330659341338,0.9964229611427895,-2.3839353790291218e-19
636060,0.0,-7.12591281063645e-38,9959.330659339745,0.9964229611428062,-2.380689068049779e-19
636120,0.0,-7.11611974454891e-38,9959.330659338151,0.9964229611428228,-2.3774413575483585e-19
636180,0.0,-7.106322461913568e-38,9959.330659336556,0.9964229611428395,-2.3741922475248586e-19
636240,0.0,-7.096520962730425e-38,9959.33065933496,0.9964229611428561,-2.37094173797928e-19
636300,0.0,-7.086715246999481e-38,9959.330659333365,0.9964229611428728,-2.3676898289116238e-19
636360,0.0,-7.076905314720735e-38,9959.330659331768,0.9964229611428895,-2.3644365203218874e-19
636420,0.0,-7.067091165894187e-38,9959.330659330171,0.9964229611429062,-2.3611818122100733e-19
636480,0.0,-7.057272800519838e-38,9959.330659328574,0.9964229611429228,-2.35792570457618e-19
636540,0.0,-7.047450218597688e-38,9959.330659326975,0.9964229611429396,-2.3546681974202087e-19
636600,0.0,-7.037623420127738e-38,9959.330659325376,0.9964229611429563,-2.351409290742158e-19
636660,0.0,-7.027792405109984e-38,9959.330659323776,0.996422961142973,-2.3481489845420294e-19
636720,0.0,-7.017957173544431e-38,9959.330659322175,0.9964229611429898,-2.3448872788198216e-19
636780,0.0,-7.008117725431074e-38,9959.330659320574,0.9964229611430064,-2.341624173575535e-19
636840,0.0,-6.998274060769918e-38,9959.330659318972,0.9964229611430232,-2.33835966880917e-19
636900,0.0,-6.988426179560958e-38,9959.33065931737,0.99642296114304,-2.335093764520726e-19
636960,0.0,-6.978574081804199e-38,9959.330659315765,0.9964229611430567,-2.331826460710204e-19
637020,0.0,-6.968717767499638e-38,9959.33065931416,0.9964229611430735,-2.3285577573776027e-19
637080,0.0,-6.958857236647276e-38,9959.330659312556,0.9964229611430903,-2.325287654522923e-19
637140,0.0,-6.948992489247111e-38,9959.330659310952,0.996422961143107,-2.3220161521461643e-19
637200,0.0,-6.939123525299146e-38,9959.330659309346,0.9964229611431238,-2.318743250247327e-19
637260,0.0,-6.929250344803378e-38,9959.330659307738,0.9964229611431406,-2.3154689488264113e-19
637320,0.0,-6.919372947759809e-38,9959.33065930613,0.9964229611431574,-2.3121932478834163e-19
637380,0.0,-6.909491334168439e-38,9959.330659304522,0.9964229611431742,-2.308916147418343e-19
637440,0.0,-6.899605504029268e-38,9959.330659302914,0.996422961143191,-2.3056376474311913e-19
637500,0.0,-6.889715457342294e-38,9959.330659301304,0.9964229611432078,-2.302357747921961e-19
637560,0.0,-6.879821194107521e-38,9959.330659299694,0.9964229611432246,-2.2990764488906516e-19
637620,0.0,-6.869922714324945e-38,9959.330659298083,0.9964229611432415,-2.2957937503372633e-19
637680,0.0,-6.860020017994569e-38,9959.330659296471,0.9964229611432583,-2.2925096522617973e-19
637740,0.0,-6.85011310511639e-38,9959.330659294857,0.9964229611432752,-2.2892241546642516e-19
637800,0.0,-6.84020197569041e-38,9959.330659293246,0.996422961143292,-2.2859372575446273e-19
637860,0.0,-6.830286629716628e-38,9959.33065929163,0.9964229611433089,-2.282648960902925e-19
637920,0.0,-6.820367067195047e-38,9959.330659290017,0.9964229611433257,-2.279359264739143e-19
637980,0.0,-6.810443288125662e-38,9959.330659288402,0.9964229611433426,-2.2760681690532833e-19
638040,0.0,-6.800515292508477e-38,9959.330659286787,0.9964229611433595,-2.272775673845345e-19
638100,0.0,-6.79058308034349e-38,9959.33065928517,0.9964229611433764,-2.269481779115327e-19
638160,0.0,-6.780646651630702e-38,9959.330659283552,0.9964229611433933,-2.2661864848632314e-19
638220,0.0,-6.770706006370112e-38,9959.330659281934,0.9964229611434102,-2.2628897910890564e-19
638280,0.0,-6.760761144561721e-38,9959.330659280316,0.9964229611434271,-2.259591697792803e-19
638340,0.0,-6.750812066205527e-38,9959.330659278696,0.9964229611434441,-2.256292204974471e-19
638400,0.0,-6.740858771301533e-38,9959.330659277077,0.996422961143461,-2.25299131263406e-19
638460,0.0,-6.730901259849738e-38,9959.330659275456,0.996422961143478,-2.2496890207715704e-19
638520,0.0,-6.720939531850141e-38,9959.330659273834,0.9964229611434948,-2.246385329387002e-19
638580,0.0,-6.710973587302742e-38,9959.330659272213,0.9964229611435118,-2.2430802384803556e-19
638640,0.0,-6.701003426207543e-38,9959.330659270589,0.9964229611435288,-2.23977374805163e-19
638700,0.0,-6.691029048564541e-38,9959.330659268966,0.9964229611435457,-2.2364658581008252e-19
638760,0.0,-6.681050454373739e-38,9959.330659267342,0.9964229611435627,-2.233156568627943e-19
638820,0.0,-6.671067643635135e-38,9959.330659265717,0.9964229611435796,-2.229845879632981e-19
638880,0.0,-6.66108061634873e-38,9959.330659264091,0.9964229611435966,-2.226533791115941e-19
638940,0.0,-6.651089372514522e-38,9959.330659262465,0.9964229611436136,-2.223220303076822e-19
639000,0.0,-6.641093912132515e-38,9959.330659260839,0.9964229611436306,-2.2199054155156243e-19
639060,0.0,-6.631094235202705e-38,9959.33065925921,0.9964229611436477,-2.216589128432348e-19
639120,0.0,-6.621090341725094e-38,9959.330659257583,0.9964229611436647,-2.213271441826993e-19
639180,0.0,-6.611082231699681e-38,9959.330659255953,0.9964229611436817,-2.209952355699559e-19
639240,0.0,-6.601069905126468e-38,9959.330659254323,0.9964229611436988,-2.2066318700500473e-19
639300,0.0,-6.591053362005451e-38,9959.330659252693,0.9964229611437158,-2.2033099848784554e-19
639360,0.0,-6.581032602336634e-38,9959.330659251062,0.9964229611437327,-2.1999867001847863e-19
639420,0.0,-6.571007626120016e-38,9959.33065924943,0.9964229611437498,-2.1966620159690375e-19
639480,0.0,-6.560978433355596e-38,9959.330659247798,0.9964229611437669,-2.1933359322312106e-19
639540,0.0,-6.550945024043375e-38,9959.330659246165,0.9964229611437839,-2.1900084489713046e-19
639600,0.0,-6.540907398183353e-38,9959.330659244531,0.996422961143801,-2.1866795661893203e-19
639660,0.0,-6.530865555775529e-38,9959.330659242896,0.9964229611438181,-2.183349283885257e-19
639720,0.0,-6.520819496819903e-38,9959.330659241261,0.9964229611438352,-2.1800176020591153e-19
639780,0.0,-6.510769221316477e-38,9959.330659239626,0.9964229611438523,-2.1766845207108946e-19
639840,0.0,-6.500714729265248e-38,9959.330659237989,0.9964229611438694,-2.1733500398405957e-19
639900,0.0,-6.490656020666219e-38,9959.330659236351,0.9964229611438865,-2.1700141594482176e-19
639960,0.0,-6.480593095519389e-38,9959.330659234714,0.9964229611439036,-2.1666768795337612e-19
640020,0.0,-6.470525953824755e-38,9959.330659233075,0.9964229611439207,-2.1633382000972263e-19
640080,0.0,-6.460454595582322e-38,9959.330659231437,0.9964229611439379,-2.1599981211386122e-19
640140,0.0,-6.450379020792086e-38,9959.330659229796,0.996422961143955,-2.1566566426579197e-19
640200,0.0,-6.44029922945405e-38,9959.330659228155,0.9964229611439721,-2.1533137646551484e-19
640260,0.0,-6.430215221568212e-38,9959.330659226514,0.9964229611439893,-2.1499694871302983e-19
640320,0.0,-6.420126997134571e-38,9959.330659224872,0.9964229611440064,-2.1466238100833696e-19
640380,0.0,-6.410034556153131e-38,9959.33065922323,0.9964229611440236,-2.1432767335143625e-19
640440,0.0,-6.399937898623888e-38,9959.330659221585,0.9964229611440408,-2.1399282574232762e-19
640500,0.0,-6.389837024546844e-38,9959.330659219942,0.9964229611440579,-2.1365783818101115e-19
640560,0.0,-6.379731933921999e-38,9959.330659218296,0.9964229611440751,-2.1332271066748684e-19
640620,0.0,-6.369622626749353e-38,9959.330659216652,0.9964229611440923,-2.129874432017546e-19
640680,0.0,-6.359509103028905e-38,9959.330659215006,0.9964229611441096,-2.1265203578381457e-19
640740,0.0,-6.349391362760655e-38,9959.330659213358,0.9964229611441268,-2.123164884136666e-19
640800,0.0,-6.339269405944605e-38,9959.33065921171,0.996422961144144,-2.119808010913108e-19
640860,0.0,-6.329143232580751e-38,9959.330659210062,0.9964229611441612,-2.1164497381674714e-19
640920,0.0,-6.319012842669098e-38,9959.330659208414,0.9964229611441784,-2.113090065899756e-19
640980,0.0,-6.308878236209644e-38,9959.330659206764,0.9964229611441957,-2.1097289941099617e-19
641040,0.0,-6.298739413202387e-38,9959.330659205112,0.9964229611442129,-2.106366522798089e-19
641100,0.0,-6.288596373647328e-38,9959.330659203462,0.9964229611442301,-2.1030026519641375e-19
641160,0.0,-6.278449117544469e-38,9959.33065920181,0.9964229611442474,-2.0996373816081072e-19
641220,0.0,-6.268297644893808e-38,9959.330659200157,0.9964229611442647,-2.0962707117299986e-19
641280,0.0,-6.258141955695345e-38,9959.330659198504,0.996422961144282,-2.092902642329811e-19
641340,0.0,-6.247982049949082e-38,9959.33065919685,0.9964229611442993,-2.0895331734075445e-19
641400,0.0,-6.237817927655017e-38,9959.330659195197,0.9964229611443165,-2.0861623049631993e-19
641460,0.0,-6.22764958881315e-38,9959.330659193542,0.9964229611443338,-2.082790036996776e-19
641520,0.0,-6.217477033423482e-38,9959.330659191884,0.9964229611443511,-2.0794163695082735e-19
641580,0.0,-6.207300261486012e-38,9959.33065919023,0.9964229611443685,-2.0760413024976929e-19
641640,0.0,-6.197119273000742e-38,9959.330659188572,0.9964229611443858,-2.072664835965033e-19
641700,0.0,-6.186934067967669e-38,9959.330659186913,0.9964229611444031,-2.069286969910295e-19
641760,0.0,-6.176744646386796e-38,9959.330659185254,0.9964229611444204,-2.065907704333478e-19
641820,0.0,-6.166551008258121e-38,9959.330659183595,0.9964229611444377,-2.0625270392345824e-19
641880,0.0,-6.156353153581645e-38,9959.330659181935,0.996422961144455,-2.059144974613608e-19
641940,0.0,-6.146151082357366e-38,9959.330659180274,0.9964229611444725,-2.055761510470555e-19
642000,0.0,-6.135944794585287e-38,9959.330659178613,0.9964229611444898,-2.0523766468054232e-19
642060,0.0,-6.125734290265407e-38,9959.33065917695,0.9964229611445072,-2.0489903836182128e-19
642120,0.0,-6.115519569397724e-38,9959.330659175288,0.9964229611445246,-2.045602720908924e-19
642180,0.0,-6.105300631982241e-38,9959.330659173625,0.996422961144542,-2.0422136586775559e-19
642240,0.0,-6.095077478018955e-38,9959.330659171961,0.9964229611445593,-2.0388231969241096e-19
642300,0.0,-6.084850107507868e-38,9959.330659170295,0.9964229611445767,-2.035431335648584e-19
642360,0.0,-6.07461852044898e-38,9959.33065916863,0.9964229611445942,-2.0320380748509805e-19
642420,0.0,-6.064382716842291e-38,9959.330659166964,0.9964229611446116,-2.0286434145312978e-19
642480,0.0,-6.0541426966878e-38,9959.330659165296,0.9964229611446289,-2.025247354689537e-19
642540,0.0,-6.043898459985509e-38,9959.33065916363,0.9964229611446463,-2.021849895325697e-19
642600,0.0,-6.033650006735415e-38,9959.33065916196,0.9964229611446638,-2.0184510364397785e-19
642660,0.0,-6.023397336937519e-38,9959.330659160292,0.9964229611446812,-2.0150507780317811e-19
642720,0.0,-6.013140450591823e-38,9959.330659158622,0.9964229611446987,-2.0116491201017054e-19
642780,0.0,-6.002879347698325e-38,9959.330659156953,0.9964229611447162,-2.0082460626495507e-19
642840,0.0,-5.992614028257027e-38,9959.330659155281,0.9964229611447336,-2.0048416056753176e-19
642900,0.0,-5.982344492267926e-38,9959.33065915361,0.996422961144751,-2.0014357491790056e-19
642960,0.0,-5.972070739731024e-38,9959.330659151936,0.9964229611447686,-1.998028493160615e-19
643020,0.0,-5.96179277064632e-38,9959.330659150264,0.996422961144786,-1.9946198376201458e-19
643080,0.0,-5.951510585013815e-38,9959.330659148589,0.9964229611448036,-1.9912097825575976e-19
643140,0.0,-5.941224182833509e-38,9959.330659146915,0.996422961144821,-1.9877983279729712e-19
643200,0.0,-5.930933564105402e-38,9959.33065914524,0.9964229611448385,-1.9843854738662656e-19
643260,0.0,-5.920638728829492e-38,9959.330659143565,0.9964229611448561,-1.9809712202374819e-19
643320,0.0,-5.91033967700578e-38,9959.330659141888,0.9964229611448736,-1.9775555670866187e-19
643380,0.0,-5.900036408634268e-38,9959.33065914021,0.9964229611448912,-1.9741385144136774e-19
643440,0.0,-5.889728923714955e-38,9959.330659138532,0.9964229611449086,-1.9707200622186572e-19
643500,0.0,-5.879417222247841e-38,9959.330659136853,0.9964229611449261,-1.9673002105015588e-19
643560,0.0,-5.869101304232925e-38,9959.330659135174,0.9964229611449437,-1.9638789592623812e-19
643620,0.0,-5.858781169670206e-38,9959.330659133493,0.9964229611449613,-1.9604563085011252e-19
643680,0.0,-5.848456818559688e-38,9959.330659131812,0.9964229611449789,-1.9570322582177904e-19
643740,0.0,-5.838128250901366e-38,9959.330659130132,0.9964229611449964,-1.953606808412377e-19
643800,0.0,-5.827795466695245e-38,9959.330659128449,0.9964229611450139,-1.9501799590848846e-19
643860,0.0,-5.817458465941321e-38,9959.330659126766,0.9964229611450316,-1.9467517102353137e-19
643920,0.0,-5.807117248639597e-38,9959.330659125084,0.9964229611450491,-1.9433220618636644e-19
643980,0.0,-5.79677181479007e-38,9959.3306591234,0.9964229611450668,-1.939891013969936e-19
644040,0.0,-5.786422164392743e-38,9959.330659121713,0.9964229611450843,-1.9364585665541293e-19
644100,0.0,-5.776068297447614e-38,9959.330659120029,0.996422961145102,-1.9330247196162436e-19
644160,0.0,-5.765710213954682e-38,9959.330659118343,0.9964229611451196,-1.9295894731562796e-19
644220,0.0,-5.755347913913952e-38,9959.330659116655,0.9964229611451372,-1.9261528271742365e-19
644280,0.0,-5.744981397325417e-38,9959.330659114969,0.9964229611451548,-1.9227147816701147e-19
644340,0.0,-5.734610664189082e-38,9959.330659113279,0.9964229611451725,-1.9192753366439143e-19
644400,0.0,-5.724235714504946e-38,9959.33065911159,0.9964229611451901,-1.9158344920956354e-19
644460,0.0,-5.713856548273009e-38,9959.3306591099,0.9964229611452078,-1.9123922480252777e-19
644520,0.0,-5.703473165493269e-38,9959.330659108211,0.9964229611452254,-1.9089486044328413e-19
644580,0.0,-5.693085566165729e-38,9959.33065910652,0.9964229611452431,-1.9055035613183264e-19
644640,0.0,-5.682693750290387e-38,9959.330659104828,0.9964229611452609,-1.9020571186817327e-19
644700,0.0,-5.672297717867244e-38,9959.330659103134,0.9964229611452785,-1.8986092765230602e-19
644760,0.0,-5.661897468896299e-38,9959.330659101443,0.9964229611452962,-1.8951600348423091e-19
644820,0.0,-5.651493003377552e-38,9959.330659099747,0.9964229611453139,-1.8917093936394796e-19
644880,0.0,-5.641084321311006e-38,9959.330659098054,0.9964229611453316,-1.888257352914571e-19
644940,0.0,-5.630671422696656e-38,9959.330659096358,0.9964229611453493,-1.8848039126675841e-19
645000,0.0,-5.620254307534506e-38,9959.330659094661,0.996422961145367,-1.8813490728985182e-19
645060,0.0,-5.609832975824554e-38,9959.330659092966,0.9964229611453848,-1.8778928336073738e-19
645120,0.0,-5.599407427566801e-38,9959.330659091269,0.9964229611454025,-1.8744351947941507e-19
645180,0.0,-5.588977662761246e-38,9959.33065908957,0.9964229611454203,-1.870976156458849e-19
645240,0.0,-5.57854368140789e-38,9959.330659087871,0.9964229611454379,-1.8675157186014683e-19
645300,0.0,-5.568105483506732e-38,9959.330659086172,0.9964229611454557,-1.864053881222009e-19
645360,0.0,-5.557663069057774e-38,9959.330659084471,0.9964229611454735,-1.860590644320471e-19
645420,0.0,-5.547216438061012e-38,9959.33065908277,0.9964229611454912,-1.8571260078968541e-19
645480,0.0,-5.536765590516451e-38,9959.33065908107,0.9964229611455091,-1.853659971951159e-19
645540,0.0,-5.526310526424088e-38,9959.330659079367,0.9964229611455269,-1.850192536483385e-19
645600,0.0,-5.515851245783923e-38,9959.330659077665,0.9964229611455446,-1.8467237014935327e-19
645660,0.0,-5.505387748595957e-38,9959.33065907596,0.9964229611455624,-1.8432534669816012e-19
645720,0.0,-5.49492003486019e-38,9959.330659074258,0.9964229611455803,-1.8397818329475915e-19
645780,0.0,-5.48444810457662e-38,9959.330659072551,0.996422961145598,-1.8363087993915026e-19
645840,0.0,-5.473971957745251e-38,9959.330659070847,0.9964229611456159,-1.8328343663133356e-19
645900,0.0,-5.463491594366078e-38,9959.33065906914,0.9964229611456337,-1.8293585337130894e-19
645960,0.0,-5.453007014439105e-38,9959.330659067433,0.9964229611456515,-1.8258813015907648e-19
646020,0.0,-5.442518217964331e-38,9959.330659065725,0.9964229611456694,-1.8224026699463612e-19
646080,0.0,-5.432025204941756e-38,9959.330659064017,0.9964229611456873,-1.8189226387798795e-19
646140,0.0,-5.421527975371378e-38,9959.330659062309,0.996422961145705,-1.8154412080913187e-19
646200,0.0,-5.411026529253199e-38,9959.330659060599,0.9964229611457229,-1.811958377880679e-19
646260,0.0,-5.400520866587218e-38,9959.330659058887,0.9964229611457408,-1.8084741481479607e-19
646320,0.0,-5.390010987373436e-38,9959.330659057177,0.9964229611457587,-1.804988518893164e-19
646380,0.0,-5.379496891611853e-38,9959.330659055466,0.9964229611457766,-1.8015014901162886e-19
646440,0.0,-5.368978579302469e-38,9959.330659053752,0.9964229611457945,-1.7980130618173342e-19
646500,0.0,-5.358456050445282e-38,9959.330659052039,0.9964229611458124,-1.7945232339963016e-19
646560,0.0,-5.347929305040295e-38,9959.330659050325,0.9964229611458303,-1.79103200665319e-19
646620,0.0,-5.337398343087506e-38,9959.33065904861,0.9964229611458483,-1.787539379788e-19
646680,0.0,-5.326863164586916e-38,9959.330659046895,0.9964229611458661,-1.7840453534007309e-19
646740,0.0,-5.316323769538524e-38,9959.33065904518,0.996422961145884,-1.7805499274913836e-19
646800,0.0,-5.305780157942331e-38,9959.330659043462,0.996422961145902,-1.7770531020599572e-19
646860,0.0,-5.295232329798337e-38,9959.330659041745,0.99642296114592,-1.7735548771064524e-19
646920,0.0,-5.284680285106541e-38,9959.330659040028,0.9964229611459379,-1.7700552526308687e-19
646980,0.0,-5.274124023866944e-38,9959.330659038309,0.9964229611459559,-1.7665542286332063e-19
647040,0.0,-5.263563546079545e-38,9959.33065903659,0.9964229611459738,-1.7630518051134654e-19
647100,0.0,-5.252998851744345e-38,9959.33065903487,0.9964229611459918,-1.7595479820716457e-19
647160,0.0,-5.242429940861344e-38,9959.330659033149,0.9964229611460098,-1.7560427595077476e-19
647220,0.0,-5.23185681343054e-38,9959.330659031428,0.9964229611460278,-1.7525361374217705e-19
647280,0.0,-5.221279469451935e-38,9959.330659029705,0.9964229611460458,-1.7490281158137146e-19
647340,0.0,-5.21069790892553e-38,9959.330659027983,0.9964229611460638,-1.7455186946835802e-19
647400,0.0,-5.200112131851322e-38,9959.330659026258,0.9964229611460818,-1.7420078740313674e-19
647460,0.0,-5.189522138229313e-38,9959.330659024534,0.9964229611460999,-1.7384956538570754e-19
647520,0.0,-5.178927928059504e-38,9959.33065902281,0.9964229611461178,-1.734982034160705e-19
647580,0.0,-5.168329501341892e-38,9959.330659021083,0.9964229611461358,-1.731467014942256e-19
647640,0.0,-5.157726858076479e-38,9959.330659019357,0.9964229611461539,-1.7279505962017283e-19
647700,0.0,-5.147119998263264e-38,9959.33065901763,0.9964229611461719,-1.7244327779391217e-19
647760,0.0,-5.136508921902248e-38,9959.330659015903,0.99642296114619,-1.7209135601544366e-19
647820,0.0,-5.125893628993431e-38,9959.330659014175,0.9964229611462081,-1.7173929428476727e-19
647880,0.0,-5.115274119536814e-38,9959.330659012445,0.9964229611462261,-1.71387092601883e-19
647940,0.0,-5.104650393532392e-38,9959.330659010715,0.9964229611462442,-1.710347509667909e-19
648000,0.0,-5.094022450980171e-38,9959.330659008985,0.9964229611462623,-1.7068226937949091e-19
648060,0.0,-5.083390291880148e-38,9959.330659007253,0.9964229611462804,-1.7032964783998308e-19
648120,0.0,-5.072753916232324e-38,9959.330659005522,0.9964229611462985,-1.6997688634826735e-19
648180,0.0,-5.062113324036699e-38,9959.33065900379,0.9964229611463166,-1.6962398490434376e-19
648240,0.0,-5.051468515293272e-38,9959.330659002057,0.9964229611463347,-1.692709435082123e-19
648300,0.0,-5.040819490002042e-38,9959.330659000323,0.9964229611463528,-1.6891776215987295e-19
648360,0.0,-5.030166248163012e-38,9959.330658998588,0.996422961146371,-1.6856444085932573e-19
648420,0.0,-5.019508789776181e-38,9959.330658996852,0.9964229611463891,-1.682109796065707e-19
648480,0.0,-5.008847114841548e-38,9959.330658995117,0.9964229611464072,-1.6785737840160775e-19
648540,0.0,-4.998181223359113e-38,9959.33065899338,0.9964229611464254,-1.6750363724443696e-19
648600,0.0,-4.987511115328878e-38,9959.330658991643,0.9964229611464435,-1.6714975613505828e-19
648660,0.0,-4.97683679075084e-38,9959.330658989904,0.9964229611464617,-1.6679573507347178e-19
648720,0.0,-4.966158249625002e-38,9959.330658988165,0.9964229611464798,-1.6644157405967734e-19
648780,0.0,-4.955475491951362e-38,9959.330658986426,0.996422961146498,-1.6608727309367506e-19
648840,0.0,-4.944788517729921e-38,9959.330658984685,0.9964229611465162,-1.6573283217546493e-19
648900,0.0,-4.934097326960678e-38,9959.330658982944,0.9964229611465344,-1.6537825130504692e-19
648960,0.0,-4.923401919643635e-38,9959.330658981204,0.9964229611465526,-1.6502353048242106e-19
649020,0.0,-4.912702295778788e-38,9959.330658979461,0.9964229611465708,-1.646686697075873e-19
649080,0.0,-4.901998455366141e-38,9959.330658977718,0.996422961146589,-1.643136689805457e-19
649140,0.0,-4.891290398405693e-38,9959.330658975976,0.9964229611466072,-1.639585283012962e-19
649200,0.0,-4.880578124897443e-38,9959.330658974231,0.9964229611466254,-1.6360324766983888e-19
649260,0.0,-4.869861634841391e-38,9959.330658972485,0.9964229611466436,-1.6324782708617361e-19
649320,0.0,-4.859140928237538e-38,9959.33065897074,0.9964229611466618,-1.6289226655030053e-19
649380,0.0,-4.848416005085884e-38,9959.330658968995,0.9964229611466802,-1.6253656606221956e-19
649440,0.0,-4.837686865386428e-38,9959.330658967247,0.9964229611466984,-1.6218072562193078e-19
649500,0.0,-4.826953509139171e-38,9959.330658965499,0.9964229611467167,-1.6182474522943407e-19
649560,0.0,-4.816215936344112e-38,9959.33065896375,0.9964229611467349,-1.6146862488472953e-19
649620,0.0,-4.805474147001253e-38,9959.330658962002,0.9964229611467532,-1.611123645878171e-19
649680,0.0,-4.794728141110592e-38,9959.330658960253,0.9964229611467715,-1.6075596433869677e-19
649740,0.0,-4.783977918672129e-38,9959.3306589585,0.9964229611467897,-1.6039942413736862e-19
649800,0.0,-4.773223479685864e-38,9959.330658956751,0.9964229611468081,-1.6004274398383259e-19
649860,0.0,-4.762464824151799e-38,9959.330658954997,0.9964229611468264,-1.596859238780887e-19
649920,0.0,-4.751701952069932e-38,9959.330658953246,0.9964229611468447,-1.5932896382013692e-19
649980,0.0,-4.740934863440264e-38,9959.330658951492,0.996422961146863,-1.589718638099773e-19
650040,0.0,-4.730163558262795e-38,9959.330658949739,0.9964229611468813,-1.5861462384760978e-19
650100,0.0,-4.719388036537523e-38,9959.330658947983,0.9964229611468997,-1.5825724393303444e-19
650160,0.0,-4.708608298264451e-38,9959.330658946228,0.996422961146918,-1.5789972406625118e-19
650220,0.0,-4.697824343443576e-38,9959.330658944473,0.9964229611469364,-1.5754206424726008e-19
650280,0.0,-4.6870361720749e-38,9959.330658942716,0.9964229611469547,-1.5718426447606107e-19
650340,0.0,-4.676243784158423e-38,9959.330658940959,0.996422961146973,-1.5682632475265423e-19
650400,0.0,-4.665447179694145e-38,9959.3306589392,0.9964229611469915,-1.564682450770395e-19
650460,0.0,-4.654646358682065e-38,9959.330658937442,0.9964229611470098,-1.5611002544921694e-19
650520,0.0,-4.6438413211221837e-38,9959.330658935682,0.9964229611470282,-1.5575166586918649e-19
650580,0.0,-4.6330320670145013e-38,9959.330658933923,0.9964229611470466,-1.5539316633694816e-19
650640,0.0,-4.622218596359017e-38,9959.330658932162,0.996422961147065,-1.5503452685250197e-19
650700,0.0,-4.611400909155732e-38,9959.3306589304,0.9964229611470834,-1.5467574741584792e-19
650760,0.0,-4.600579005404645e-38,9959.330658928637,0.9964229611471018,-1.5431682802698602e-19
650820,0.0,-4.5897528851057564e-38,9959.330658926874,0.9964229611471203,-1.539577686859162e-19
650880,0.0,-4.578922548259067e-38,9959.330658925111,0.9964229611471387,-1.5359856939263858e-19
650940,0.0,-4.5680879948645757e-38,9959.330658923347,0.9964229611471571,-1.5323923014715303e-19
651000,0.0,-4.557249224922283e-38,9959.330658921583,0.9964229611471755,-1.5287975094945964e-19
651060,0.0,-4.5464062384321896e-38,9959.330658919816,0.996422961147194,-1.5252013179955839e-19
651120,0.0,-4.535559035394294e-38,9959.33065891805,0.9964229611472124,-1.5216037269744927e-19
651180,0.0,-4.524707615808597e-38,9959.330658916282,0.996422961147231,-1.5180047364313225e-19
651240,0.0,-4.513851979675098e-38,9959.330658914514,0.9964229611472494,-1.5144043463660738e-19
651300,0.0,-4.5029921269937987e-38,9959.330658912746,0.9964229611472679,-1.510802556778746e-19
651360,0.0,-4.492128057764697e-38,9959.330658910978,0.9964229611472863,-1.50719936766934e-19
651420,0.0,-4.481259771987795e-38,9959.330658909208,0.9964229611473049,-1.5035947790378554e-19
651480,0.0,-4.4703872696630913e-38,9959.330658907436,0.9964229611473233,-1.499988790884292e-19
651540,0.0,-4.4595105507905853e-38,9959.330658905666,0.9964229611473419,-1.49638140320865e-19
651600,0.0,-4.4486296153702787e-38,9959.330658903895,0.9964229611473604,-1.492772616010929e-19
651660,0.0,-4.437744463402171e-38,9959.330658902121,0.9964229611473789,-1.48916242929113e-19
651720,0.0,-4.426855094886261e-38,9959.330658900348,0.9964229611473975,-1.4855508430492516e-19
651780,0.0,-4.41596150982255e-38,9959.330658898574,0.9964229611474159,-1.481937857285295e-19
651840,0.0,-4.405063708211038e-38,9959.330658896799,0.9964229611474344,-1.4783234719992594e-19
651900,0.0,-4.394161690051724e-38,9959.330658895024,0.9964229611474531,-1.4747076871911453e-19
651960,0.0,-4.3832554553446084e-38,9959.330658893248,0.9964229611474716,-1.4710905028609523e-19
652020,0.0,-4.372345004089692e-38,9959.330658891471,0.9964229611474902,-1.467471919008681e-19
652080,0.0,-4.3614303362869734e-38,9959.330658889694,0.9964229611475087,-1.4638519356343306e-19
652140,0.0,-4.3505114519364543e-38,9959.330658887917,0.9964229611475274,-1.4602305527379016e-19
652200,0.0,-4.3395883510381335e-38,9959.330658886138,0.9964229611475459,-1.4566077703193942e-19
652260,0.0,-4.32866103359201e-38,9959.330658884357,0.9964229611475645,-1.4529835883788076e-19
652320,0.0,-4.317729499598087e-38,9959.330658882578,0.9964229611475831,-1.4493580069161429e-19
652380,0.0,-4.3067937490563613e-38,9959.330658880797,0.9964229611476018,-1.4457310259313992e-19
652440,0.0,-4.2958537819668346e-38,9959.330658879015,0.9964229611476203,-1.4421026454245771e-19
652500,0.0,-4.284909598329506e-38,9959.330658877232,0.996422961147639,-1.4384728653956757e-19
652560,0.0,-4.2739611981443766e-38,9959.33065887545,0.9964229611476576,-1.4348416858446963e-19
652620,0.0,-4.263008581411446e-38,9959.330658873667,0.9964229611476763,-1.4312091067716377e-19
652680,0.0,-4.252051748130713e-38,9959.330658871882,0.9964229611476949,-1.427575128176501e-19
652740,0.0,-4.24109069830218e-38,9959.330658870098,0.9964229611477136,-1.423939750059285e-19
652800,0.0,-4.2301254319258445e-38,9959.330658868312,0.9964229611477322,-1.4203029724199908e-19
652860,0.0,-4.219155949001708e-38,9959.330658866525,0.9964229611477509,-1.4166647952586176e-19
652920,0.0,-4.20818224952977e-38,9959.330658864737,0.9964229611477695,-1.4130252185751657e-19
652980,0.0,-4.19720433351003e-38,9959.33065886295,0.9964229611477882,-1.4093842423696352e-19
653040,0.0,-4.186222200942489e-38,9959.330658861161,0.9964229611478069,-1.405741866642026e-19
653100,0.0,-4.175235851827147e-38,9959.330658859373,0.9964229611478256,-1.4020980913923384e-19
653160,0.0,-4.164245286164003e-38,9959.330658857583,0.9964229611478442,-1.3984529166205719e-19
653220,0.0,-4.153250503953058e-38,9959.330658855792,0.996422961147863,-1.394806342326727e-19
653280,0.0,-4.142251505194312e-38,9959.330658854002,0.9964229611478818,-1.3911583685108028e-19
653340,0.0,-4.1312482898877634e-38,9959.33065885221,0.9964229611479004,-1.3875089951728005e-19
653400,0.0,-4.1202408580334143e-38,9959.330658850417,0.9964229611479192,-1.383858222312719e-19
653460,0.0,-4.1092292096312634e-38,9959.330658848623,0.9964229611479379,-1.3802060499305595e-19
653520,0.0,-4.0982133446813103e-38,9959.33065884683,0.9964229611479567,-1.3765524780263205e-19
653580,0.0,-4.087193263183557e-38,9959.330658845034,0.9964229611479754,-1.3728975066000036e-19
653640,0.0,-4.076168965138002e-38,9959.330658843239,0.9964229611479941,-1.3692411356516075e-19
653700,0.0,-4.065140450544645e-38,9959.330658841443,0.9964229611480129,-1.3655833651811327e-19
653760,0.0,-4.0541077194034873e-38,9959.330658839646,0.9964229611480317,-1.3619241951885795e-19
653820,0.0,-4.043070771714528e-38,9959.33065883785,0.9964229611480505,-1.3582636256739475e-19
653880,0.0,-4.032029607477767e-38,9959.33065883605,0.9964229611480693,-1.354601656637237e-19
653940,0.0,-4.020984226693205e-38,9959.330658834253,0.996422961148088,-1.3509382880784476e-19
654000,0.0,-4.009934629360841e-38,9959.330658832452,0.9964229611481069,-1.3472735199975795e-19
654060,0.0,-3.9988808154806757e-38,9959.330658830653,0.9964229611481257,-1.3436073523946328e-19
654120,0.0,-3.9878227850527094e-38,9959.330658828852,0.9964229611481445,-1.3399397852696074e-19
654180,0.0,-3.976760538076942e-38,9959.33065882705,0.9964229611481633,-1.3362708186225033e-19
654240,0.0,-3.9656940745533723e-38,9959.330658825247,0.9964229611481822,-1.3326004524533206e-19
654300,0.0,-3.954623394482002e-38,9959.330658823445,0.996422961148201,-1.3289286867620592e-19
654360,0.0,-3.9435484978628297e-38,9959.330658821642,0.9964229611482198,-1.325255521548719e-19
654420,0.0,-3.932469384695856e-38,9959.330658819837,0.9964229611482387,-1.3215809568133001e-19
654480,0.0,-3.921386054981081e-38,9959.330658818031,0.9964229611482576,-1.3179049925558027e-19
654540,0.0,-3.9102985087185045e-38,9959.330658816227,0.9964229611482764,-1.3142276287762265e-19
654600,0.0,-3.899206745908126e-38,9959.33065881442,0.9964229611482953,-1.3105488654745715e-19
654660,0.0,-3.8881107665499473e-38,9959.330658812612,0.9964229611483142,-1.306868702650838e-19
654720,0.0,-3.877010570643967e-38,9959.330658810804,0.9964229611483331,-1.3031871403050258e-19
654780,0.0,-3.865906158190184e-38,9959.330658808996,0.9964229611483519,-1.299504178437135e-19
654840,0.0,-3.854797529188601e-38,9959.330658807186,0.9964229611483708,-1.2958198170471655e-19
654900,0.0,-3.843684683639216e-38,9959.330658805377,0.9964229611483898,-1.2921340561351172e-19
654960,0.0,-3.8325676215420294e-38,9959.330658803567,0.9964229611484087,-1.2884468957009903e-19
655020,0.0,-3.8214463428970414e-38,9959.330658801755,0.9964229611484277,-1.2847583357447847e-19
655080,0.0,-3.810320847704252e-38,9959.330658799943,0.9964229611484465,-1.2810683762665001e-19
655140,0.0,-3.799191135963661e-38,9959.330658798131,0.9964229611484655,-1.2773770172661374e-19
655200,0.0,-3.7880572076752695e-38,9959.330658796318,0.9964229611484844,-1.2736842587436956e-19
655260,0.0,-3.776919062839076e-38,9959.330658794504,0.9964229611485034,-1.2699901006991753e-19
655320,0.0,-3.765776701455081e-38,9959.330658792689,0.9964229611485224,-1.2662945431325764e-19
655380,0.0,-3.754630123523285e-38,9959.330658790874,0.9964229611485413,-1.2625975860438988e-19
655440,0.0,-3.743479329043687e-38,9959.330658789058,0.9964229611485603,-1.2588992294331423e-19
655500,0.0,-3.7323243180162873e-38,9959.330658787241,0.9964229611485793,-1.255199473300307e-19
655560,0.0,-3.721165090441087e-38,9959.330658785424,0.9964229611485983,-1.2514983176453933e-19
655620,0.0,-3.710001646318085e-38,9959.330658783605,0.9964229611486173,-1.2477957624684008e-19
655680,0.0,-3.6988339856472817e-38,9959.330658781786,0.9964229611486363,-1.24409180776933e-19
655740,0.0,-3.6876621084286766e-38,9959.330658779967,0.9964229611486553,-1.2403864535481798e-19
655800,0.0,-3.676486014662271e-38,9959.330658778146,0.9964229611486743,-1.2366796998049516e-19
655860,0.0,-3.6653057043480627e-38,9959.330658776325,0.9964229611486933,-1.2329715465396444e-19
655920,0.0,-3.654121177486054e-38,9959.330658774505,0.9964229611487124,-1.2292619937522586e-19
655980,0.0,-3.642932434076243e-38,9959.330658772682,0.9964229611487314,-1.2255510414427939e-19
656040,0.0,-3.6317394741186306e-38,9959.33065877086,0.9964229611487505,-1.2218386896112507e-19
656100,0.0,-3.6205422976132177e-38,9959.330658769035,0.9964229611487695,-1.218124938257629e-19
656160,0.0,-3.609340904560003e-38,9959.33065876721,0.9964229611487886,-1.2144097873819284e-19
656220,0.0,-3.5981352949589867e-38,9959.330658765386,0.9964229611488077,-1.210693236984149e-19
656280,0.0,-3.586925468810169e-38,9959.33065876356,0.9964229611488268,-1.2069752870642913e-19
656340,0.0,-3.5757114261135503e-38,9959.330658761734,0.9964229611488458,-1.2032559376223545e-19
656400,0.0,-3.564493166869129e-38,9959.330658759907,0.9964229611488649,-1.1995351886583392e-19
656460,0.0,-3.553270691076907e-38,9959.33065875808,0.996422961148884,-1.1958130401722451e-19
656520,0.0,-3.542043998736884e-38,9959.330658756251,0.9964229611489032,-1.1920894921640724e-19
656580,0.0,-3.530813089849059e-38,9959.330658754421,0.9964229611489223,-1.1883645446338213e-19
656640,0.0,-3.519577964413433e-38,9959.330658752591,0.9964229611489414,-1.184638197581491e-19
656700,0.0,-3.5083386224300053e-38,9959.330658750761,0.9964229611489605,-1.1809104510070826e-19
656760,0.0,-3.497095063898776e-38,9959.33065874893,0.9964229611489797,-1.1771813049105952e-19
656820,0.0,-3.485847288819746e-38,9959.330658747098,0.9964229611489988,-1.1734507592920292e-19
656880,0.0,-3.474595297192914e-38,9959.330658745264,0.9964229611490178,-1.1697188141513842e-19
656940,0.0,-3.4633390890182806e-38,9959.33065874343,0.9964229611490371,-1.1659854694886611e-19
657000,0.0,-3.452078664295846e-38,9959.330658741597,0.9964229611490563,-1.1622507253038586e-19
657060,0.0,-3.4408140230256095e-38,9959.330658739762,0.9964229611490754,-1.1585145815969777e-19
657120,0.0,-3.429545165207572e-38,9959.330658737927,0.9964229611490946,-1.1547770383680183e-19
657180,0.0,-3.418272090841733e-38,9959.330658736091,0.9964229611491138,-1.1510380956169803e-19
657240,0.0,-3.406994799928093e-38,9959.330658734254,0.996422961149133,-1.1472977533438634e-19
657300,0.0,-3.3957132924666506e-38,9959.330658732417,0.9964229611491522,-1.1435560115486678e-19
657360,0.0,-3.3844275684574076e-38,9959.33065873058,0.9964229611491714,-1.1398128702313938e-19
657420,0.0,-3.3731376279003634e-38,9959.33065872874,0.9964229611491906,-1.136068329392041e-19
657480,0.0,-3.3618434707955164e-38,9959.3306587269,0.9964229611492098,-1.1323223890306093e-19
657540,0.0,-3.3505450971428693e-38,9959.33065872506,0.996422961149229,-1.1285750491470988e-19
657600,0.0,-3.3392425069424204e-38,9959.33065872322,0.9964229611492482,-1.1248263097415102e-19
657660,0.0,-3.32793570019417e-38,9959.330658721377,0.9964229611492675,-1.1210761708138424e-19
657720,0.0,-3.316624676898118e-38,9959.330658719535,0.9964229611492867,-1.1173246323640964e-19
657780,0.0,-3.305309437054265e-38,9959.330658717692,0.996422961149306,-1.1135716943922712e-19
657840,0.0,-3.29398998066261e-38,9959.33065871585,0.9964229611493253,-1.1098173568983677e-19
657900,0.0,-3.282666307723155e-38,9959.330658714005,0.9964229611493446,-1.1060616198823852e-19
657960,0.0,-3.2713384182358965e-38,9959.330658712159,0.9964229611493638,-1.102304483344324e-19
658020,0.0,-3.2600063122008376e-38,9959.330658710314,0.9964229611493831,-1.0985459472841845e-19
658080,0.0,-3.2486699896179775e-38,9959.330658708468,0.9964229611494024,-1.094786011701966e-19
658140,0.0,-3.237329450487316e-38,9959.33065870662,0.9964229611494217,-1.0910246765976691e-19
658200,0.0,-3.2259846948088526e-38,9959.330658704772,0.996422961149441,-1.0872619419712933e-19
658260,0.0,-3.2146357225825884e-38,9959.330658702924,0.9964229611494603,-1.083497807822839e-19
658320,0.0,-3.2032825338085224e-38,9959.330658701074,0.9964229611494796,-1.0797322741523058e-19
658380,0.0,-3.1919251284866546e-38,9959.330658699224,0.996422961149499,-1.0759653409596941e-19
658440,0.0,-3.180563506616986e-38,9959.330658697374,0.9964229611495183,-1.0721970082450035e-19
658500,0.0,-3.1691976681995156e-38,9959.330658695522,0.9964229611495377,-1.0684272760082344e-19
658560,0.0,-3.1578276132342437e-38,9959.33065869367,0.996422961149557,-1.0646561442493865e-19
658620,0.0,-3.1464533417211706e-38,9959.330658691819,0.9964229611495764,-1.0608836129684601e-19
658680,0.0,-3.1350748536602963e-38,9959.330658689965,0.9964229611495957,-1.0571096821654548e-19
658740,0.0,-3.1236921490516203e-38,9959.33065868811,0.9964229611496151,-1.0533343518403711e-19
658800,0.0,-3.112305227895143e-38,9959.330658686256,0.9964229611496345,-1.0495576219932084e-19
658860,0.0,-3.1009140901908647e-38,9959.330658684401,0.9964229611496539,-1.0457794926239672e-19
658920,0.0,-3.089518735938784e-38,9959.330658682544,0.9964229611496732,-1.0419999637326473e-19
658980,0.0,-3.078119165138902e-38,9959.330658680688,0.9964229611496926,-1.0382190353192485e-19
659040,0.0,-3.066715377791219e-38,9959.33065867883,0.9964229611497121,-1.0344367073837713e-19
659100,0.0,-3.0553073738957347e-38,9959.330658676972,0.9964229611497315,-1.0306529799262153e-19
659160,0.0,-3.0438951534524486e-38,9959.330658675113,0.9964229611497509,-1.0268678529465807e-19
659220,0.0,-3.032478716461362e-38,9959.330658673254,0.9964229611497704,-1.0230813264448674e-19
659280,0.0,-3.021058062922473e-38,9959.330658671393,0.9964229611497898,-1.0192934004210755e-19
659340,0.0,-3.0096331928357827e-38,9959.330658669533,0.9964229611498092,-1.0155040748752047e-19
659400,0.0,-2.9982041062012913e-38,9959.33065866767,0.9964229611498286,-1.0117133498072554e-19
659460,0.0,-2.9867708030189977e-38,9959.33065866581,0.9964229611498482,-1.0079212252172272e-19
659520,0.0,-2.9753332832889033e-38,9959.330658663945,0.9964229611498676,-1.0041277011051205e-19
659580,0.0,-2.963891547011008e-38,9959.330658662082,0.996422961149887,-1.0003327774709351e-19
659640,0.0,-2.9524455941853105e-38,9959.330658660218,0.9964229611499066,-9.965364543146709e-20
659700,0.0,-2.9409954248118115e-38,9959.330658658353,0.996422961149926,-9.927387316363282e-20
659760,0.0,-2.929541038890512e-38,9959.330658656487,0.9964229611499456,-9.889396094359067e-20
659820,0.0,-2.91808243642141e-38,9959.33065865462,0.9964229611499651,-9.851390877134067e-20
659880,0.0,-2.906619617404507e-38,9959.330658652752,0.9964229611499845,-9.813371664688278e-20
659940,0.0,-2.895152581839803e-38,9959.330658650884,0.9964229611500041,-9.775338457021701e-20
660000,0.0,-2.8836813297272967e-38,9959.330658649016,0.9964229611500236,-9.737291254134339e-20
660060,0.0,-2.8722058610669894e-38,9959.330658647146,0.9964229611500431,-9.699230056026192e-20
660120,0.0,-2.860726175858881e-38,9959.330658645278,0.9964229611500627,-9.661154862697255e-20
660180,0.0,-2.8492422741029707e-38,9959.330658643406,0.9964229611500822,-9.623065674147534e-20
660240,0.0,-2.83775415579926e-38,9959.330658641535,0.9964229611501018,-9.584962490377024e-20
660300,0.0,-2.8262618209477466e-38,9959.330658639663,0.9964229611501213,-9.54684531138573e-20
660360,0.0,-2.814765269548432e-38,9959.330658637791,0.996422961150141,-9.508714137173646e-20
660420,0.0,-2.8032645016013166e-38,9959.330658635918,0.9964229611501605,-9.470568967740776e-20
660480,0.0,-2.791759517106399e-38,9959.330658634044,0.99642296115018,-9.43240980308712e-20
660540,0.0,-2.7802503160636807e-38,9959.330658632169,0.9964229611501997,-9.394236643212675e-20
660600,0.0,-2.7687368984731604e-38,9959.330658630293,0.9964229611502192,-9.356049488117447e-20
660660,0.0,-2.7572192643348395e-38,9959.330658628416,0.9964229611502389,-9.317848337801429e-20
660720,0.0,-2.7456974136487163e-38,9959.33065862654,0.9964229611502584,-9.279633192264626e-20
660780,0.0,-2.7341713464147924e-38,9959.330658624662,0.9964229611502781,-9.241404051507035e-20
660840,0.0,-2.722641062633067e-38,9959.330658622785,0.9964229611502977,-9.203160915528659e-20
660900,0.0,-2.7111065623035394e-38,9959.330658620906,0.9964229611503174,-9.164903784329494e-20
660960,0.0,-2.6995678454262103e-38,9959.330658619027,0.996422961150337,-9.126632657909542e-20
661020,0.0,-2.6880249120010805e-38,9959.330658617146,0.9964229611503567,-9.088347536268804e-20
661080,0.0,-2.676477762028149e-38,9959.330658615265,0.9964229611503763,-9.050048419407281e-20
661140,0.0,-2.6649263955074163e-38,9959.330658613382,0.996422961150396,-9.011735307324969e-20
661200,0.0,-2.6533708124388824e-38,9959.330658611501,0.9964229611504156,-8.973408200021871e-20
661260,0.0,-2.6418110128225467e-38,9959.330658609617,0.9964229611504353,-8.935067097497986e-20
661320,0.0,-2.63024699665841e-38,9959.330658607734,0.9964229611504549,-8.896711999753313e-20
661380,0.0,-2.6186787639464713e-38,9959.33065860585,0.9964229611504747,-8.858342906787856e-20
661440,0.0,-2.607106314686731e-38,9959.330658603965,0.9964229611504943,-8.819959818601608e-20
661500,0.0,-2.5955296488791894e-38,9959.330658602079,0.9964229611505141,-8.781562735194577e-20
661560,0.0,-2.583948766523847e-38,9959.330658600193,0.9964229611505337,-8.743151656566758e-20
661620,0.0,-2.572363667620703e-38,9959.330658598305,0.9964229611505535,-8.704726582718153e-20
661680,0.0,-2.560774352169757e-38,9959.330658596416,0.9964229611505732,-8.66628751364876e-20
661740,0.0,-2.54918082017101e-38,9959.330658594528,0.9964229611505929,-8.62783444935858e-20
661800,0.0,-2.5375830716244616e-38,9959.330658592638,0.9964229611506127,-8.589367389847614e-20
661860,0.0,-2.525981106530112e-38,9959.330658590748,0.9964229611506324,-8.550886335115861e-20
661920,0.0,-2.514374924887961e-38,9959.330658588859,0.9964229611506522,-8.512391285163321e-20
661980,0.0,-2.5027645266980074e-38,9959.330658586967,0.996422961150672,-8.473882239989994e-20
662040,0.0,-2.4911499119602534e-38,9959.330658585075,0.9964229611506917,-8.43535919959588e-20
662100,0.0,-2.479531080674698e-38,9959.330658583183,0.9964229611507115,-8.39682216398098e-20
662160,0.0,-2.4679080328413413e-38,9959.33065858129,0.9964229611507313,-8.358271133145292e-20
662220,0.0,-2.4562807684601827e-38,9959.330658579394,0.9964229611507511,-8.319706107088818e-20
662280,0.0,-2.4446492875312234e-38,9959.3306585775,0.9964229611507709,-8.281127085811557e-20
662340,0.0,-2.433013590054462e-38,9959.330658575605,0.9964229611507907,-8.24253406931351e-20
662400,0.0,-2.4213736760298995e-38,9959.330658573708,0.9964229611508105,-8.203927057594676e-20
662460,0.0,-2.409729545457535e-38,9959.330658571813,0.9964229611508303,-8.165306050655053e-20
662520,0.0,-2.3980811983373693e-38,9959.330658569914,0.9964229611508502,-8.126671048494644e-20
662580,0.0,-2.3864286346694023e-38,9959.330658568017,0.9964229611508699,-8.088022051113449e-20
662640,0.0,-2.374771854453634e-38,9959.330658566118,0.9964229611508898,-8.049359058511469e-20
662700,0.0,-2.3631108576900643e-38,9959.330658564219,0.9964229611509097,-8.010682070688699e-20
662760,0.0,-2.351445644378693e-38,9959.330658562318,0.9964229611509295,-7.971991087645145e-20
662820,0.0,-2.339776214519521e-38,9959.330658560417,0.9964229611509494,-7.933286109380802e-20
662880,0.0,-2.328102568112547e-38,9959.330658558514,0.9964229611509693,-7.894567135895674e-20
662940,0.0,-2.316424705157771e-38,9959.330658556612,0.9964229611509892,-7.855834167189755e-20
663000,0.0,-2.3047426256551942e-38,9959.330658554709,0.996422961151009,-7.817087203263053e-20
663060,0.0,-2.2930563296048157e-38,9959.330658552806,0.9964229611510289,-7.778326244115564e-20
663120,0.0,-2.2813658170066364e-38,9959.330658550902,0.9964229611510488,-7.739551289747287e-20
663180,0.0,-2.2696710878606552e-38,9959.330658548995,0.9964229611510688,-7.700762340158226e-20
663240,0.0,-2.2579721421668727e-38,9959.330658547091,0.9964229611510886,-7.661959395348375e-20
663300,0.0,-2.2462689799252889e-38,9959.330658545183,0.9964229611511085,-7.623142455317739e-20
663360,0.0,-2.2345616011359033e-38,9959.330658543277,0.9964229611511285,-7.584311520066314e-20
663420,0.0,-2.2228500057987164e-38,9959.330658541368,0.9964229611511484,-7.545466589594105e-20
663480,0.0,-2.2111341939137282e-38,9959.33065853946,0.9964229611511684,-7.506607663901107e-20
663540,0.0,-2.1994141654809387e-38,9959.33065853755,0.9964229611511883,-7.467734742987324e-20
663600,0.0,-2.1876899205003473e-38,9959.33065853564,0.9964229611512083,-7.428847826852752e-20
663660,0.0,-2.175961458971955e-38,9959.33065853373,0.9964229611512282,-7.389946915497395e-20
663720,0.0,-2.1642287808957612e-38,9959.330658531819,0.9964229611512482,-7.35103200892125e-20
663780,0.0,-2.1524918862717656e-38,9959.330658529907,0.9964229611512682,-7.312103107124318e-20
663840,0.0,-2.1407507750999686e-38,9959.330658527993,0.9964229611512881,-7.2731602101066e-20
663900,0.0,-2.1290054473803706e-38,9959.33065852608,0.9964229611513081,-7.234203317868095e-20
663960,0.0,-2.117255903112971e-38,9959.330658524166,0.9964229611513281,-7.195232430408804e-20
664020,0.0,-2.10550214229777e-38,9959.33065852225,0.9964229611513482,-7.156247547728725e-20
664080,0.0,-2.0937441649347674e-38,9959.330658520335,0.9964229611513682,-7.11724866982786e-20
664140,0.0,-2.0819819710239636e-38,9959.33065851842,0.9964229611513882,-7.078235796706207e-20
664200,0.0,-2.0702155605653583e-38,9959.330658516503,0.9964229611514083,-7.039208928363769e-20
664260,0.0,-2.0584449335589517e-38,9959.330658514586,0.9964229611514283,-7.000168064800543e-20
664320,0.0,-2.0466700900047432e-38,9959.330658512667,0.9964229611514483,-6.96111320601653e-20
664380,0.0,-2.0348910299027338e-38,9959.33065851075,0.9964229611514683,-6.922044352011731e-20
664440,0.0,-2.023107753252923e-38,9959.330658508828,0.9964229611514884,-6.882961502786145e-20
664500,0.0,-2.0113202600553104e-38,9959.330658506908,0.9964229611515085,-6.843864658339771e-20
664560,0.0,-1.9995285503098966e-38,9959.330658504987,0.9964229611515286,-6.804753818672612e-20
664620,0.0,-1.9877326240166815e-38,9959.330658503066,0.9964229611515486,-6.765628983784665e-20
664680,0.0,-1.9759324811756647e-38,9959.330658501143,0.9964229611515687,-6.72649015367593e-20
664740,0.0,-1.9641281217868467e-38,9959.33065849922,0.9964229611515888,-6.687337328346411e-20
664800,0.0,-1.952319545850227e-38,9959.330658497296,0.9964229611516089,-6.648170507796103e-20
664860,0.0,-1.940506753365806e-38,9959.330658495372,0.996422961151629,-6.608989692025009e-20
664920,0.0,-1.9286897443335838e-38,9959.330658493447,0.9964229611516492,-6.569794881033129e-20
664980,0.0,-1.9168685187535602e-38,9959.33065849152,0.9964229611516693,-6.530586074820462e-20
665040,0.0,-1.9050430766257345e-38,9959.330658489594,0.9964229611516894,-6.491363273387006e-20
665100,0.0,-1.893213417950108e-38,9959.330658487668,0.9964229611517096,-6.452126476732766e-20
665160,0.0,-1.8813795427266802e-38,9959.33065848574,0.9964229611517297,-6.412875684857736e-20
665220,0.0,-1.8695414509554507e-38,9959.33065848381,0.9964229611517499,-6.373610897761923e-20
665280,0.0,-1.85769914263642e-38,9959.330658481882,0.99642296115177,-6.33433211544532e-20
665340,0.0,-1.8458526177695875e-38,9959.330658479952,0.9964229611517902,-6.295039337907932e-20
665400,0.0,-1.8340018763549536e-38,9959.33065847802,0.9964229611518104,-6.255732565149757e-20
665460,0.0,-1.8221469183925187e-38,9959.33065847609,0.9964229611518305,-6.216411797170795e-20
665520,0.0,-1.810287743882282e-38,9959.330658474157,0.9964229611518507,-6.177077033971046e-20
665580,0.0,-1.7984243528242438e-38,9959.330658472225,0.9964229611518709,-6.137728275550509e-20
665640,0.0,-1.7865567452184045e-38,9959.330658470291,0.9964229611518911,-6.098365521909187e-20
665700,0.0,-1.7746849210647638e-38,9959.330658468358,0.9964229611519113,-6.058988773047078e-20
665760,0.0,-1.7628088803633215e-38,9959.330658466422,0.9964229611519315,-6.019598028964182e-20
665820,0.0,-1.7509286231140776e-38,9959.330658464487,0.9964229611519517,-5.980193289660498e-20
665880,0.0,-1.7390441493170327e-38,9959.33065846255,0.996422961151972,-5.940774555136028e-20
665940,0.0,-1.727155458972186e-38,9959.330658460614,0.9964229611519922,-5.901341825390771e-20
666000,0.0,-1.7152625520795382e-38,9959.330658458675,0.9964229611520125,-5.861895100424729e-20
666060,0.0,-1.7033654286390887e-38,9959.330658456738,0.9964229611520328,-5.822434380237898e-20
666120,0.0,-1.691464088650838e-38,9959.330658454799,0.996422961152053,-5.782959664830281e-20
666180,0.0,-1.679558532114786e-38,9959.33065845286,0.9964229611520733,-5.743470954201878e-20
666240,0.0,-1.6676487590309322e-38,9959.33065845092,0.9964229611520935,-5.703968248352687e-20
666300,0.0,-1.655734769399277e-38,9959.330658448978,0.9964229611521138,-5.664451547282708e-20
666360,0.0,-1.6438165632198206e-38,9959.330658447036,0.9964229611521341,-5.624920850991944e-20
666420,0.0,-1.6318941404925628e-38,9959.330658445093,0.9964229611521543,-5.585376159480393e-20
666480,0.0,-1.6199675012175034e-38,9959.33065844315,0.9964229611521747,-5.545817472748056e-20
666540,0.0,-1.6080366453946426e-38,9959.330658441208,0.996422961152195,-5.50624479079493e-20
666600,0.0,-1.5961015730239806e-38,9959.330658439263,0.9964229611522153,-5.466658113621018e-20
666660,0.0,-1.584162284105517e-38,9959.330658437317,0.9964229611522356,-5.427057441226321e-20
666720,0.0,-1.572218778639252e-38,9959.330658435372,0.996422961152256,-5.387442773610835e-20
666780,0.0,-1.5602710566251855e-38,9959.330658433424,0.9964229611522764,-5.3478141107745627e-20
666840,0.0,-1.5483191180633176e-38,9959.330658431478,0.9964229611522967,-5.308171452717504e-20
666900,0.0,-1.5363629629536483e-38,9959.33065842953,0.996422961152317,-5.268514799439658e-20
666960,0.0,-1.5244025912961777e-38,9959.330658427582,0.9964229611523374,-5.228844150941026e-20
667020,0.0,-1.5124380030909057e-38,9959.330658425632,0.9964229611523577,-5.189159507221607e-20
667080,0.0,-1.500469198337832e-38,9959.330658423682,0.9964229611523782,-5.1494608682814e-20
667140,0.0,-1.4884961770369572e-38,9959.330658421732,0.9964229611523985,-5.1097482341204063e-20
667200,0.0,-1.4765189391882808e-38,9959.33065841978,0.9964229611524189,-5.0700216047386275e-20
667260,0.0,-1.464537484791803e-38,9959.330658417828,0.9964229611524393,-5.030280980136061e-20
667320,0.0,-1.4525518138475237e-38,9959.330658415874,0.9964229611524597,-4.990526360312707e-20
667380,0.0,-1.440561926355443e-38,9959.33065841392,0.9964229611524801,-4.9507577452685664e-20
667440,0.0,-1.428567822315561e-38,9959.330658411967,0.9964229611525005,-4.91097513500364e-20
667500,0.0,-1.4165695017278776e-38,9959.330658410012,0.9964229611525209,-4.871178529517926e-20
667560,0.0,-1.4045669645923926e-38,9959.330658408056,0.9964229611525414,-4.831367928811425e-20
667620,0.0,-1.3925602109091064e-38,9959.330658406101,0.9964229611525618,-4.791543332884137e-20
667680,0.0,-1.3805492406780187e-38,9959.330658404144,0.9964229611525823,-4.7517047417360634e-20
667740,0.0,-1.3685340538991293e-38,9959.330658402187,0.9964229611526028,-4.7118521553672023e-20
667800,0.0,-1.3565146505724386e-38,9959.330658400228,0.9964229611526232,-4.671985573777554e-20
667860,0.0,-1.3444910306979468e-38,9959.330658398268,0.9964229611526436,-4.632104996967119e-20
667920,0.0,-1.3324631942756533e-38,9959.33065839631,0.9964229611526642,-4.592210424935898e-20
667980,0.0,-1.3204311413055585e-38,9959.330658394349,0.9964229611526846,-4.5523018576838894e-20
668040,0.0,-1.308394871787662e-38,9959.330658392388,0.9964229611527051,-4.5123792952110933e-20
668100,0.0,-1.2963543857219643e-38,9959.330658390427,0.9964229611527257,-4.472442737517512e-20
668160,0.0,-1.2843096831084654e-38,9959.330658388464,0.9964229611527461,-4.432492184603143e-20
668220,0.0,-1.272260763947165e-38,9959.3306583865,0.9964229611527666,-4.3925276364679877e-20
668280,0.0,-1.2602076282380626e-38,9959.330658384537,0.9964229611527872,-4.3525490931120444e-20
668340,0.0,-1.2481502759811593e-38,9959.330658382572,0.9964229611528077,-4.312556554535316e-20
668400,0.0,-1.2360887071764548e-38,9959.330658380606,0.9964229611528282,-4.272550020737799e-20
668460,0.0,-1.2240229218239485e-38,9959.330658378642,0.9964229611528488,-4.232529491719497e-20
668520,0.0,-1.2119529199236405e-38,9959.330658376675,0.9964229611528693,-4.192494967480406e-20
668580,0.0,-1.1998787014755316e-38,9959.330658374707,0.9964229611528899,-4.1524464480205303e-20
668640,0.0,-1.1878002664796212e-38,9959.330658372739,0.9964229611529104,-4.1123839333398666e-20
668700,0.0,-1.1757176149359093e-38,9959.33065837077,0.996422961152931,-4.072307423438417e-20
668760,0.0,-1.1636307468443961e-38,9959.3306583688,0.9964229611529516,-4.03221691831618e-20
668820,0.0,-1.1515396622050812e-38,9959.33065836683,0.9964229611529721,-3.9921124179731556e-20
668880,0.0,-1.139444361017965e-38,9959.330658364861,0.9964229611529928,-3.9519939224093453e-20
668940,0.0,-1.1273448432830475e-38,9959.33065836289,0.9964229611530133,-3.911861431624748e-20
669000,0.0,-1.1152411090003284e-38,9959.330658360917,0.996422961153034,-3.8717149456193636e-20
669060,0.0,-1.103133158169808e-38,9959.330658358944,0.9964229611530546,-3.831554464393192e-20
669120,0.0,-1.0910209907914862e-38,9959.33065835697,0.9964229611530752,-3.7913799879462347e-20
669180,0.0,-1.0789046068653628e-38,9959.330658354997,0.9964229611530958,-3.7511915162784893e-20
669240,0.0,-1.0667840063914381e-38,9959.330658353021,0.9964229611531165,-3.710989049389958e-20
669300,0.0,-1.0546591893697121e-38,9959.330658351046,0.9964229611531371,-3.67077258728064e-20
669360,0.0,-1.0425301558001844e-38,9959.33065834907,0.9964229611531578,-3.6305421299505347e-20
669420,0.0,-1.0303969056828556e-38,9959.330658347093,0.9964229611531784,-3.590297677399643e-20
669480,0.0,-1.0182594390177251e-38,9959.330658345116,0.9964229611531991,-3.5500392296279636e-20
669540,0.0,-1.0061177558047933e-38,9959.330658343137,0.9964229611532197,-3.5097667866354984e-20
669600,0.0,-9.9397185604406e-39,9959.330658341158,0.9964229611532405,-3.469480348422246e-20
669660,0.0,-9.818217397355254e-39,9959.330658339179,0.9964229611532611,-3.429179914988206e-20
669720,0.0,-9.696674068791892e-39,9959.330658337198,0.9964229611532818,-3.38886548633338e-20
669780,0.0,-9.575088574750518e-39,9959.330658335217,0.9964229611533025,-3.3485370624577675e-20
669840,0.0,-9.453460915231129e-39,9959.330658333236,0.9964229611533232,-3.308194643361367e-20
669900,0.0,-9.331791090233726e-39,9959.330658331253,0.996422961153344,-3.2678382290441816e-20
669960,0.0,-9.210079099758307e-39,9959.330658329269,0.9964229611533646,-3.2274678195062075e-20
670020,0.0,-9.088324943804877e-39,9959.330658327286,0.9964229611533854,-3.187083414747448e-20
670080,0.0,-8.96652862237343e-39,9959.330658325302,0.9964229611534061,-3.1466850147679005e-20
670140,0.0,-8.84469013546397e-39,9959.330658323315,0.9964229611534269,-3.106272619567567e-20
670200,0.0,-8.722809483076495e-39,9959.33065832133,0.9964229611534476,-3.0658462291464463e-20
670260,0.0,-8.600886665211006e-39,9959.330658319344,0.9964229611534684,-3.025405843504539e-20
670320,0.0,-8.478921681867504e-39,9959.330658317356,0.9964229611534892,-2.984951462641845e-20
670380,0.0,-8.356914533045986e-39,9959.330658315368,0.9964229611535099,-2.944483086558364e-20
670440,0.0,-8.234865218746456e-39,9959.33065831338,0.9964229611535307,-2.904000715254096e-20
670500,0.0,-8.112773738968909e-39,9959.33065831139,0.9964229611535514,-2.8635043487290413e-20
670560,0.0,-7.99064009371335e-39,9959.3306583094,0.9964229611535723,-2.8229939869831995e-20
670620,0.0,-7.868464282979776e-39,9959.33065830741,0.9964229611535931,-2.782469630016571e-20
670680,0.0,-7.746246306768188e-39,9959.330658305418,0.9964229611536138,-2.741931277829156e-20
670740,0.0,-7.623986165078585e-39,9959.330658303426,0.9964229611536347,-2.701378930420954e-20
670800,0.0,-7.501683857910969e-39,9959.330658301433,0.9964229611536555,-2.6608125877919656e-20
670860,0.0,-7.379339385265338e-39,9959.33065829944,0.9964229611536763,-2.6202322499421897e-20
670920,0.0,-7.256952747141694e-39,9959.330658297446,0.9964229611536972,-2.5796379168716278e-20
670980,0.0,-7.134523943540032e-39,9959.33065829545,0.996422961153718,-2.5390295885802783e-20
671040,0.0,-7.01205297446036e-39,9959.330658293455,0.9964229611537389,-2.4984072650681424e-20
671100,0.0,-6.889539839902672e-39,9959.33065829146,0.9964229611537597,-2.4577709463352193e-20
671160,0.0,-6.76698453986697e-39,9959.330658289462,0.9964229611537806,-2.4171206323815102e-20
671220,0.0,-6.644387074353253e-39,9959.330658287465,0.9964229611538015,-2.3764563232070132e-20
671280,0.0,-6.521747443361525e-39,9959.330658285466,0.9964229611538223,-2.3357780188117302e-20
671340,0.0,-6.399065646891779e-39,9959.330658283467,0.9964229611538432,-2.29508571919566e-20
671400,0.0,-6.276341684944021e-39,9959.330658281468,0.9964229611538641,-2.254379424358803e-20
671460,0.0,-6.153575557518247e-39,9959.330658279467,0.9964229611538851,-2.213659134301159e-20
671520,0.0,-6.03076726461446e-39,9959.330658277466,0.9964229611539059,-2.1729248490227286e-20
671580,0.0,-5.907916806232658e-39,9959.330658275463,0.9964229611539268,-2.1321765685235114e-20
671640,0.0,-5.7850241823728433e-39,9959.330658273462,0.9964229611539478,-2.0914142928035073e-20
671700,0.0,-5.662089393035013e-39,9959.330658271458,0.9964229611539687,-2.0506380218627162e-20
671760,0.0,-5.539112438219169e-39,9959.330658269455,0.9964229611539897,-2.0098477557011382e-20
671820,0.0,-5.416093317925311e-39,9959.33065826745,0.9964229611540106,-1.969043494318774e-20
671880,0.0,-5.293032032153438e-39,9959.330658265444,0.9964229611540315,-1.9282252377156223e-20
671940,0.0,-5.169928580903552e-39,9959.33065826344,0.9964229611540525,-1.887392985891684e-20
672000,0.0,-5.046782964175651e-39,9959.330658261431,0.9964229611540735,-1.846546738846959e-20
672060,0.0,-4.923595181969735e-39,9959.330658259425,0.9964229611540945,-1.8056864965814473e-20
672120,0.0,-4.800365234285806e-39,9959.330658257417,0.9964229611541154,-1.7648122590951483e-20
672180,0.0,-4.677093121123863e-39,9959.330658255409,0.9964229611541364,-1.7239240263880628e-20
672240,0.0,-4.553778842483905e-39,9959.330658253399,0.9964229611541574,-1.6830217984601905e-20
672300,0.0,-4.430422398365933e-39,9959.330658251389,0.9964229611541784,-1.6421055753115312e-20
672360,0.0,-4.307023788769947e-39,9959.330658249377,0.9964229611541995,-1.6011753569420855e-20
672420,0.0,-4.183583013695946e-39,9959.330658247367,0.9964229611542205,-1.5602311433518526e-20
672480,0.0,-4.0601000731439314e-39,9959.330658245353,0.9964229611542414,-1.519272934540833e-20
672540,0.0,-3.936574967113903e-39,9959.330658243342,0.9964229611542625,-1.4783007305090266e-20
672600,0.0,-3.8130076956058594e-39,9959.330658241328,0.9964229611542835,-1.4373145312564334e-20
672660,0.0,-3.689398258619803e-39,9959.330658239314,0.9964229611543046,-1.396314336783053e-20
672720,0.0,-3.565746656155731e-39,9959.330658237299,0.9964229611543256,-1.3553001470888866e-20
672780,0.0,-3.442052888213645e-39,9959.330658235283,0.9964229611543467,-1.3142719621739328e-20
672840,0.0,-3.318316954793545e-39,9959.330658233266,0.9964229611543678,-1.2732297820381923e-20
672900,0.0,-3.194538855895432e-39,9959.33065823125,0.9964229611543889,-1.2321736066816652e-20
672960,0.0,-3.070718591519303e-39,9959.330658229232,0.99642296115441,-1.1911034361043511e-20
673020,0.0,-2.946856161665161e-39,9959.330658227214,0.9964229611544311,-1.15001927030625e-20
673080,0.0,-2.8229515663330036e-39,9959.330658225195,0.9964229611544522,-1.1089211092873621e-20
673140,0.0,-2.6990048055228326e-39,9959.330658223174,0.9964229611544733,-1.0678089530476875e-20
673200,0.0,-2.5750158792346472e-39,9959.330658221155,0.9964229611544944,-1.0266828015872261e-20
673260,0.0,-2.450984787468448e-39,9959.330658219134,0.9964229611545155,-9.855426549059779e-21
673320,0.0,-2.3269115302242346e-39,9959.330658217112,0.9964229611545365,-9.44388513003943e-21
673380,0.0,-2.2027961075020068e-39,9959.330658215089,0.9964229611545578,-9.032203758811213e-21
673440,0.0,-2.0786385193017645e-39,9959.330658213066,0.9964229611545788,-8.620382435375125e-21
673500,0.0,-1.9544387656235083e-39,9959.330658211042,0.9964229611546,-8.208421159731172e-21
673560,0.0,-1.8301968464672376e-39,9959.330658209017,0.9964229611546211,-7.796319931879347e-21
673620,0.0,-1.7059127618329533e-39,9959.330658206993,0.9964229611546424,-7.384078751819657e-21
673680,0.0,-1.581586511720654e-39,9959.330658204966,0.9964229611546634,-6.971697619552098e-21
673740,0.0,-1.457218096130341e-39,9959.33065820294,0.9964229611546846,-6.55917653507667e-21
673800,0.0,-1.3328075150620137e-39,9959.330658200912,0.9964229611547059,-6.146515498393374e-21
673860,0.0,-1.208354768515672e-39,9959.330658198884,0.9964229611547271,-5.73371450950221e-21
673920,0.0,-1.0838598564913162e-39,9959.330658196855,0.9964229611547483,-5.3207735684031785e-21
673980,0.0,-9.593227789889464e-40,9959.330658194827,0.9964229611547695,-4.9076926750962796e-21
674040,0.0,-8.347435360085621e-40,9959.330658192795,0.9964229611547907,-4.494471829581511e-21
674100,0.0,-7.1012212755016364e-40,9959.330658190765,0.9964229611548119,-4.081111031858875e-21
674160,0.0,-5.85458553613751e-40,9959.330658188734,0.9964229611548331,-3.66761028192837e-21
674220,0.0,-4.607528141993241e-40,9959.330658186702,0.9964229611548543,-3.2539695797899977e-21
674280,0.0,-3.360049093068831e-40,9959.330658184668,0.9964229611548756,-2.840188925443757e-21
674340,0.0,-2.1121483893642783e-40,9959.330658182635,0.9964229611548968,-2.426268318889648e-21
674400,0.0,-8.638260308795832e-41,9959.330658180601,0.9964229611549181,-2.012207760127671e-21
674460,0.0,-7.926709167866652e-44,9959.330658179195,0.9964229611549328,-1.7259421790486903e-21
674520,0.0,-7.743159324538095e-44,9959.330658179195,0.9964229611549328,-1.7259267352910843e-21
674580,0.0,-7.559671046225649e-44,9959.330658179193,0.9964229611549329,-1.7259111984710745e-21
674640,0.0,-7.376244332929059e-44,9959.330658179191,0.9964229611549329,-1.7258955685886613e-21
674700,0.0,-7.192879184648453e-44,9959.33065817919,0.9964229611549329,-1.7258798456438435e-21
674760,0.0,-7.009575601383957e-44,9959.33065817919,0.9964229611549329,-1.7258640296366222e-21
674820,0.0,-6.826333583135446e-44,9959.330658179188,0.9964229611549329,-1.7258481205669968e-21
674880,0.0,-6.643153129902662e-44,9959.330658179186,0.9964229611549329,-1.7258321184349676e-21
674940,0.0,-6.460034241686117e-44,9959.330658179186,0.9964229611549329,-1.7258160232405345e-21
675000,0.0,-6.276976918485555e-44,9959.330658179184,0.9964229611549329,-1.7257998349836973e-21
675060,0.0,-6.09398116030085e-44,9959.330658179182,0.996422961154933,-1.7257835536644563e-21
675120,0.0,-5.911046967132128e-44,9959.33065817918,0.996422961154933,-1.7257671792828114e-21
675180,0.0,-5.728174338979517e-44,9959.33065817918,0.996422961154933,-1.7257507118387628e-21
675240,0.0,-5.545363275842762e-44,9959.330658179178,0.996422961154933,-1.72573415133231e-21
675300,0.0,-5.362613777722118e-44,9959.330658179177,0.996422961154933,-1.7257174977634532e-21
675360,0.0,-5.179925844617329e-44,9959.330658179175,0.996422961154933,-1.7257007511321928e-21
675420,0.0,-4.997299476528525e-44,9959.330658179175,0.996422961154933,-1.725683911438528e-21
675480,0.0,-4.814734673455832e-44,9959.330658179173,0.996422961154933,-1.7256669786824593e-21
675540,0.0,-4.632231435399121e-44,9959.330658179171,0.9964229611549331,-1.7256499528639878e-21
675600,0.0,-4.4497897623581394e-44,9959.33065817917,0.9964229611549331,-1.725632833983111e-21
675660,0.0,-4.267409654333396e-44,9959.33065817917,0.9964229611549331,-1.725615622039831e-21
675720,0.0,-4.0850911113246357e-44,9959.330658179168,0.9964229611549331,-1.725598317034147e-21
675780,0.0,-3.9028341333317326e-44,9959.330658179166,0.9964229611549331,-1.725580918966059e-21
675840,0.0,-3.720638720354812e-44,9959.330658179164,0.9964229611549331,-1.7255634278355673e-21
675900,0.0,-3.5385048723940025e-44,9959.330658179164,0.9964229611549331,-1.7255458436426715e-21
675960,0.0,-3.356432589449049e-44,9959.330658179162,0.9964229611549332,-1.7255281663873718e-21
676020,0.0,-3.1744218715202063e-44,9959.33065817916,0.9964229611549332,-1.7255103960696682e-21
676080,0.0,-2.99247271860722e-44,9959.330658179158,0.9964229611549332,-1.7254925326895605e-21
676140,0.0,-2.8105851307102173e-44,9959.330658179158,0.9964229611549332,-1.7254745762470494e-21
676200,0.0,-2.628759107829325e-44,9959.330658179157,0.9964229611549332,-1.7254565267421337e-21
676260,0.0,-2.4469946499644165e-44,9959.330658179155,0.9964229611549332,-1.7254383841748146e-21
676320,0.0,-2.2652917571152374e-44,9959.330658179153,0.9964229611549332,-1.7254201485450913e-21
676380,0.0,-2.083650429282295e-44,9959.330658179153,0.9964229611549332,-1.725401819852964e-21
676440,0.0,-1.9020706664653365e-44,9959.330658179151,0.9964229611549333,-1.7253833980984336e-21
676500,0.0,-1.7205524686642348e-44,9959.33065817915,0.9964229611549333,-1.7253648832814985e-21
676560,0.0,-1.5390958358791164e-44,9959.330658179148,0.9964229611549333,-1.7253462754021595e-21
676620,0.0,-1.3577007681101084e-44,9959.330658179146,0.9964229611549333,-1.7253275744604168e-21
676680,0.0,-1.1763672653569568e-44,9959.330658179146,0.9964229611549333,-1.72530878045627e-21
676740,0.0,-9.95095327619789e-45,9959.330658179144,0.9964229611549333,-1.72528989338972e-21
676800,0.0,-8.138849548987313e-45,9959.330658179142,0.9964229611549333,-1.725270913260765e-21
676860,0.0,-6.327361471935304e-45,9959.33065817914,0.9964229611549335,-1.7252518400694066e-21
676920,0.0,-4.516489045044396e-45,9959.330658179138,0.9964229611549335,-1.7252326738156444e-21
676980,0.0,-2.7062322683120564e-45,9959.330658179138,0.9964229611549335,-1.7252134144994784e-21
677040,0.0,-8.965911417395521e-46,9959.330658179137,0.9964229611549335,-1.7251940621209082e-21
677100,0.0,9.124343346718527e-46,9959.330658179135,0.9964229611549335,-1.725174616679934e-21
677160,0.0,2.7208441609234225e-45,9959.330658179133,0.9964229611549335,-1.725155078176556e-21
677220,0.0,4.528638337017686e-45,9959.330658179131,0.9964229611549335,-1.725135446610774e-21
677280,0.0,6.335816862949587e-45,9959.330658179131,0.9964229611549335,-1.7251157219825887e-21
677340,0.0,8.142379738721652e-45,9959.33065817913,0.9964229611549336,-1.725095904291999e-21
677400,0.0,9.948326964335148e-45,9959.330658179128,0.9964229611549336,-1.725075993539005e-21
677460,0.0,1.175365853978881e-44,9959.330658179126,0.9964229611549336,-1.7250559897236077e-21
677520,0.0,1.355837446508137e-44,9959.330658179124,0.9964229611549336,-1.7250358928458063e-21
677580,0.0,1.536247474021536e-44,9959.330658179124,0.9964229611549336,-1.7250157029056007e-21
677640,0.0,1.7165959365188255e-44,9959.330658179122,0.9964229611549336,-1.7249954199029917e-21
677700,0.0,1.8968828340002576e-44,9959.33065817912,0.9964229611549336,-1.724975043837978e-21
677760,0.0,2.0771081664657062e-44,9959.330658179118,0.9964229611549337,-1.7249545747105614e-21
677820,0.0,2.257271933915045e-44,9959.330658179117,0.9964229611549337,-1.7249340125207402e-21
677880,0.0,2.4373741363484004e-44,9959.330658179117,0.9964229611549337,-1.7249133572685152e-21
677940,0.0,2.6174147737660247e-44,9959.330658179115,0.9964229611549337,-1.7248926089538867e-21
678000,0.0,2.797393846167413e-44,9959.330658179113,0.9964229611549337,-1.7248717675768537e-21
678060,0.0,2.977311353552818e-44,9959.330658179111,0.9964229611549337,-1.7248508331374173e-21
678120,0.0,3.157167295922366e-44,9959.33065817911,0.9964229611549337,-1.7248298056355766e-21
678180,0.0,3.3369616732759303e-44,9959.330658179108,0.9964229611549338,-1.724808685071332e-21
678240,0.0,3.516694485613385e-44,9959.330658179108,0.9964229611549338,-1.724787471444684e-21
678300,0.0,3.6963657329349823e-44,9959.330658179106,0.9964229611549338,-1.7247661647556315e-21
678360,0.0,3.87597541524047e-44,9959.330658179104,0.9964229611549338,-1.7247447650041752e-21
678420,0.0,4.0555235325301e-44,9959.330658179102,0.9964229611549338,-1.724723272190315e-21
678480,0.0,4.235010084803747e-44,9959.3306581791,0.9964229611549338,-1.724701686314051e-21
678540,0.0,4.414435072061284e-44,9959.330658179098,0.9964229611549338,-1.7246800073753835e-21
678600,0.0,4.593798494302964e-44,9959.330658179097,0.9964229611549339,-1.724658235374311e-21
678660,0.0,4.773100351528661e-44,9959.330658179097,0.9964229611549339,-1.724636370310836e-21
678720,0.0,4.952340643738247e-44,9959.330658179095,0.9964229611549339,-1.7246144121849557e-21
678780,0.0,5.131519370931851e-44,9959.330658179093,0.9964229611549339,-1.724592360996672e-21
678840,0.0,5.310636533109722e-44,9959.330658179091,0.9964229611549339,-1.724570216745985e-21
678900,0.0,5.489692130271359e-44,9959.33065817909,0.9964229611549339,-1.7245479794328932e-21
678960,0.0,5.668686162417013e-44,9959.330658179088,0.9964229611549339,-1.7245256490573977e-21
679020,0.0,5.847618629546808e-44,9959.330658179086,0.996422961154934,-1.724503225619499e-21
679080,0.0,6.026489531660619e-44,9959.330658179086,0.996422961154934,-1.7244807091191957e-21
679140,0.0,6.205298868758322e-44,9959.330658179084,0.996422961154934,-1.7244580995564884e-21
679200,0.0,6.384046640840167e-44,9959.330658179082,0.996422961154934,-1.7244353969313773e-21
679260,0.0,6.562732847905903e-44,9959.33065817908,0.996422961154934,-1.7244126012438624e-21
679320,0.0,6.741357489955781e-44,9959.330658179078,0.996422961154934,-1.7243897124939436e-21
679380,0.0,6.919920566989675e-44,9959.330658179077,0.996422961154934,-1.724366730681621e-21
679440,0.0,7.098422079007461e-44,9959.330658179075,0.9964229611549341,-1.7243436558068944e-21
679500,0.0,7.276862026009263e-44,9959.330658179075,0.9964229611549341,-1.724320487869764e-21
679560,0.0,7.455240407995332e-44,9959.330658179073,0.9964229611549341,-1.7242972268702295e-21
679620,0.0,7.633557224965167e-44,9959.330658179071,0.9964229611549341,-1.724273872808291e-21
679680,0.0,7.811812476919019e-44,9959.33065817907,0.9964229611549341,-1.7242504256839482e-21
679740,0.0,7.990006163857013e-44,9959.330658179068,0.9964229611549341,-1.7242268854972028e-21
679800,0.0,8.168138285779022e-44,9959.330658179066,0.9964229611549342,-1.724203252248052e-21
679860,0.0,8.346208842684923e-44,9959.330658179064,0.9964229611549342,-1.7241795259364983e-21
679920,0.0,8.524217834574968e-44,9959.330658179062,0.9964229611549342,-1.7241557065625403e-21
679980,0.0,8.702165261448901e-44,9959.33065817906,0.9964229611549342,-1.724131794126178e-21
680040,0.0,8.880051123306978e-44,9959.33065817906,0.9964229611549342,-1.724107788627413e-21
680100,0.0,9.05787542014907e-44,9959.330658179058,0.9964229611549342,-1.7240836900662428e-21
680160,0.0,9.235638151975054e-44,9959.330658179057,0.9964229611549342,-1.7240594984426692e-21
680220,0.0,9.413339318785054e-44,9959.330658179055,0.9964229611549343,-1.724035213756692e-21
680280,0.0,9.590978920579322e-44,9959.330658179053,0.9964229611549343,-1.7240108360083106e-21
680340,0.0,9.768556957357355e-44,9959.330658179051,0.9964229611549343,-1.7239863651975252e-21
680400,0.0,9.946073429119405e-44,9959.33065817905,0.9964229611549343,-1.7239618013243356e-21
680460,0.0,1.0123528335865597e-43,9959.330658179048,0.9964229611549343,-1.7239371443887426e-21
680520,0.0,1.0300921677595806e-43,9959.330658179046,0.9964229611549343,-1.7239123943907454e-21
680580,0.0,1.0478253454309905e-43,9959.330658179044,0.9964229611549345,-1.7238875513303448e-21
680640,0.0,1.0655523666008147e-43,9959.330658179042,0.9964229611549345,-1.72386261520754e-21
680700,0.0,1.0832732312690403e-43,9959.330658179042,0.9964229611549345,-1.7238375860223306e-21
680760,0.0,1.1009879394356553e-43,9959.33065817904,0.9964229611549345,-1.7238124637747185e-21
680820,0.0,1.1186964911006844e-43,9959.330658179038,0.9964229611549345,-1.7237872484647015e-21
680880,0.0,1.1363988862641026e-43,9959.330658179037,0.9964229611549345,-1.7237619400922807e-21
680940,0.0,1.154095124925935e-43,9959.330658179035,0.9964229611549346,-1.7237365386574565e-21
681000,0.0,1.171785207086169e-43,9959.330658179033,0.9964229611549346,-1.723711044160228e-21
681060,0.0,1.1894691327447924e-43,9959.330658179031,0.9964229611549346,-1.7236854566005958e-21
681120,0.0,1.207146901901817e-43,9959.33065817903,0.9964229611549346,-1.7236597759785597e-21
681180,0.0,1.2248185145572684e-43,9959.330658179028,0.9964229611549346,-1.7236340022941195e-21
681240,0.0,1.2424839707110967e-43,9959.330658179026,0.9964229611549346,-1.7236081355472754e-21
681300,0.0,1.2601432703633265e-43,9959.330658179024,0.9964229611549346,-1.7235821757380275e-21
681360,0.0,1.2777964135139705e-43,9959.330658179022,0.9964229611549347,-1.7235561228663755e-21
681420,0.0,1.295443400163016e-43,9959.33065817902,0.9964229611549347,-1.7235299769323196e-21
681480,0.0,1.3130842303104508e-43,9959.330658179018,0.9964229611549347,-1.7235037379358603e-21
681540,0.0,1.3307189039562998e-43,9959.330658179017,0.9964229611549347,-1.723477405876997e-21
681600,0.0,1.348347421100538e-43,9959.330658179015,0.9964229611549347,-1.723450980755729e-21
681660,0.0,1.36596978174319e-43,9959.330658179015,0.9964229611549347,-1.723424462572058e-21
681720,0.0,1.3835859858842439e-43,9959.330658179013,0.9964229611549348,-1.7233978513259824e-21
681780,0.0,1.4011960335236869e-43,9959.330658179011,0.9964229611549348,-1.723371147017503e-21
681840,0.0,1.4187999246615317e-43,9959.33065817901,0.9964229611549348,-1.72334434964662e-21
681900,0.0,1.436397659297803e-43,9959.330658179008,0.9964229611549348,-1.7233174592133325e-21
681960,0.0,1.4539892374324508e-43,9959.330658179006,0.9964229611549348,-1.7232904757176416e-21
682020,0.0,1.4715746590655005e-43,9959.330658179004,0.9964229611549348,-1.723263399159547e-21
682080,0.0,1.4891539241969645e-43,9959.330658179002,0.9964229611549349,-1.723236229539048e-21
682140,0.0,1.5067270328268298e-43,9959.330658179,0.9964229611549349,-1.7232089668561456e-21
682200,0.0,1.5242939849550843e-43,9959.330658178998,0.9964229611549349,-1.7231816111108387e-21
682260,0.0,1.5418547805817531e-43,9959.330658178997,0.9964229611549349,-1.723154162303128e-21
682320,0.0,1.559409419706811e-43,9959.330658178995,0.9964229611549349,-1.723126620433014e-21
682380,0.0,1.576957902330283e-43,9959.330658178993,0.9964229611549349,-1.7230989855004955e-21
682440,0.0,1.5945002284521566e-43,9959.330658178991,0.996422961154935,-1.723071257505573e-21
682500,0.0,1.6120363980724195e-43,9959.33065817899,0.996422961154935,-1.7230434364482467e-21
682560,0.0,1.6295664111910842e-43,9959.330658178988,0.996422961154935,-1.723015522328517e-21
682620,0.0,1.6470902678081751e-43,9959.330658178986,0.996422961154935,-1.7229875151463826e-21
682680,0.0,1.664607967923643e-43,9959.330658178984,0.996422961154935,-1.722959414901845e-21
682740,0.0,1.6821195115375126e-43,9959.330658178982,0.996422961154935,-1.7229312215949032e-21
682800,0.0,1.6996248986498084e-43,9959.33065817898,0.9964229611549351,-1.7229029352255567e-21
682860,0.0,1.7171241292604813e-43,9959.330658178978,0.9964229611549351,-1.7228745557938075e-21
682920,0.0,1.7346172033695559e-43,9959.330658178977,0.9964229611549351,-1.7228460832996538e-21
682980,0.0,1.7521041209770444e-43,9959.330658178975,0.9964229611549351,-1.7228175177430962e-21
683040,0.0,1.7695848820829344e-43,9959.330658178973,0.9964229611549351,-1.722788859124135e-21
683100,0.0,1.7870594866872137e-43,9959.330658178971,0.9964229611549351,-1.7227601074427692e-21
683160,0.0,1.8045279347899073e-43,9959.33065817897,0.9964229611549352,-1.7227312626990002e-21
683220,0.0,1.82199022639099e-43,9959.330658178967,0.9964229611549352,-1.722702324892827e-21
683280,0.0,1.8394463614904867e-43,9959.330658178966,0.9964229611549352,-1.72267329402425e-21
683340,0.0,1.8568963400883854e-43,9959.330658178964,0.9964229611549352,-1.7226441700932692e-21
683400,0.0,1.8743401621846732e-43,9959.330658178962,0.9964229611549352,-1.7226149530998843e-21
683460,0.0,1.8917778277793626e-43,9959.33065817896,0.9964229611549352,-1.7225856430440954e-21
683520,0.0,1.9092093368724783e-43,9959.330658178958,0.9964229611549353,-1.7225562399259025e-21
683580,0.0,1.926634689463971e-43,9959.330658178957,0.9964229611549353,-1.722526743745306e-21
683640,0.0,1.9440538855538653e-43,9959.330658178955,0.9964229611549353,-1.7224971545023058e-21
683700,0.0,1.9614669251421737e-43,9959.330658178953,0.9964229611549353,-1.722467472196901e-21
683760,0.0,1.9788738082288836e-43,9959.330658178951,0.9964229611549353,-1.7224376968290927e-21
683820,0.0,1.9962745348139828e-43,9959.33065817895,0.9964229611549354,-1.7224078283988803e-21
683880,0.0,2.0136691048974962e-43,9959.330658178947,0.9964229611549354,-1.7223778669062637e-21
683940,0.0,2.031057518479399e-43,9959.330658178946,0.9964229611549354,-1.7223478123512444e-21
684000,0.0,2.048439775559715e-43,9959.330658178944,0.9964229611549354,-1.72231766473382e-21
684060,0.0,2.0658158761384335e-43,9959.330658178942,0.9964229611549354,-1.7222874240539918e-21
684120,0.0,2.0831858202155413e-43,9959.33065817894,0.9964229611549354,-1.7222570903117603e-21
684180,0.0,2.10054960779105e-43,9959.330658178938,0.9964229611549356,-1.7222266635071243e-21
684240,0.0,2.1179072388649857e-43,9959.330658178937,0.9964229611549356,-1.7221961436400848e-21
684300,0.0,2.1352587134372985e-43,9959.330658178935,0.9964229611549356,-1.722165530710641e-21
684360,0.0,2.1526040315080124e-43,9959.330658178933,0.9964229611549356,-1.7221348247187937e-21
684420,0.0,2.1699431930771407e-43,9959.330658178931,0.9964229611549356,-1.7221040256645424e-21
684480,0.0,2.1872761981446705e-43,9959.33065817893,0.9964229611549356,-1.722073133547887e-21
684540,0.0,2.2046030467105895e-43,9959.330658178926,0.9964229611549357,-1.7220421483688276e-21
684600,0.0,2.221923738774923e-43,9959.330658178924,0.9964229611549357,-1.7220110701273646e-21
684660,0.0,2.2392382743376573e-43,9959.330658178922,0.9964229611549357,-1.7219798988234977e-21
684720,0.0,2.2565466533987814e-43,9959.33065817892,0.9964229611549357,-1.7219486344572262e-21
684780,0.0,2.2738488759583198e-43,9959.330658178918,0.9964229611549357,-1.7219172770285517e-21
684840,0.0,2.291144942016247e-43,9959.330658178917,0.9964229611549358,-1.721885826537473e-21
684900,0.0,2.308434851572588e-43,9959.330658178915,0.9964229611549358,-1.7218542829839897e-21
684960,0.0,2.3257186046273315e-43,9959.330658178913,0.9964229611549358,-1.7218226463681037e-21
685020,0.0,2.342996201180464e-43,9959.330658178911,0.9964229611549358,-1.721790916689813e-21
685080,0.0,2.3602676412319976e-43,9959.33065817891,0.9964229611549358,-1.721759093949118e-21
685140,0.0,2.377532924781958e-43,9959.330658178907,0.9964229611549358,-1.72172717814602e-21
685200,0.0,2.3947920518302954e-43,9959.330658178906,0.9964229611549359,-1.7216951692805173e-21
685260,0.0,2.4120450223770343e-43,9959.330658178904,0.9964229611549359,-1.7216630673526116e-21
685320,0.0,2.4292918364221875e-43,9959.330658178902,0.9964229611549359,-1.7216308723623012e-21
685380,0.0,2.446532493965742e-43,9959.3306581789,0.9964229611549359,-1.7215985843095875e-21
685440,0.0,2.463766995007686e-43,9959.330658178898,0.9964229611549359,-1.7215662031944696e-21
685500,0.0,2.4809953395480437e-43,9959.330658178895,0.996422961154936,-1.7215337290169474e-21
685560,0.0,2.4982175275867908e-43,9959.330658178893,0.996422961154936,-1.721501161777022e-21
685620,0.0,2.515433559123952e-43,9959.330658178891,0.996422961154936,-1.721468501474692e-21
685680,0.0,2.532643434159515e-43,9959.33065817889,0.996422961154936,-1.7214357481099586e-21
685740,0.0,2.5498471526934672e-43,9959.330658178887,0.996422961154936,-1.7214029016828212e-21
685800,0.0,2.567044714725821e-43,9959.330658178886,0.9964229611549361,-1.7213699621932796e-21
685860,0.0,2.584236120256601e-43,9959.330658178884,0.9964229611549361,-1.7213369296413346e-21
685920,0.0,2.601421369285758e-43,9959.330658178882,0.9964229611549361,-1.721303804026985e-21
685980,0.0,2.618600461813317e-43,9959.33065817888,0.9964229611549361,-1.7212705853502317e-21
686040,0.0,2.63577339783929e-43,9959.330658178878,0.9964229611549361,-1.721237273611075e-21
686100,0.0,2.652940177363664e-43,9959.330658178875,0.9964229611549361,-1.7212038688095136e-21
686160,0.0,2.670100800386428e-43,9959.330658178873,0.9964229611549362,-1.721170370945549e-21
686220,0.0,2.6872552669076057e-43,9959.330658178871,0.9964229611549362,-1.72113678001918e-21
686280,0.0,2.7044035769271727e-43,9959.33065817887,0.9964229611549362,-1.721103096030407e-21
686340,0.0,2.7215457304451535e-43,9959.330658178867,0.9964229611549362,-1.7210693189792308e-21
686400,0.0,2.7386817274615363e-43,9959.330658178866,0.9964229611549362,-1.72103544886565e-21
686460,0.0,2.7558115679763084e-43,9959.330658178864,0.9964229611549363,-1.7210014856896658e-21
686520,0.0,2.7729352519894823e-43,9959.330658178862,0.9964229611549363,-1.7209674294512774e-21
686580,0.0,2.7900527795010818e-43,9959.33065817886,0.9964229611549363,-1.720933280150485e-21
686640,0.0,2.807164150511059e-43,9959.330658178857,0.9964229611549363,-1.720899037787289e-21
686700,0.0,2.824269365019438e-43,9959.330658178855,0.9964229611549363,-1.7208647023616885e-21
686760,0.0,2.8413684230262424e-43,9959.330658178853,0.9964229611549364,-1.720830273873685e-21
686820,0.0,2.8584613245314245e-43,9959.330658178851,0.9964229611549364,-1.7207957523232766e-21
686880,0.0,2.8755480695350082e-43,9959.33065817885,0.9964229611549364,-1.720761137710465e-21
686940,0.0,2.892628658037006e-43,9959.330658178847,0.9964229611549364,-1.7207264300352495e-21
687000,0.0,2.9097030900374046e-43,9959.330658178846,0.9964229611549364,-1.720691629297629e-21
687060,0.0,2.9267713655361934e-43,9959.330658178844,0.9964229611549366,-1.720656735497606e-21
687120,0.0,2.9438334845333957e-43,9959.33065817884,0.9964229611549366,-1.7206217486351784e-21
687180,0.0,2.960889447028988e-43,9959.330658178838,0.9964229611549366,-1.720586668710347e-21
687240,0.0,2.9779392530229934e-43,9959.330658178837,0.9964229611549366,-1.7205514957231117e-21
687300,0.0,2.9949829025154007e-43,9959.330658178835,0.9964229611549366,-1.7205162296734722e-21
687360,0.0,3.0120203955061977e-43,9959.330658178833,0.9964229611549366,-1.7204808705614293e-21
687420,0.0,3.029051731995396e-43,9959.330658178831,0.9964229611549367,-1.7204454183869823e-21
687480,0.0,3.046076911983021e-43,9959.33065817883,0.9964229611549367,-1.7204098731501314e-21
687540,0.0,3.0630959354690226e-43,9959.330658178826,0.9964229611549367,-1.7203742348508763e-21
687600,0.0,3.080108802453426e-43,9959.330658178824,0.9964229611549367,-1.7203385034892174e-21
687660,0.0,3.0971155129362437e-43,9959.330658178822,0.9964229611549367,-1.7203026790651547e-21
687720,0.0,3.1141160669174623e-43,9959.33065817882,0.9964229611549368,-1.7202667615786882e-21
687780,0.0,3.131110464397071e-43,9959.330658178818,0.9964229611549368,-1.7202307510298176e-21
687840,0.0,3.148098705375093e-43,9959.330658178817,0.9964229611549368,-1.7201946474185434e-21
687900,0.0,3.165080789851505e-43,9959.330658178813,0.9964229611549368,-1.7201584507448647e-21
687960,0.0,3.1820567178263305e-43,9959.330658178811,0.9964229611549368,-1.7201221610087826e-21
688020,0.0,3.1990264892995578e-43,9959.33065817881,0.9964229611549369,-1.7200857782102963e-21
688080,0.0,3.2159901042711746e-43,9959.330658178807,0.9964229611549369,-1.7200493023494062e-21
688140,0.0,3.232947562741193e-43,9959.330658178806,0.9964229611549369,-1.7200127334261123e-21
688200,0.0,3.2498988647096372e-43,9959.330658178804,0.9964229611549369,-1.719976071440414e-21
688260,0.0,3.2668440101764587e-43,9959.3306581788,0.9964229611549369,-1.7199393163923126e-21
688320,0.0,3.283782999141682e-43,9959.330658178798,0.996422961154937,-1.7199024682818065e-21
688380,0.0,3.3007158316053195e-43,9959.330658178797,0.996422961154937,-1.7198655271088966e-21
688440,0.0,3.317642507567358e-43,9959.330658178795,0.996422961154937,-1.7198284928735836e-21
688500,0.0,3.334563027027786e-43,9959.330658178793,0.996422961154937,-1.7197913655758657e-21
688560,0.0,3.3514773899866286e-43,9959.330658178791,0.996422961154937,-1.7197541452157443e-21
688620,0.0,3.3683855964438722e-43,9959.330658178787,0.9964229611549371,-1.719716831793219e-21
688680,0.0,3.3852876463995054e-43,9959.330658178786,0.9964229611549371,-1.7196794253082898e-21
688740,0.0,3.4021835398535525e-43,9959.330658178784,0.9964229611549371,-1.719641925760957e-21
688800,0.0,3.4190732768059892e-43,9959.330658178782,0.9964229611549371,-1.7196043331512197e-21
688860,0.0,3.4359568572568394e-43,9959.33065817878,0.9964229611549372,-1.719566647479079e-21
688920,0.0,3.4528342812060916e-43,9959.330658178777,0.9964229611549372,-1.719528868744534e-21
688980,0.0,3.469705548653733e-43,9959.330658178775,0.9964229611549372,-1.719490996947585e-21
689040,0.0,3.4865706595997763e-43,9959.330658178773,0.9964229611549372,-1.7194530320882326e-21
689100,0.0,3.503429614044245e-43,9959.330658178771,0.9964229611549372,-1.7194149741664754e-21
689160,0.0,3.5202824119870915e-43,9959.33065817877,0.9964229611549373,-1.7193768231823152e-21
689220,0.0,3.53712905342834e-43,9959.330658178766,0.9964229611549373,-1.7193385791357508e-21
689280,0.0,3.553969538368002e-43,9959.330658178764,0.9964229611549373,-1.7193002420267822e-21
689340,0.0,3.570803866806065e-43,9959.330658178762,0.9964229611549373,-1.71926181185541e-21
689400,0.0,3.587632038742519e-43,9959.33065817876,0.9964229611549373,-1.7192232886216336e-21
689460,0.0,3.604454054177386e-43,9959.330658178758,0.9964229611549374,-1.7191846723254536e-21
689520,0.0,3.621269913110642e-43,9959.330658178755,0.9964229611549374,-1.7191459629668698e-21
689580,0.0,3.638079615542312e-43,9959.330658178753,0.9964229611549374,-1.7191071605458817e-21
689640,0.0,3.654883161472384e-43,9959.330658178751,0.9964229611549374,-1.71906826506249e-21
689700,0.0,3.671680550900845e-43,9959.33065817875,0.9964229611549374,-1.719029276516694e-21
689760,0.0,3.6884717838277085e-43,9959.330658178746,0.9964229611549376,-1.7189901949084945e-21
689820,0.0,3.705256860252997e-43,9959.330658178744,0.9964229611549376,-1.718951020237891e-21
689880,0.0,3.722035780176663e-43,9959.330658178742,0.9964229611549376,-1.7189117525048834e-21
689940,0.0,3.738808543598731e-43,9959.33065817874,0.9964229611549376,-1.718872391709472e-21
690000,0.0,3.7555751505192135e-43,9959.330658178738,0.9964229611549376,-1.7188329378516567e-21
690060,0.0,3.772335600938096e-43,9959.330658178735,0.9964229611549377,-1.718793390931438e-21
690120,0.0,3.7890898948553694e-43,9959.330658178733,0.9964229611549377,-1.7187537509488144e-21
690180,0.0,3.805838032271056e-43,9959.330658178731,0.9964229611549377,-1.718714017903787e-21
690240,0.0,3.822580013185132e-43,9959.33065817873,0.9964229611549377,-1.7186741917963565e-21
690300,0.0,3.839315837597622e-43,9959.330658178726,0.9964229611549378,-1.7186342726265212e-21
690360,0.0,3.856045505508514e-43,9959.330658178724,0.9964229611549378,-1.718594260394283e-21
690420,0.0,3.872769016917795e-43,9959.330658178722,0.9964229611549378,-1.71855415509964e-21
690480,0.0,3.889486371825478e-43,9959.33065817872,0.9964229611549378,-1.718513956742593e-21
690540,0.0,3.906197570231587e-43,9959.330658178716,0.9964229611549378,-1.718473665323143e-21
690600,0.0,3.922902612136073e-43,9959.330658178715,0.9964229611549379,-1.7184332808412882e-21
690660,0.0,3.9396014975389605e-43,9959.330658178713,0.9964229611549379,-1.7183928032970297e-21
690720,0.0,3.956294226440274e-43,9959.330658178711,0.9964229611549379,-1.7183522326903674e-21
690780,0.0,3.972980798839965e-43,9959.330658178707,0.9964229611549379,-1.7183115690213013e-21
690840,0.0,3.9896612147380585e-43,9959.330658178706,0.9964229611549379,-1.7182708122898314e-21
690900,0.0,4.0063354741345645e-43,9959.330658178704,0.996422961154938,-1.7182299624959573e-21
690960,0.0,4.023003577029472e-43,9959.3306581787,0.996422961154938,-1.7181890196396794e-21
691020,0.0,4.03966552342277e-43,9959.330658178698,0.996422961154938,-1.7181479837209973e-21
691080,0.0,4.056321313314482e-43,9959.330658178696,0.996422961154938,-1.7181068547399118e-21
691140,0.0,4.072970946704583e-43,9959.330658178695,0.9964229611549381,-1.7180656326964224e-21
691200,0.0,4.089614423593098e-43,9959.330658178691,0.9964229611549381,-1.718024317590528e-21
691260,0.0,4.106251743980014e-43,9959.33065817869,0.9964229611549381,-1.717982909422231e-21
691320,0.0,4.12288290786532e-43,9959.330658178687,0.9964229611549381,-1.7179414081915296e-21
691380,0.0,4.139507915249028e-43,9959.330658178686,0.9964229611549381,-1.717899813898424e-21
691440,0.0,4.156126766131161e-43,9959.330658178682,0.9964229611549382,-1.717858126542915e-21
691500,0.0,4.172739460511672e-43,9959.33065817868,0.9964229611549382,-1.717816346125002e-21
691560,0.0,4.1893459983905846e-43,9959.330658178678,0.9964229611549382,-1.7177744726446847e-21
691620,0.0,4.2059463797679115e-43,9959.330658178675,0.9964229611549382,-1.717732506101964e-21
691680,0.0,4.222540604643639e-43,9959.330658178673,0.9964229611549383,-1.717690446496839e-21
691740,0.0,4.239128673017757e-43,9959.330658178671,0.9964229611549383,-1.7176482938293104e-21
691800,0.0,4.255710584890288e-43,9959.33065817867,0.9964229611549383,-1.7176060480993772e-21
691860,0.0,4.272286340261209e-43,9959.330658178666,0.9964229611549383,-1.7175637093070406e-21
691920,0.0,4.288855939130543e-43,9959.330658178664,0.9964229611549383,-1.7175212774523003e-21
691980,0.0,4.3054193814982795e-43,9959.330658178662,0.9964229611549384,-1.7174787525351557e-21
692040,0.0,4.321976667364406e-43,9959.330658178658,0.9964229611549384,-1.7174361345556077e-21
692100,0.0,4.338527796728933e-43,9959.330658178656,0.9964229611549384,-1.717393423513655e-21
692160,0.0,4.355072769591886e-43,9959.330658178655,0.9964229611549384,-1.717350619409299e-21
692220,0.0,4.371611585953217e-43,9959.330658178651,0.9964229611549386,-1.717307722242539e-21
692280,0.0,4.38814424581295e-43,9959.33065817865,0.9964229611549386,-1.717264732013375e-21
692340,0.0,4.404670749171096e-43,9959.330658178647,0.9964229611549386,-1.717221648721807e-21
692400,0.0,4.421191096027643e-43,9959.330658178644,0.9964229611549386,-1.7171784723678347e-21
692460,0.0,4.437705286382581e-43,9959.330658178642,0.9964229611549386,-1.7171352029514597e-21
692520,0.0,4.454213320235932e-43,9959.33065817864,0.9964229611549387,-1.7170918404726797e-21
692580,0.0,4.470715197587685e-43,9959.330658178638,0.9964229611549387,-1.7170483849314962e-21
692640,0.0,4.487210918437827e-43,9959.330658178635,0.9964229611549387,-1.7170048363279086e-21
692700,0.0,4.5037004827863835e-43,9959.330658178633,0.9964229611549387,-1.7169611946619172e-21
692760,0.0,4.520183890633329e-43,9959.330658178631,0.9964229611549388,-1.716917459933522e-21
692820,0.0,4.536661141978688e-43,9959.330658178627,0.9964229611549388,-1.7168736321427225e-21
692880,0.0,4.553132236822449e-43,9959.330658178626,0.9964229611549388,-1.7168297112895197e-21
692940,0.0,4.5695971751646e-43,9959.330658178624,0.9964229611549388,-1.7167856973739126e-21
693000,0.0,4.586055957005152e-43,9959.33065817862,0.9964229611549388,-1.7167415903959014e-21
693060,0.0,4.60250858234413e-43,9959.330658178618,0.9964229611549389,-1.7166973903554867e-21
693120,0.0,4.618955051181486e-43,9959.330658178616,0.9964229611549389,-1.716653097252668e-21
693180,0.0,4.635395363517243e-43,9959.330658178613,0.9964229611549389,-1.7166087110874452e-21
693240,0.0,4.651829519351414e-43,9959.330658178611,0.9964229611549389,-1.7165642318598187e-21
693300,0.0,4.668257518683986e-43,9959.33065817861,0.996422961154939,-1.7165196595697877e-21
693360,0.0,4.684679361514948e-43,9959.330658178606,0.996422961154939,-1.7164749942173536e-21
693420,0.0,4.7010950478443244e-43,9959.330658178604,0.996422961154939,-1.716430235802515e-21
693480,0.0,4.7175045776720905e-43,9959.3306581786,0.996422961154939,-1.7163853843252725e-21
693540,0.0,4.733907950998269e-43,9959.330658178598,0.9964229611549391,-1.7163404397856266e-21
693600,0.0,4.75030516782285e-43,9959.330658178596,0.9964229611549391,-1.7162954021835765e-21
693660,0.0,4.7666962281458204e-43,9959.330658178593,0.9964229611549391,-1.716250271519123e-21
693720,0.0,4.783081131967193e-43,9959.330658178591,0.9964229611549391,-1.716205047792265e-21
693780,0.0,4.799459879286991e-43,9959.33065817859,0.9964229611549391,-1.7161597310030026e-21
693840,0.0,4.815832470105166e-43,9959.330658178586,0.9964229611549392,-1.7161143211513373e-21
693900,0.0,4.832198904421743e-43,9959.330658178584,0.9964229611549392,-1.7160688182372674e-21
693960,0.0,4.848559182236734e-43,9959.330658178582,0.9964229611549392,-1.7160232222607937e-21
694020,0.0,4.864913303550126e-43,9959.330658178578,0.9964229611549392,-1.715977533221916e-21
694080,0.0,4.881261268361908e-43,9959.330658178576,0.9964229611549393,-1.715931751120635e-21
694140,0.0,4.897603076672104e-43,9959.330658178573,0.9964229611549393,-1.7158858759569497e-21
694200,0.0,4.9139387284806894e-43,9959.330658178571,0.9964229611549393,-1.7158399077308604e-21
694260,0.0,4.930268223787688e-43,9959.33065817857,0.9964229611549393,-1.7157938464423676e-21
694320,0.0,4.9465915625930895e-43,9959.330658178565,0.9964229611549394,-1.7157476920914703e-21
694380,0.0,4.962908744896879e-43,9959.330658178564,0.9964229611549394,-1.715701444678169e-21
694440,0.0,4.979219770699072e-43,9959.330658178562,0.9964229611549394,-1.7156551042024646e-21
694500,0.0,4.995524639999689e-43,9959.330658178558,0.9964229611549394,-1.7156086706643555e-21
694560,0.0,5.0118233527986845e-43,9959.330658178556,0.9964229611549396,-1.715562144063843e-21
694620,0.0,5.028115909096081e-43,9959.330658178553,0.9964229611549396,-1.715515524400926e-21
694680,0.0,5.044402308891903e-43,9959.330658178551,0.9964229611549396,-1.7154688116756056e-21
694740,0.0,5.060682552186104e-43,9959.33065817855,0.9964229611549396,-1.7154220058878812e-21
694800,0.0,5.076956638978706e-43,9959.330658178545,0.9964229611549396,-1.7153751070377527e-21
694860,0.0,5.093224569269722e-43,9959.330658178544,0.9964229611549397,-1.7153281151252207e-21
694920,0.0,5.109486343059139e-43,9959.33065817854,0.9964229611549397,-1.715281030150284e-21
694980,0.0,5.125741960346946e-43,9959.330658178538,0.9964229611549397,-1.7152338521129445e-21
695040,0.0,5.141991421133166e-43,9959.330658178536,0.9964229611549397,-1.7151865810132003e-21
695100,0.0,5.158234725417776e-43,9959.330658178533,0.9964229611549398,-1.7151392168510523e-21
695160,0.0,5.1744718732008e-43,9959.330658178531,0.9964229611549398,-1.7150917596265005e-21
695220,0.0,5.190702864482225e-43,9959.330658178527,0.9964229611549398,-1.7150442093395446e-21
695280,0.0,5.20692769926204e-43,9959.330658178525,0.9964229611549398,-1.714996565990185e-21
695340,0.0,5.2231463775402574e-43,9959.330658178524,0.9964229611549399,-1.714948829578422e-21
695400,0.0,5.2393588993168996e-43,9959.33065817852,0.9964229611549399,-1.7149010001042537e-21
695460,0.0,5.25556526459192e-43,9959.330658178518,0.9964229611549399,-1.714853077567683e-21
695520,0.0,5.271765473365341e-43,9959.330658178515,0.9964229611549399,-1.7148050619687075e-21
695580,0.0,5.287959525637177e-43,9959.330658178513,0.99642296115494,-1.7147569533073283e-21
695640,0.0,5.304147421407414e-43,9959.33065817851,0.99642296115494,-1.714708751583545e-21
695700,0.0,5.32032916067604e-43,9959.330658178507,0.99642296115494,-1.7146604567973576e-21
695760,0.0,5.336504743443081e-43,9959.330658178505,0.99642296115494,-1.7146120689487673e-21
695820,0.0,5.352674169708511e-43,9959.330658178502,0.9964229611549401,-1.714563588037772e-21
695880,0.0,5.3688374394723545e-43,9959.3306581785,0.9964229611549401,-1.714515014064373e-21
695940,0.0,5.3849945527346e-43,9959.330658178496,0.9964229611549401,-1.7144663470285706e-21
696000,0.0,5.4011455094952346e-43,9959.330658178495,0.9964229611549401,-1.714417586930364e-21
696060,0.0,5.417290309754271e-43,9959.330658178491,0.9964229611549402,-1.7143687337697535e-21
696120,0.0,5.433428953511733e-43,9959.33065817849,0.9964229611549402,-1.714319787546739e-21
696180,0.0,5.449561440767573e-43,9959.330658178487,0.9964229611549402,-1.7142707482613208e-21
696240,0.0,5.465687771521815e-43,9959.330658178484,0.9964229611549402,-1.7142216159134985e-21
696300,0.0,5.4818079457744706e-43,9959.330658178482,0.9964229611549403,-1.714172390503272e-21
696360,0.0,5.4979219635255265e-43,9959.330658178478,0.9964229611549403,-1.714123072030642e-21
696420,0.0,5.514029824774973e-43,9959.330658178476,0.9964229611549403,-1.714073660495608e-21
696480,0.0,5.530131529522834e-43,9959.330658178473,0.9964229611549403,-1.7140241558981702e-21
696540,0.0,5.546227077769095e-43,9959.330658178471,0.9964229611549404,-1.713974558238328e-21
696600,0.0,5.562316469513747e-43,9959.330658178467,0.9964229611549404,-1.7139248675160823e-21
696660,0.0,5.578399704756812e-43,9959.330658178465,0.9964229611549404,-1.7138750837314333e-21
696720,0.0,5.5944767834982666e-43,9959.330658178462,0.9964229611549404,-1.7138252068843794e-21
696780,0.0,5.6105477057381346e-43,9959.33065817846,0.9964229611549406,-1.7137752369749218e-21
696840,0.0,5.6266124714764046e-43,9959.330658178458,0.9964229611549406,-1.7137251740030606e-21
696900,0.0,5.6426710807130646e-43,9959.330658178455,0.9964229611549406,-1.713675017968795e-21
696960,0.0,5.6587235334481265e-43,9959.330658178453,0.9964229611549406,-1.713624768872126e-21
697020,0.0,5.674769829681601e-43,9959.330658178449,0.9964229611549407,-1.7135744267130525e-21
697080,0.0,5.690809969413478e-43,9959.330658178447,0.9964229611549407,-1.7135239914915758e-21
697140,0.0,5.706843952643744e-43,9959.330658178444,0.9964229611549407,-1.713473463207695e-21
697200,0.0,5.722871779372424e-43,9959.330658178442,0.9964229611549407,-1.7134228418614097e-21
697260,0.0,5.738893449599505e-43,9959.330658178438,0.9964229611549408,-1.713372127452721e-21
697320,0.0,5.754908963324977e-43,9959.330658178436,0.9964229611549408,-1.7133213199816284e-21
697380,0.0,5.770918320548862e-43,9959.330658178433,0.9964229611549408,-1.713270419448132e-21
697440,0.0,5.786921521271137e-43,9959.33065817843,0.9964229611549408,-1.7132194258522315e-21
697500,0.0,5.8029185654918246e-43,9959.330658178427,0.9964229611549409,-1.713168339193927e-21
697560,0.0,5.818909453210915e-43,9959.330658178425,0.9964229611549409,-1.7131171594732186e-21
697620,0.0,5.834894184428394e-43,9959.330658178422,0.9964229611549409,-1.713065886690106e-21
697680,0.0,5.850872759144276e-43,9959.33065817842,0.9964229611549409,-1.71301452084459e-21
697740,0.0,5.86684517735857e-43,9959.330658178416,0.996422961154941,-1.71296306193667e-21
697800,0.0,5.882811439071267e-43,9959.330658178415,0.996422961154941,-1.7129115099663456e-21
697860,0.0,5.898771544282353e-43,9959.33065817841,0.996422961154941,-1.712859864933618e-21
697920,0.0,5.914725492991853e-43,9959.330658178409,0.996422961154941,-1.7128081268384862e-21
697980,0.0,5.9306732851997535e-43,9959.330658178405,0.9964229611549411,-1.7127562956809504e-21
698040,0.0,5.946614920906045e-43,9959.330658178404,0.9964229611549411,-1.712704371461011e-21
698100,0.0,5.96255040011075e-43,9959.3306581784,0.9964229611549411,-1.712652354178667e-21
698160,0.0,5.9784797228138444e-43,9959.330658178398,0.9964229611549411,-1.71260024383392e-21
698220,0.0,5.994402889015352e-43,9959.330658178395,0.9964229611549412,-1.712548040426768e-21
698280,0.0,6.010319898715262e-43,9959.330658178393,0.9964229611549412,-1.712495743957213e-21
698340,0.0,6.026230751913562e-43,9959.330658178389,0.9964229611549412,-1.712443354425254e-21
698400,0.0,6.042135448610263e-43,9959.330658178387,0.9964229611549412,-1.7123908718308906e-21
698460,0.0,6.058033988805377e-43,9959.330658178384,0.9964229611549413,-1.7123382961741236e-21
698520,0.0,6.073926372498893e-43,9959.330658178382,0.9964229611549413,-1.7122856274549528e-21
698580,0.0,6.0898125996908e-43,9959.330658178378,0.9964229611549413,-1.7122328656733778e-21
698640,0.0,6.105692670381119e-43,9959.330658178376,0.9964229611549414,-1.712180010829399e-21
698700,0.0,6.12156658456984e-43,9959.330658178373,0.9964229611549414,-1.712127062923016e-21
698760,0.0,6.137434342256951e-43,9959.33065817837,0.9964229611549414,-1.71207402195423e-21
698820,0.0,6.153295943442476e-43,9959.330658178367,0.9964229611549414,-1.7120208879230392e-21
698880,0.0,6.169151388126402e-43,9959.330658178365,0.9964229611549416,-1.7119676608294448e-21
698940,0.0,6.185000676308718e-43,9959.330658178362,0.9964229611549416,-1.7119143406734465e-21
699000,0.0,6.2008438079894475e-43,9959.330658178358,0.9964229611549416,-1.711860927455044e-21
699060,0.0,6.2166807831685675e-43,9959.330658178356,0.9964229611549416,-1.711807421174238e-21
699120,0.0,6.232511601846099e-43,9959.330658178353,0.9964229611549417,-1.7117538218310278e-21
699180,0.0,6.248336264022022e-43,9959.33065817835,0.9964229611549417,-1.711700129425414e-21
699240,0.0,6.2641547696963584e-43,9959.330658178347,0.9964229611549417,-1.711646343957396e-21
699300,0.0,6.279967118869085e-43,9959.330658178345,0.9964229611549417,-1.711592465426974e-21
699360,0.0,6.295773311540223e-43,9959.330658178342,0.9964229611549418,-1.7115384938341486e-21
699420,0.0,6.3115733477097645e-43,9959.33065817834,0.9964229611549418,-1.7114844291789188e-21
699480,0.0,6.327367227377696e-43,9959.330658178336,0.9964229611549418,-1.711430271461285e-21
699540,0.0,6.34315495054404e-43,9959.330658178334,0.9964229611549418,-1.7113760206812476e-21
699600,0.0,6.358936517208786e-43,9959.33065817833,0.9964229611549419,-1.7113216768388063e-21
699660,0.0,6.374711927371921e-43,9959.330658178327,0.9964229611549419,-1.7112672399339612e-21
699720,0.0,6.390481181033472e-43,9959.330658178325,0.9964229611549419,-1.7112127099667115e-21
699780,0.0,6.40624427819341e-43,9959.330658178322,0.996422961154942,-1.7111580869370588e-21
699840,0.0,6.422001218851763e-43,9959.33065817832,0.996422961154942,-1.7111033708450015e-21
699900,0.0,6.4377520030085055e-43,9959.330658178316,0.996422961154942,-1.7110485616905404e-21
699960,0.0,6.453496630663661e-43,9959.330658178314,0.996422961154942,-1.710993659473676e-21
700020,0.0,6.469235101817207e-43,9959.33065817831,0.9964229611549421,-1.7109386641944068e-21
700080,0.0,6.484967416469166e-43,9959.330658178307,0.9964229611549421,-1.7108835758527342e-21
700140,0.0,6.500693574619527e-43,9959.330658178305,0.9964229611549421,-1.7108283944486575e-21
700200,0.0,6.516413576268278e-43,9959.330658178302,0.9964229611549421,-1.710773119982177e-21
700260,0.0,6.532127421415442e-43,9959.3306581783,0.9964229611549422,-1.7107177524532926e-21
700320,0.0,6.547835110061008e-43,9959.330658178296,0.9964229611549422,-1.710662291862004e-21
700380,0.0,6.563536642204964e-43,9959.330658178293,0.9964229611549422,-1.710606738208312e-21
700440,0.0,6.579232017847333e-43,9959.33065817829,0.9964229611549423,-1.710551091492216e-21
700500,0.0,6.594921236988103e-43,9959.330658178287,0.9964229611549423,-1.7104953517137156e-21
700560,0.0,6.610604299627264e-43,9959.330658178285,0.9964229611549423,-1.710439518872812e-21
700620,0.0,6.6262812057648265e-43,9959.330658178282,0.9964229611549423,-1.710383592969504e-21
700680,0.0,6.6419519554008025e-43,9959.33065817828,0.9964229611549424,-1.710327574003792e-21
700740,0.0,6.657616548535179e-43,9959.330658178276,0.9964229611549424,-1.710271461975676e-21
700800,0.0,6.673274985167947e-43,9959.330658178273,0.9964229611549424,-1.7102152568851564e-21
700860,0.0,6.688927265299127e-43,9959.33065817827,0.9964229611549424,-1.7101589587322332e-21
700920,0.0,6.704573388928698e-43,9959.330658178267,0.9964229611549426,-1.7101025675169054e-21
700980,0.0,6.7202133560566814e-43,9959.330658178265,0.9964229611549426,-1.7100460832391742e-21
701040,0.0,6.7358471666830675e-43,9959.330658178262,0.9964229611549426,-1.709989505899039e-21
701100,0.0,6.751474820807843e-43,9959.330658178258,0.9964229611549427,-1.7099328354964997e-21
701160,0.0,6.76709631843102e-43,9959.330658178256,0.9964229611549427,-1.7098760720315567e-21
701220,0.0,6.7827116595526225e-43,9959.330658178253,0.9964229611549427,-1.7098192155042095e-21
701280,0.0,6.798320844172603e-43,9959.330658178249,0.9964229611549427,-1.7097622659144585e-21
701340,0.0,6.813923872290985e-43,9959.330658178247,0.9964229611549428,-1.7097052232623036e-21
701400,0.0,6.829520743907781e-43,9959.330658178244,0.9964229611549428,-1.7096480875477446e-21
701460,0.0,6.845111459022977e-43,9959.330658178242,0.9964229611549428,-1.7095908587707822e-21
701520,0.0,6.860696017636565e-43,9959.330658178238,0.9964229611549428,-1.7095335369314156e-21
701580,0.0,6.876274419748565e-43,9959.330658178234,0.9964229611549429,-1.709476122029645e-21
701640,0.0,6.891846665358956e-43,9959.330658178233,0.9964229611549429,-1.709418614065471e-21
701700,0.0,6.907412754467759e-43,9959.330658178229,0.9964229611549429,-1.7093610130388925e-21
701760,0.0,6.922972687074965e-43,9959.330658178225,0.996422961154943,-1.7093033189499102e-21
701820,0.0,6.9385264631805606e-43,9959.330658178224,0.996422961154943,-1.709245531798524e-21
701880,0.0,6.954074082784558e-43,9959.33065817822,0.996422961154943,-1.709187651584734e-21
701940,0.0,6.969615545886979e-43,9959.330658178218,0.996422961154943,-1.70912967830854e-21
702000,0.0,6.98515085248778e-43,9959.330658178214,0.9964229611549431,-1.7090716119699417e-21
702060,0.0,7.0006800025869824e-43,9959.33065817821,0.9964229611549431,-1.7090134525689404e-21
702120,0.0,7.016202996184597e-43,9959.330658178209,0.9964229611549431,-1.708955200105534e-21
702180,0.0,7.031719833280614e-43,9959.330658178205,0.9964229611549432,-1.7088968545797245e-21
702240,0.0,7.047230513875021e-43,9959.330658178202,0.9964229611549432,-1.708838415991511e-21
702300,0.0,7.062735037967842e-43,9959.3306581782,0.9964229611549432,-1.7087798843408933e-21
702360,0.0,7.078233405559052e-43,9959.330658178196,0.9964229611549432,-1.7087212596278722e-21
702420,0.0,7.093725616648675e-43,9959.330658178193,0.9964229611549433,-1.708662541852447e-21
702480,0.0,7.109211671236701e-43,9959.33065817819,0.9964229611549433,-1.708603731014618e-21
702540,0.0,7.124691569323116e-43,9959.330658178187,0.9964229611549433,-1.7085448271143846e-21
702600,0.0,7.140165310907943e-43,9959.330658178184,0.9964229611549434,-1.7084858301517475e-21
702660,0.0,7.155632895991174e-43,9959.330658178182,0.9964229611549434,-1.7084267401267066e-21
702720,0.0,7.171094324572795e-43,9959.330658178178,0.9964229611549434,-1.7083675570392615e-21
702780,0.0,7.186549596652817e-43,9959.330658178174,0.9964229611549434,-1.708308280889413e-21
702840,0.0,7.201998712231263e-43,9959.330658178173,0.9964229611549436,-1.7082489116771603e-21
702900,0.0,7.217441671308089e-43,9959.330658178169,0.9964229611549436,-1.7081894494025034e-21
702960,0.0,7.232878473883316e-43,9959.330658178165,0.9964229611549436,-1.7081298940654434e-21
703020,0.0,7.248309119956955e-43,9959.330658178164,0.9964229611549437,-1.7080702456659785e-21
703080,0.0,7.263733609528998e-43,9959.33065817816,0.9964229611549437,-1.70801050420411e-21
703140,0.0,7.279151942599428e-43,9959.330658178156,0.9964229611549437,-1.707950669679838e-21
703200,0.0,7.294564119168274e-43,9959.330658178154,0.9964229611549437,-1.7078907420931617e-21
703260,0.0,7.309970139235509e-43,9959.33065817815,0.9964229611549438,-1.707830721444082e-21
703320,0.0,7.325370002801157e-43,9959.330658178147,0.9964229611549438,-1.7077706077325976e-21
703380,0.0,7.340763709865207e-43,9959.330658178145,0.9964229611549438,-1.70771040095871e-21
703440,0.0,7.356151260427648e-43,9959.330658178142,0.9964229611549439,-1.7076501011224183e-21
703500,0.0,7.371532654488489e-43,9959.330658178138,0.9964229611549439,-1.707589708223722e-21
703560,0.0,7.386907892047756e-43,9959.330658178136,0.9964229611549439,-1.707529222262623e-21
703620,0.0,7.402276973105401e-43,9959.330658178133,0.9964229611549439,-1.7074686432391192e-21
703680,0.0,7.417639897661447e-43,9959.330658178129,0.996422961154944,-1.7074079711532117e-21
703740,0.0,7.432996665715908e-43,9959.330658178125,0.996422961154944,-1.7073472060049003e-21
703800,0.0,7.44834727726877e-43,9959.330658178123,0.996422961154944,-1.707286347794185e-21
703860,0.0,7.46369173232002e-43,9959.33065817812,0.9964229611549441,-1.707225396521066e-21
703920,0.0,7.479030030869687e-43,9959.330658178116,0.9964229611549441,-1.7071643521855426e-21
703980,0.0,7.494362172917741e-43,9959.330658178114,0.9964229611549441,-1.7071032147876156e-21
704040,0.0,7.509688158464208e-43,9959.33065817811,0.9964229611549441,-1.7070419843272848e-21
704100,0.0,7.525007987509078e-43,9959.330658178107,0.9964229611549442,-1.7069806608045494e-21
704160,0.0,7.540321660052338e-43,9959.330658178105,0.9964229611549442,-1.7069192442194114e-21
704220,0.0,7.555629176094001e-43,9959.330658178102,0.9964229611549442,-1.7068577345718684e-21
704280,0.0,7.570930535634087e-43,9959.330658178098,0.9964229611549443,-1.7067961318619216e-21
704340,0.0,7.586225738672552e-43,9959.330658178094,0.9964229611549443,-1.7067344360895713e-21
704400,0.0,7.601514785209418e-43,9959.330658178093,0.9964229611549443,-1.7066726472548165e-21
704460,0.0,7.616797675244698e-43,9959.330658178089,0.9964229611549444,-1.7066107653576583e-21
704520,0.0,7.63207440877838e-43,9959.330658178085,0.9964229611549444,-1.706548790398096e-21
704580,0.0,7.64734498581045e-43,9959.330658178082,0.9964229611549444,-1.70648672237613e-21
704640,0.0,7.662609406340936e-43,9959.33065817808,0.9964229611549444,-1.70642456129176e-21
704700,0.0,7.677867670369822e-43,9959.330658178076,0.9964229611549446,-1.7063623071449858e-21
704760,0.0,7.693119777897098e-43,9959.330658178073,0.9964229611549446,-1.706299959935808e-21
704820,0.0,7.708365728922788e-43,9959.33065817807,0.9964229611549446,-1.7062375196642263e-21
704880,0.0,7.723605523446867e-43,9959.330658178067,0.9964229611549447,-1.7061749863302406e-21
704940,0.0,7.738839161469359e-43,9959.330658178063,0.9964229611549447,-1.7061123599338508e-21
705000,0.0,7.754066642990254e-43,9959.33065817806,0.9964229611549447,-1.7060496404750575e-21
705060,0.0,7.76928796800954e-43,9959.330658178058,0.9964229611549447,-1.70598682795386e-21
705120,0.0,7.784503136527226e-43,9959.330658178054,0.9964229611549448,-1.7059239223702584e-21
705180,0.0,7.799712148543336e-43,9959.33065817805,0.9964229611549448,-1.7058609237242533e-21
705240,0.0,7.814915004057826e-43,9959.330658178047,0.9964229611549448,-1.705797832015844e-21
705300,0.0,7.830111703070718e-43,9959.330658178045,0.9964229611549449,-1.7057346472450306e-21
705360,0.0,7.845302245582023e-43,9959.330658178042,0.9964229611549449,-1.705671369411814e-21
705420,0.0,7.860486631591728e-43,9959.330658178038,0.9964229611549449,-1.7056079985161926e-21
705480,0.0,7.875664861099824e-43,9959.330658178034,0.996422961154945,-1.7055445345581677e-21
705540,0.0,7.890836934106335e-43,9959.330658178033,0.996422961154945,-1.7054809775377394e-21
705600,0.0,7.906002850611234e-43,9959.330658178029,0.996422961154945,-1.705417327454906e-21
705660,0.0,7.921162610614546e-43,9959.330658178025,0.996422961154945,-1.70535358430967e-21
705720,0.0,7.93631621411626e-43,9959.330658178022,0.9964229611549451,-1.7052897481020293e-21
705780,0.0,7.951463661116366e-43,9959.33065817802,0.9964229611549451,-1.705225818831985e-21
705840,0.0,7.966604951614872e-43,9959.330658178016,0.9964229611549451,-1.705161796499537e-21
705900,0.0,7.981740085611803e-43,9959.330658178013,0.9964229611549452,-1.7050976811046846e-21
705960,0.0,7.996869063107112e-43,9959.330658178009,0.9964229611549452,-1.7050334726474285e-21
706020,0.0,8.011991884100823e-43,9959.330658178005,0.9964229611549452,-1.704969171127768e-21
706080,0.0,8.027108548592949e-43,9959.330658178003,0.9964229611549453,-1.704904776545704e-21
706140,0.0,8.042219056583474e-43,9959.330658178,0.9964229611549453,-1.704840288901236e-21
706200,0.0,8.05732340807239e-43,9959.330658177996,0.9964229611549453,-1.704775708194364e-21
706260,0.0,8.07242160305972e-43,9959.330658177993,0.9964229611549454,-1.7047110344250888e-21
706320,0.0,8.087513641545439e-43,9959.33065817799,0.9964229611549454,-1.704646267593409e-21
706380,0.0,8.10259952352957e-43,9959.330658177987,0.9964229611549454,-1.7045814076993255e-21
706440,0.0,8.117679249012105e-43,9959.330658177983,0.9964229611549454,-1.704516454742838e-21
706500,0.0,8.13275281799303e-43,9959.33065817798,0.9964229611549456,-1.7044514087239466e-21
706560,0.0,8.147820230472367e-43,9959.330658177976,0.9964229611549456,-1.7043862696426512e-21
706620,0.0,8.162881486450106e-43,9959.330658177974,0.9964229611549456,-1.704321037498952e-21
706680,0.0,8.177936585926235e-43,9959.33065817797,0.9964229611549457,-1.704255712292849e-21
706740,0.0,8.192985528900767e-43,9959.330658177967,0.9964229611549457,-1.704190294024342e-21
706800,0.0,8.208028315373723e-43,9959.330658177963,0.9964229611549457,-1.704124782693431e-21
706860,0.0,8.223064945345057e-43,9959.33065817796,0.9964229611549458,-1.704059178300116e-21
706920,0.0,8.238095418814793e-43,9959.330658177958,0.9964229611549458,-1.703993480844397e-21
706980,0.0,8.253119735782942e-43,9959.330658177954,0.9964229611549458,-1.7039276903262748e-21
707040,0.0,8.268137896249493e-43,9959.33065817795,0.9964229611549459,-1.703861806745748e-21
707100,0.0,8.283149900214433e-43,9959.330658177947,0.9964229611549459,-1.7037958301028178e-21
707160,0.0,8.298155747677788e-43,9959.330658177943,0.9964229611549459,-1.703729760397483e-21
707220,0.0,8.313155438639532e-43,9959.33065817794,0.9964229611549459,-1.7036635976297448e-21
707280,0.0,8.328148973099689e-43,9959.330658177938,0.996422961154946,-1.703597341799603e-21
707340,0.0,8.343136351058248e-43,9959.330658177934,0.996422961154946,-1.7035309929070565e-21
707400,0.0,8.358117572515198e-43,9959.33065817793,0.996422961154946,-1.703464550952106e-21
707460,0.0,8.373092637470549e-43,9959.330658177927,0.9964229611549461,-1.7033980159347527e-21
707520,0.0,8.388061545924323e-43,9959.330658177923,0.9964229611549461,-1.703331387854994e-21
707580,0.0,8.403024297876477e-43,9959.330658177922,0.9964229611549461,-1.7032646667128325e-21
707640,0.0,8.417980893327035e-43,9959.330658177918,0.9964229611549462,-1.703197852508267e-21
707700,0.0,8.432931332276003e-43,9959.330658177914,0.9964229611549462,-1.703130945241297e-21
707760,0.0,8.447875614723373e-43,9959.33065817791,0.9964229611549462,-1.703063944911924e-21
707820,0.0,8.462813740669134e-43,9959.330658177907,0.9964229611549463,-1.7029968515201463e-21
707880,0.0,8.477745710113307e-43,9959.330658177903,0.9964229611549463,-1.702929665065965e-21
707940,0.0,8.492671523055872e-43,9959.330658177902,0.9964229611549463,-1.7028623855493796e-21
708000,0.0,8.507591179496849e-43,9959.330658177898,0.9964229611549464,-1.7027950129703905e-21
708060,0.0,8.522504679436227e-43,9959.330658177894,0.9964229611549464,-1.7027275473289973e-21
708120,0.0,8.537412022873997e-43,9959.33065817789,0.9964229611549464,-1.7026599886252e-21
708180,0.0,8.552313209810168e-43,9959.330658177887,0.9964229611549464,-1.7025923368589993e-21
708240,0.0,8.567208240244762e-43,9959.330658177883,0.9964229611549466,-1.7025245920303942e-21
708300,0.0,8.582097114177737e-43,9959.33065817788,0.9964229611549466,-1.7024567541393854e-21
708360,0.0,8.596979831609113e-43,9959.330658177878,0.9964229611549466,-1.702388823185973e-21
708420,0.0,8.611856392538902e-43,9959.330658177874,0.9964229611549467,-1.7023207991701562e-21
708480,0.0,8.626726796967091e-43,9959.33065817787,0.9964229611549467,-1.702252682091936e-21
708540,0.0,8.641591044893672e-43,9959.330658177867,0.9964229611549467,-1.7021844719513114e-21
708600,0.0,8.656449136318666e-43,9959.330658177863,0.9964229611549468,-1.7021161687482827e-21
708660,0.0,8.67130107124206e-43,9959.33065817786,0.9964229611549468,-1.702047772482851e-21
708720,0.0,8.686146849663846e-43,9959.330658177856,0.9964229611549468,-1.7019792831550147e-21
708780,0.0,8.700986471584045e-43,9959.330658177854,0.9964229611549469,-1.7019107007647746e-21
708840,0.0,8.715819937002635e-43,9959.33065817785,0.9964229611549469,-1.7018420253121307e-21
708900,0.0,8.730647245919636e-43,9959.330658177847,0.9964229611549469,-1.7017732567970825e-21
708960,0.0,8.745468398335039e-43,9959.330658177843,0.996422961154947,-1.701704395219631e-21
709020,0.0,8.760283394248834e-43,9959.33065817784,0.996422961154947,-1.701635440579775e-21
709080,0.0,8.775092233661029e-43,9959.330658177836,0.996422961154947,-1.7015663928775157e-21
709140,0.0,8.789894916571649e-43,9959.330658177832,0.9964229611549471,-1.701497252112852e-21
709200,0.0,8.804691442980647e-43,9959.330658177829,0.9964229611549471,-1.7014280182857845e-21
709260,0.0,8.819481812888049e-43,9959.330658177827,0.9964229611549471,-1.701358691396313e-21
709320,0.0,8.834266026293862e-43,9959.330658177823,0.9964229611549472,-1.701289271444438e-21
709380,0.0,8.849044083198077e-43,9959.33065817782,0.9964229611549472,-1.701219758430159e-21
709440,0.0,8.863815983600682e-43,9959.330658177816,0.9964229611549472,-1.7011501523534755e-21
709500,0.0,8.8785817275017e-43,9959.330658177812,0.9964229611549473,-1.701080453214388e-21
709560,0.0,8.89334131490111e-43,9959.330658177809,0.9964229611549473,-1.7010106610128977e-21
709620,0.0,8.90809474579893e-43,9959.330658177805,0.9964229611549473,-1.7009407757490024e-21
709680,0.0,8.922842020195154e-43,9959.330658177802,0.9964229611549473,-1.700870797422704e-21
709740,0.0,8.937583138089768e-43,9959.330658177798,0.9964229611549474,-1.7008007260340014e-21
709800,0.0,8.952318099482785e-43,9959.330658177794,0.9964229611549474,-1.7007305615828947e-21
709860,0.0,8.967046904374223e-43,9959.330658177792,0.9964229611549474,-1.700660304069384e-21
709920,0.0,8.981769552764042e-43,9959.330658177789,0.9964229611549476,-1.7005899534934697e-21
709980,0.0,8.996486044652262e-43,9959.330658177785,0.9964229611549476,-1.7005195098551515e-21
710040,0.0,9.011196380038896e-43,9959.330658177782,0.9964229611549476,-1.700448973154429e-21
710100,0.0,9.025900558923931e-43,9959.330658177778,0.9964229611549477,-1.700378343391303e-21
710160,0.0,9.040598581307356e-43,9959.330658177774,0.9964229611549477,-1.700307620565773e-21
710220,0.0,9.055290447189195e-43,9959.33065817777,0.9964229611549477,-1.7002368046778387e-21
710280,0.0,9.069976156569424e-43,9959.330658177767,0.9964229611549478,-1.700165895727501e-21
710340,0.0,9.084655709448064e-43,9959.330658177763,0.9964229611549478,-1.7000948937147592e-21
710400,0.0,9.099329105825108e-43,9959.33065817776,0.9964229611549478,-1.7000237986396132e-21
710460,0.0,9.113996345700542e-43,9959.330658177756,0.9964229611549479,-1.699952610502064e-21
710520,0.0,9.128657429074387e-43,9959.330658177752,0.9964229611549479,-1.69988132930211e-21
710580,0.0,9.143312355946636e-43,9959.33065817775,0.9964229611549479,-1.6998099550397527e-21
710640,0.0,9.157961126317275e-43,9959.330658177747,0.996422961154948,-1.6997384877149915e-21
710700,0.0,9.172603740186316e-43,9959.330658177743,0.996422961154948,-1.699666927327826e-21
710760,0.0,9.18724019755378e-43,9959.33065817774,0.996422961154948,-1.6995952738782572e-21
710820,0.0,9.201870498419622e-43,9959.330658177736,0.9964229611549481,-1.6995235273662838e-21
710880,0.0,9.216494642783867e-43,9959.330658177732,0.9964229611549481,-1.699451687791907e-21
710940,0.0,9.231112630646527e-43,9959.330658177729,0.9964229611549481,-1.699379755155126e-21
711000,0.0,9.245724462007585e-43,9959.330658177725,0.9964229611549482,-1.699307729455941e-21
711060,0.0,9.260330136867036e-43,9959.330658177721,0.9964229611549482,-1.6992356106943523e-21
711120,0.0,9.274929655224899e-43,9959.330658177718,0.9964229611549482,-1.6991633988703595e-21
711180,0.0,9.289523017081153e-43,9959.330658177714,0.9964229611549483,-1.699091093983963e-21
711240,0.0,9.304110222435818e-43,9959.33065817771,0.9964229611549483,-1.6990186960351623e-21
711300,0.0,9.318691271288886e-43,9959.330658177707,0.9964229611549483,-1.698946205023958e-21
711360,0.0,9.333266163640345e-43,9959.330658177703,0.9964229611549484,-1.69887362095035e-21
711420,0.0,9.347834899490206e-43,9959.3306581777,0.9964229611549484,-1.6988009438143376e-21
711480,0.0,9.362397478838488e-43,9959.330658177696,0.9964229611549484,-1.6987281736159215e-21
711540,0.0,9.376953901685153e-43,9959.330658177692,0.9964229611549485,-1.6986553103551013e-21
711600,0.0,9.391504168030217e-43,9959.330658177689,0.9964229611549485,-1.698582354031877e-21
711660,0.0,9.406048277873696e-43,9959.330658177685,0.9964229611549485,-1.6985093046462496e-21
711720,0.0,9.420586231215574e-43,9959.330658177681,0.9964229611549487,-1.6984361621982175e-21
711780,0.0,9.435118028055845e-43,9959.330658177678,0.9964229611549487,-1.6983629266877816e-21
711840,0.0,9.449643668394528e-43,9959.330658177676,0.9964229611549487,-1.6982895981149423e-21
711900,0.0,9.4641631522316e-43,9959.330658177672,0.9964229611549488,-1.6982161764796984e-21
711960,0.0,9.478676479567086e-43,9959.330658177669,0.9964229611549488,-1.6981426617820514e-21
712020,0.0,9.493183650400974e-43,9959.330658177665,0.9964229611549488,-1.698069054022e-21
712080,0.0,9.507684664733254e-43,9959.330658177661,0.9964229611549489,-1.6979953531995446e-21
712140,0.0,9.522179522563933e-43,9959.330658177658,0.9964229611549489,-1.6979215593146855e-21
712200,0.0,9.536668223893037e-43,9959.330658177654,0.9964229611549489,-1.697847672367422e-21
712260,0.0,9.55115076872052e-43,9959.33065817765,0.996422961154949,-1.6977736923577554e-21
712320,0.0,9.565627157046405e-43,9959.330658177647,0.996422961154949,-1.6976996192856844e-21
712380,0.0,9.580097388870703e-43,9959.330658177643,0.996422961154949,-1.6976254531512097e-21
712440,0.0,9.594561464193403e-43,9959.33065817764,0.9964229611549491,-1.6975511939543307e-21
712500,0.0,9.609019383014492e-43,9959.330658177636,0.9964229611549491,-1.697476841695048e-21
712560,0.0,9.623471145333995e-43,9959.330658177632,0.9964229611549492,-1.6974023963733618e-21
712620,0.0,9.637916751151898e-43,9959.330658177629,0.9964229611549492,-1.6973278579892706e-21
712680,0.0,9.652356200468193e-43,9959.330658177625,0.9964229611549492,-1.6972532265427768e-21
712740,0.0,9.666789493282901e-43,9959.330658177621,0.9964229611549493,-1.697178502033878e-21
712800,0.0,9.681216629596e-43,9959.330658177618,0.9964229611549493,-1.697103684462576e-21
712860,0.0,9.69563760940751e-43,9959.330658177614,0.9964229611549493,-1.69702877382887e-21
712920,0.0,9.710052432717423e-43,9959.33065817761,0.9964229611549494,-1.6969537701327597e-21
712980,0.0,9.724461099525725e-43,9959.330658177607,0.9964229611549494,-1.6968786733742457e-21
713040,0.0,9.738863609832431e-43,9959.330658177603,0.9964229611549494,-1.696803483553328e-21
713100,0.0,9.75325996363756e-43,9959.3306581776,0.9964229611549495,-1.696728200670006e-21
713160,0.0,9.767650160941066e-43,9959.330658177596,0.9964229611549495,-1.6966528247242805e-21
713220,0.0,9.782034201742976e-43,9959.330658177592,0.9964229611549495,-1.6965773557161505e-21
713280,0.0,9.7964120860433e-43,9959.330658177589,0.9964229611549497,-1.696501793645617e-21
713340,0.0,9.810783813842023e-43,9959.330658177585,0.9964229611549497,-1.6964261385126795e-21
713400,0.0,9.825149385139138e-43,9959.33065817758,0.9964229611549497,-1.6963503903173384e-21
713460,0.0,9.839508799934666e-43,9959.330658177576,0.9964229611549498,-1.696274549059593e-21
713520,0.0,9.853862058228583e-43,9959.330658177572,0.9964229611549498,-1.6961986147394438e-21
713580,0.0,9.868209160020914e-43,9959.330658177569,0.9964229611549498,-1.696122587356891e-21
713640,0.0,9.882550105311646e-43,9959.330658177565,0.9964229611549499,-1.6960464669119335e-21
713700,0.0,9.89688489410077e-43,9959.330658177561,0.9964229611549499,-1.6959702534045727e-21
713760,0.0,9.911213526388295e-43,9959.330658177558,0.9964229611549499,-1.6958939468348084e-21
713820,0.0,9.925536002174242e-43,9959.330658177554,0.99642296115495,-1.695817547202639e-21
713880,0.0,9.93985232145857e-43,9959.33065817755,0.99642296115495,-1.6957410545080665e-21
713940,0.0,9.9541624842413e-43,9959.330658177547,0.99642296115495,-1.69566446875109e-21
714000,0.0,9.968466490522443e-43,9959.330658177543,0.9964229611549501,-1.6955877899317094e-21
714060,0.0,9.982764340301986e-43,9959.33065817754,0.9964229611549501,-1.695511018049925e-21
714120,0.0,9.997056033579921e-43,9959.330658177536,0.9964229611549502,-1.6954341531057366e-21
714180,0.0,1.0011341570356268e-42,9959.330658177532,0.9964229611549502,-1.695357195099144e-21
714240,0.0,1.0025620950631006e-42,9959.330658177529,0.9964229611549502,-1.6952801440301486e-21
714300,0.0,1.0039894174404155e-42,9959.330658177525,0.9964229611549503,-1.6952029998987482e-21
714360,0.0,1.0054161241675708e-42,9959.330658177521,0.9964229611549503,-1.6951257627049443e-21
714420,0.0,1.0068422152445652e-42,9959.330658177518,0.9964229611549503,-1.6950484324487362e-21
714480,0.0,1.0082676906714006e-42,9959.330658177514,0.9964229611549504,-1.6949710091301247e-21
714540,0.0,1.0096925504480764e-42,9959.33065817751,0.9964229611549504,-1.694893492749109e-21
714600,0.0,1.0111167945745911e-42,9959.330658177507,0.9964229611549504,-1.694815883305689e-21
714660,0.0,1.0125404230509462e-42,9959.330658177501,0.9964229611549505,-1.6947381807998658e-21
714720,0.0,1.0139634358771434e-42,9959.330658177498,0.9964229611549505,-1.694660385231638e-21
714780,0.0,1.0153858330531786e-42,9959.330658177494,0.9964229611549505,-1.6945824966010073e-21
714840,0.0,1.0168076145790541e-42,9959.33065817749,0.9964229611549507,-1.6945045149079715e-21
714900,0.0,1.0182287804547709e-42,9959.330658177487,0.9964229611549507,-1.694426440152532e-21
714960,0.0,1.0196493306803276e-42,9959.330658177483,0.9964229611549507,-1.6943482723346894e-21
715020,0.0,1.0210692652557235e-42,9959.33065817748,0.9964229611549508,-1.694270011454442e-21
715080,0.0,1.0224885841809608e-42,9959.330658177476,0.9964229611549508,-1.6941916575117913e-21
715140,0.0,1.023907287456037e-42,9959.330658177472,0.9964229611549509,-1.6941132105067368e-21
715200,0.0,1.0253253750809545e-42,9959.330658177469,0.9964229611549509,-1.6940346704392776e-21
715260,0.0,1.0267428470557123e-42,9959.330658177465,0.9964229611549509,-1.693956037309415e-21
715320,0.0,1.028159703380309e-42,9959.330658177461,0.996422961154951,-1.6938773111171484e-21
715380,0.0,1.029575944054746e-42,9959.330658177458,0.996422961154951,-1.693798491862478e-21
715440,0.0,1.0309915690790252e-42,9959.330658177452,0.996422961154951,-1.6937195795454034e-21
715500,0.0,1.0324065784531425e-42,9959.330658177449,0.9964229611549511,-1.6936405741659253e-21
715560,0.0,1.0338209721770999e-42,9959.330658177445,0.9964229611549511,-1.693561475724043e-21
715620,0.0,1.0352347502508987e-42,9959.330658177441,0.9964229611549511,-1.6934822842197567e-21
715680,0.0,1.0366479126745374e-42,9959.330658177438,0.9964229611549512,-1.693402999653067e-21
715740,0.0,1.0380604594480153e-42,9959.330658177434,0.9964229611549512,-1.6933236220239728e-21
715800,0.0,1.0394723905713346e-42,9959.33065817743,0.9964229611549512,-1.6932441513324746e-21
715860,0.0,1.0408837060444929e-42,9959.330658177427,0.9964229611549513,-1.6931645875785734e-21
715920,0.0,1.0422944058674923e-42,9959.330658177423,0.9964229611549513,-1.6930849307622672e-21
715980,0.0,1.043704490040332e-42,9959.330658177418,0.9964229611549514,-1.6930051808835576e-21
716040,0.0,1.0451139585630107e-42,9959.330658177414,0.9964229611549514,-1.6929253379424442e-21
716100,0.0,1.0465228114355296e-42,9959.33065817741,0.9964229611549514,-1.6928454019389266e-21
716160,0.0,1.0479310486578909e-42,9959.330658177407,0.9964229611549515,-1.6927653728730054e-21
716220,0.0,1.0493386702300902e-42,9959.330658177403,0.9964229611549515,-1.69268525074468e-21
716280,0.0,1.0507456761521296e-42,9959.3306581774,0.9964229611549515,-1.692605035553951e-21
716340,0.0,1.0521520664240103e-42,9959.330658177396,0.9964229611549517,-1.692524727300818e-21
716400,0.0,1.053557841045731e-42,9959.330658177392,0.9964229611549517,-1.6924443259852809e-21
716460,0.0,1.054963000017291e-42,9959.330658177387,0.9964229611549517,-1.69236383160734e-21
716520,0.0,1.0563675433386921e-42,9959.330658177383,0.9964229611549518,-1.692283244166995e-21
716580,0.0,1.0577714710099334e-42,9959.33065817738,0.9964229611549518,-1.6922025636642464e-21
716640,0.0,1.0591747830310138e-42,9959.330658177376,0.9964229611549519,-1.6921217900990936e-21
716700,0.0,1.0605774794019355e-42,9959.330658177372,0.9964229611549519,-1.6920409234715371e-21
716760,0.0,1.0619795601226962e-42,9959.330658177369,0.9964229611549519,-1.6919599637815767e-21
716820,0.0,1.063381025193298e-42,9959.330658177365,0.996422961154952,-1.6918789110292118e-21
716880,0.0,1.0647818746137404e-42,9959.330658177361,0.996422961154952,-1.691797765214444e-21
716940,0.0,1.0661821083840216e-42,9959.330658177356,0.996422961154952,-1.6917165263372715e-21
717000,0.0,1.067581726504143e-42,9959.330658177352,0.9964229611549521,-1.6916351943976952e-21
717060,0.0,1.0689807289741067e-42,9959.330658177349,0.9964229611549521,-1.6915537693957154e-21
717120,0.0,1.0703791157939083e-42,9959.330658177345,0.9964229611549522,-1.6914722513313313e-21
717180,0.0,1.0717768869635503e-42,9959.330658177341,0.9964229611549522,-1.6913906402045434e-21
717240,0.0,1.0731740424830335e-42,9959.330658177338,0.9964229611549522,-1.6913089360153517e-21
717300,0.0,1.0745705823523566e-42,9959.330658177332,0.9964229611549523,-1.691227138763756e-21
717360,0.0,1.0759665065715191e-42,9959.330658177329,0.9964229611549523,-1.6911452484497565e-21
717420,0.0,1.0773618151405228e-42,9959.330658177325,0.9964229611549523,-1.6910632650733527e-21
717480,0.0,1.0787565080593655e-42,9959.330658177321,0.9964229611549524,-1.6909811886345454e-21
717540,0.0,1.0801505853280494e-42,9959.330658177318,0.9964229611549524,-1.6908990191333339e-21
717600,0.0,1.0815440469465736e-42,9959.330658177314,0.9964229611549524,-1.6908167565697188e-21
717660,0.0,1.0829368929149368e-42,9959.330658177309,0.9964229611549525,-1.6907344009436996e-21
717720,0.0,1.0843291232331401e-42,9959.330658177305,0.9964229611549525,-1.6906519522552763e-21
717780,0.0,1.0857207379011858e-42,9959.330658177301,0.9964229611549527,-1.6905694105044496e-21
717840,0.0,1.0871117369190695e-42,9959.330658177298,0.9964229611549527,-1.6904867756912185e-21
717900,0.0,1.0885021202867935e-42,9959.330658177294,0.9964229611549527,-1.6904040478155834e-21
717960,0.0,1.0898918880043587e-42,9959.33065817729,0.9964229611549528,-1.6903212268775452e-21
718020,0.0,1.0912810400717639e-42,9959.330658177285,0.9964229611549528,-1.6902383128771021e-21
718080,0.0,1.0926695764890082e-42,9959.330658177281,0.9964229611549528,-1.690155305814256e-21
718140,0.0,1.094057497256094e-42,9959.330658177278,0.9964229611549529,-1.6900722056890052e-21
718200,0.0,1.0954448023730187e-42,9959.330658177274,0.9964229611549529,-1.6899890125013507e-21
718260,0.0,1.0968314918397845e-42,9959.33065817727,0.996422961154953,-1.6899057262512925e-21
718320,0.0,1.0982175656563907e-42,9959.330658177265,0.996422961154953,-1.68982234693883e-21
718380,0.0,1.0996030238228359e-42,9959.330658177261,0.996422961154953,-1.689738874563964e-21
718440,0.0,1.1009878663391222e-42,9959.330658177258,0.9964229611549531,-1.6896553091266939e-21
718500,0.0,1.1023720932052488e-42,9959.330658177254,0.9964229611549531,-1.68957165062702e-21
718560,0.0,1.1037557044212145e-42,9959.33065817725,0.9964229611549531,-1.6894878990649423e-21
718620,0.0,1.1051386999870204e-42,9959.330658177245,0.9964229611549532,-1.6894040544404603e-21
718680,0.0,1.1065210799026686e-42,9959.330658177241,0.9964229611549532,-1.6893201167535748e-21
718740,0.0,1.1079028441681548e-42,9959.330658177238,0.9964229611549533,-1.689236086004285e-21
718800,0.0,1.1092839927834812e-42,9959.330658177234,0.9964229611549533,-1.6891519621925916e-21
718860,0.0,1.1106645257486488e-42,9959.33065817723,0.9964229611549533,-1.6890677453184942e-21
718920,0.0,1.1120444430636565e-42,9959.330658177225,0.9964229611549534,-1.6889834353819924e-21
718980,0.0,1.1134237447285033e-42,9959.330658177221,0.9964229611549534,-1.6888990323830876e-21
719040,0.0,1.1148024307431914e-42,9959.330658177218,0.9964229611549534,-1.6888145363217782e-21
719100,0.0,1.1161805011077187e-42,9959.330658177214,0.9964229611549535,-1.688729947198065e-21
719160,0.0,1.117557955822087e-42,9959.33065817721,0.9964229611549535,-1.6886452650119482e-21
719220,0.0,1.1189347948862956e-42,9959.330658177205,0.9964229611549537,-1.688560489763427e-21
719280,0.0,1.1203110183003434e-42,9959.330658177201,0.9964229611549537,-1.6884756214525023e-21
719340,0.0,1.1216866260642313e-42,9959.330658177198,0.9964229611549537,-1.6883906600791737e-21
719400,0.0,1.1230616181779613e-42,9959.330658177194,0.9964229611549538,-1.6883056056434409e-21
719460,0.0,1.1244359946415295e-42,9959.330658177189,0.9964229611549538,-1.6882204581453045e-21
719520,0.0,1.1258097554549378e-42,9959.330658177185,0.9964229611549539,-1.6881352175847638e-21
719580,0.0,1.1271829006181875e-42,9959.330658177181,0.9964229611549539,-1.6880498839618194e-21
719640,0.0,1.1285554301312772e-42,9959.330658177178,0.9964229611549539,-1.6879644572764711e-21
719700,0.0,1.129927343994206e-42,9959.330658177172,0.996422961154954,-1.6878789375287189e-21
719760,0.0,1.131298642206976e-42,9959.330658177169,0.996422961154954,-1.6877933247185628e-21
719820,0.0,1.1326693247695853e-42,9959.330658177165,0.996422961154954,-1.6877076188460026e-21
719880,0.0,1.1340393916820357e-42,9959.330658177161,0.9964229611549541,-1.687621819911039e-21
719940,0.0,1.1354088429443262e-42,9959.330658177158,0.9964229611549541,-1.6875359279136709e-21
720000,0.0,1.136777678556456e-42,9959.330658177152,0.9964229611549542,-1.6874499428538992e-21
720060,0.0,1.1381458985184257e-42,9959.330658177149,0.9964229611549542,-1.6873638647317235e-21
720120,0.0,1.1395135028302378e-42,9959.330658177145,0.9964229611549542,-1.6872776935471435e-21
720180,0.0,1.1408804914918881e-42,9959.330658177141,0.9964229611549543,-1.6871914293001604e-21
720240,0.0,1.1422468645033783e-42,9959.330658177136,0.9964229611549543,-1.6871050719907729e-21
720300,0.0,1.14361262186471e-42,9959.330658177132,0.9964229611549544,-1.6870186216189812e-21
720360,0.0,1.1449777635758816e-42,9959.330658177128,0.9964229611549544,-1.6869320781847861e-21
720420,0.0,1.1463422896368925e-42,9959.330658177123,0.9964229611549544,-1.6868454416881868e-21
720480,0.0,1.1477062000477445e-42,9959.33065817712,0.9964229611549545,-1.686758712129184e-21
720540,0.0,1.1490694948084366e-42,9959.330658177116,0.9964229611549545,-1.6866718895077768e-21
720600,0.0,1.150432173918968e-42,9959.330658177112,0.9964229611549545,-1.6865849738239659e-21
720660,0.0,1.1517942373793407e-42,9959.330658177107,0.9964229611549547,-1.6864979650777512e-21
720720,0.0,1.1531556851895524e-42,9959.330658177103,0.9964229611549547,-1.6864108632691323e-21
720780,0.0,1.1545165173496051e-42,9959.3306581771,0.9964229611549548,-1.6863236683981098e-21
720840,0.0,1.1558767338594982e-42,9959.330658177096,0.9964229611549548,-1.686236380464683e-21
720900,0.0,1.1572363347192303e-42,9959.33065817709,0.9964229611549548,-1.6861489994688527e-21
720960,0.0,1.1585953199288027e-42,9959.330658177087,0.9964229611549549,-1.6860615254106184e-21
721020,0.0,1.1599536894882172e-42,9959.330658177083,0.9964229611549549,-1.6859739582899797e-21
721080,0.0,1.1613114433974698e-42,9959.330658177078,0.996422961154955,-1.6858862981069379e-21
721140,0.0,1.1626685816565626e-42,9959.330658177074,0.996422961154955,-1.6857985448614915e-21
721200,0.0,1.1640251042654968e-42,9959.33065817707,0.996422961154955,-1.6857106985536412e-21
721260,0.0,1.165381011224271e-42,9959.330658177067,0.9964229611549551,-1.6856227591833875e-21
721320,0.0,1.1667363025328842e-42,9959.330658177061,0.9964229611549551,-1.6855347267507295e-21
721380,0.0,1.1680909781913388e-42,9959.330658177058,0.9964229611549552,-1.6854466012556677e-21
721440,0.0,1.1694450381996324e-42,9959.330658177054,0.9964229611549552,-1.6853583826982022e-21
721500,0.0,1.1707984825577672e-42,9959.330658177048,0.9964229611549552,-1.6852700710783324e-21
721560,0.0,1.1721513112657422e-42,9959.330658177045,0.9964229611549553,-1.685181666396059e-21
721620,0.0,1.1735035243235564e-42,9959.330658177041,0.9964229611549553,-1.6850931686513815e-21
721680,0.0,1.1748551217312107e-42,9959.330658177036,0.9964229611549554,-1.6850045778443003e-21
721740,0.0,1.1762061034887072e-42,9959.330658177032,0.9964229611549554,-1.6849158939748149e-21
721800,0.0,1.177556469596042e-42,9959.330658177028,0.9964229611549554,-1.6848271170429257e-21
721860,0.0,1.1789062200532167e-42,9959.330658177025,0.9964229611549555,-1.6847382470486327e-21
721920,0.0,1.1802553548602328e-42,9959.33065817702,0.9964229611549555,-1.6846492839919355e-21
721980,0.0,1.181603874017089e-42,9959.330658177016,0.9964229611549557,-1.6845602278728349e-21
722040,0.0,1.1829517775237841e-42,9959.330658177012,0.9964229611549557,-1.6844710786913299e-21
722100,0.0,1.1842990653803208e-42,9959.330658177007,0.9964229611549557,-1.6843818364474213e-21
722160,0.0,1.1856457375866964e-42,9959.330658177003,0.9964229611549558,-1.6842925011411087e-21
722220,0.0,1.1869917941429132e-42,9959.330658177,0.9964229611549558,-1.6842030727723917e-21
722280,0.0,1.1883372350489702e-42,9959.330658176994,0.9964229611549558,-1.6841135513412716e-21
722340,0.0,1.1896820603048663e-42,9959.33065817699,0.9964229611549559,-1.684023936847747e-21
722400,0.0,1.1910262699106036e-42,9959.330658176987,0.9964229611549559,-1.6839342292918186e-21
722460,0.0,1.1923698638661812e-42,9959.330658176981,0.996422961154956,-1.6838444286734865e-21
722520,0.0,1.1937128421715977e-42,9959.330658176978,0.996422961154956,-1.6837545349927501e-21
722580,0.0,1.1950552048268546e-42,9959.330658176974,0.996422961154956,-1.6836645482496103e-21
722640,0.0,1.1963969518319536e-42,9959.330658176968,0.9964229611549561,-1.6835744684440662e-21
722700,0.0,1.1977380831868907e-42,9959.330658176965,0.9964229611549561,-1.6834842955761184e-21
722760,0.0,1.199078598891668e-42,9959.330658176961,0.9964229611549562,-1.6833940296457667e-21
722820,0.0,1.2004184989462866e-42,9959.330658176956,0.9964229611549562,-1.6833036706530109e-21
722880,0.0,1.2017577833507451e-42,9959.330658176952,0.9964229611549562,-1.6832132185978514e-21
722940,0.0,1.2030964521050428e-42,9959.330658176948,0.9964229611549563,-1.6831226734802877e-21
723000,0.0,1.2044345052091819e-42,9959.330658176943,0.9964229611549563,-1.6830320353003205e-21
723060,0.0,1.20577194266316e-42,9959.33065817694,0.9964229611549564,-1.6829413040579492e-21
723120,0.0,1.2071087644669793e-42,9959.330658176936,0.9964229611549564,-1.6828504797531735e-21
723180,0.0,1.2084449706206388e-42,9959.33065817693,0.9964229611549565,-1.6827595623859948e-21
723240,0.0,1.2097805611241374e-42,9959.330658176927,0.9964229611549565,-1.6826685519564115e-21
723300,0.0,1.2111155359774762e-42,9959.330658176921,0.9964229611549565,-1.6825774484644243e-21
723360,0.0,1.2124498951806571e-42,9959.330658176917,0.9964229611549567,-1.6824862519100336e-21
723420,0.0,1.2137836387336762e-42,9959.330658176914,0.9964229611549567,-1.6823949622932385e-21
723480,0.0,1.2151167666365356e-42,9959.330658176908,0.9964229611549568,-1.68230357961404e-21
723540,0.0,1.216449278889236e-42,9959.330658176905,0.9964229611549568,-1.6822121038724375e-21
723600,0.0,1.2177811754917766e-42,9959.330658176901,0.9964229611549568,-1.6821205350684307e-21
723660,0.0,1.2191124564441563e-42,9959.330658176896,0.9964229611549569,-1.6820288732020204e-21
723720,0.0,1.2204431217463775e-42,9959.330658176892,0.9964229611549569,-1.6819371182732057e-21
723780,0.0,1.2217731713984376e-42,9959.330658176887,0.996422961154957,-1.6818452702819876e-21
723840,0.0,1.2231026054003388e-42,9959.330658176883,0.996422961154957,-1.6817533292283653e-21
723900,0.0,1.2244314237520802e-42,9959.33065817688,0.996422961154957,-1.6816612951123391e-21
723960,0.0,1.2257596264536608e-42,9959.330658176874,0.9964229611549571,-1.6815691679339094e-21
724020,0.0,1.2270872135050816e-42,9959.33065817687,0.9964229611549571,-1.681476947693075e-21
724080,0.0,1.2284141849063447e-42,9959.330658176867,0.9964229611549572,-1.6813846343898375e-21
724140,0.0,1.2297405406574456e-42,9959.330658176861,0.9964229611549572,-1.6812922280241956e-21
724200,0.0,1.2310662807583869e-42,9959.330658176857,0.9964229611549572,-1.6811997285961498e-21
724260,0.0,1.2323914052091695e-42,9959.330658176852,0.9964229611549573,-1.6811071361057005e-21
724320,0.0,1.233715914009792e-42,9959.330658176848,0.9964229611549573,-1.6810144505528465e-21
724380,0.0,1.2350398071602537e-42,9959.330658176845,0.9964229611549574,-1.6809216719375895e-21
724440,0.0,1.2363630846605567e-42,9959.33065817684,0.9964229611549574,-1.680828800259928e-21
724500,0.0,1.2376857465106998e-42,9959.330658176836,0.9964229611549574,-1.6807358355198626e-21
724560,0.0,1.239007792710682e-42,9959.33065817683,0.9964229611549575,-1.6806427777173934e-21
724620,0.0,1.2403292232605055e-42,9959.330658176827,0.9964229611549575,-1.6805496268525203e-21
724680,0.0,1.2416500381601682e-42,9959.330658176823,0.9964229611549577,-1.6804563829252433e-21
724740,0.0,1.2429702374096717e-42,9959.330658176817,0.9964229611549577,-1.6803630459355623e-21
724800,0.0,1.2442898210090157e-42,9959.330658176814,0.9964229611549578,-1.6802696158834777e-21
724860,0.0,1.2456087889581989e-42,9959.330658176808,0.9964229611549578,-1.6801760927689889e-21
724920,0.0,1.2469271412572222e-42,9959.330658176805,0.9964229611549578,-1.6800824765920961e-21
724980,0.0,1.2482448779060876e-42,9959.330658176801,0.9964229611549579,-1.6799887673527997e-21
725040,0.0,1.2495619989047911e-42,9959.330658176796,0.9964229611549579,-1.6798949650510991e-21
725100,0.0,1.2508785042533349e-42,9959.330658176792,0.996422961154958,-1.6798010696869949e-21
725160,0.0,1.2521943939517199e-42,9959.330658176787,0.996422961154958,-1.6797070812604867e-21
725220,0.0,1.2535096679999449e-42,9959.330658176783,0.996422961154958,-1.679612999771574e-21
725280,0.0,1.2548243263980092e-42,9959.330658176777,0.9964229611549581,-1.6795188252202584e-21
725340,0.0,1.2561383691459145e-42,9959.330658176774,0.9964229611549581,-1.679424557606538e-21
725400,0.0,1.2574517962436592e-42,9959.33065817677,0.9964229611549582,-1.679330196930414e-21
725460,0.0,1.2587646076912448e-42,9959.330658176765,0.9964229611549582,-1.6792357431918863e-21
725520,0.0,1.2600768034886708e-42,9959.330658176761,0.9964229611549583,-1.6791411963909543e-21
725580,0.0,1.2613883836359358e-42,9959.330658176756,0.9964229611549583,-1.679046556527619e-21
725640,0.0,1.2626993481330411e-42,9959.330658176752,0.9964229611549583,-1.6789518236018792e-21
725700,0.0,1.2640096969799885e-42,9959.330658176747,0.9964229611549584,-1.6788569976137356e-21
725760,0.0,1.265319430176774e-42,9959.330658176743,0.9964229611549584,-1.6787620785631883e-21
725820,0.0,1.2666285477233998e-42,9959.330658176737,0.9964229611549585,-1.6786670664502366e-21
725880,0.0,1.2679370496198667e-42,9959.330658176734,0.9964229611549585,-1.6785719612748816e-21
725940,0.0,1.2692449358661737e-42,9959.33065817673,0.9964229611549585,-1.6784767630371223e-21
726000,0.0,1.27055220646232e-42,9959.330658176725,0.9964229611549587,-1.6783814717369594e-21
726060,0.0,1.2718588614083074e-42,9959.330658176721,0.9964229611549587,-1.6782860873743925e-21
726120,0.0,1.2731649007041339e-42,9959.330658176716,0.9964229611549588,-1.6781906099494213e-21
726180,0.0,1.2744703243498017e-42,9959.330658176712,0.9964229611549588,-1.6780950394620468e-21
726240,0.0,1.2757751323453096e-42,9959.330658176706,0.9964229611549589,-1.6779993759122677e-21
726300,0.0,1.2770793246906566e-42,9959.330658176703,0.9964229611549589,-1.6779036193000852e-21
726360,0.0,1.2783829013858447e-42,9959.330658176697,0.9964229611549589,-1.6778077696254985e-21
726420,0.0,1.2796858624308733e-42,9959.330658176694,0.996422961154959,-1.6777118268885078e-21
726480,0.0,1.2809882078257407e-42,9959.330658176688,0.996422961154959,-1.6776157910891139e-21
726540,0.0,1.2822899375704485e-42,9959.330658176685,0.9964229611549591,-1.6775196622273154e-21
726600,0.0,1.2835910516649984e-42,9959.33065817668,0.9964229611549591,-1.6774234403031131e-21
726660,0.0,1.2848915501093865e-42,9959.330658176676,0.9964229611549591,-1.6773271253165072e-21
726720,0.0,1.2861914329036146e-42,9959.330658176672,0.9964229611549592,-1.6772307172674969e-21
726780,0.0,1.287490700047684e-42,9959.330658176666,0.9964229611549592,-1.6771342161560831e-21
726840,0.0,1.2887893515415936e-42,9959.330658176663,0.9964229611549593,-1.677037621982265e-21
726900,0.0,1.2900873873853423e-42,9959.330658176657,0.9964229611549593,-1.6769409347460435e-21
726960,0.0,1.2913848075789322e-42,9959.330658176654,0.9964229611549594,-1.676844154447418e-21
727020,0.0,1.2926816121223613e-42,9959.330658176648,0.9964229611549594,-1.676747281086388e-21
727080,0.0,1.2939778010156312e-42,9959.330658176645,0.9964229611549594,-1.6766503146629548e-21
727140,0.0,1.2952733742587417e-42,9959.33065817664,0.9964229611549595,-1.6765532551771171e-21
727200,0.0,1.2965683318516913e-42,9959.330658176636,0.9964229611549595,-1.676456102628876e-21
727260,0.0,1.297862673794481e-42,9959.33065817663,0.9964229611549597,-1.6763588570182308e-21
727320,0.0,1.2991564000871128e-42,9959.330658176626,0.9964229611549597,-1.6762615183451812e-21
727380,0.0,1.3004495107295828e-42,9959.330658176621,0.9964229611549598,-1.6761640866097285e-21
727440,0.0,1.301742005721893e-42,9959.330658176617,0.9964229611549598,-1.6760665618118713e-21
727500,0.0,1.3030338850640444e-42,9959.330658176612,0.9964229611549598,-1.6759689439516105e-21
727560,0.0,1.304325148756036e-42,9959.330658176608,0.9964229611549599,-1.6758712330289455e-21
727620,0.0,1.3056157967978665e-42,9959.330658176603,0.9964229611549599,-1.6757734290438766e-21
727680,0.0,1.3069058291895385e-42,9959.3306581766,0.99642296115496,-1.6756755319964044e-21
727740,0.0,1.3081952459310496e-42,9959.330658176594,0.99642296115496,-1.6755775418865276e-21
727800,0.0,1.3094840470224016e-42,9959.33065817659,0.9964229611549601,-1.6754794587142472e-21
727860,0.0,1.310772232463594e-42,9959.330658176585,0.9964229611549601,-1.6753812824795628e-21
727920,0.0,1.3120598022546257e-42,9959.330658176581,0.9964229611549601,-1.6752830131824744e-21
727980,0.0,1.3133467563954972e-42,9959.330658176576,0.9964229611549602,-1.6751846508229822e-21
728040,0.0,1.3146330948862112e-42,9959.330658176572,0.9964229611549602,-1.675086195401086e-21
728100,0.0,1.3159188177267631e-42,9959.330658176566,0.9964229611549603,-1.6749876469167862e-21
728160,0.0,1.3172039249171554e-42,9959.330658176561,0.9964229611549603,-1.6748890053700823e-21
728220,0.0,1.3184884164573887e-42,9959.330658176557,0.9964229611549604,-1.6747902707609741e-21
728280,0.0,1.319772292347462e-42,9959.330658176552,0.9964229611549604,-1.6746914430894627e-21
728340,0.0,1.3210555525873748e-42,9959.330658176548,0.9964229611549605,-1.6745925223555467e-21
728400,0.0,1.3223381971771288e-42,9959.330658176543,0.9964229611549605,-1.6744935085592272e-21
728460,0.0,1.3236202261167226e-42,9959.33065817654,0.9964229611549605,-1.6743944017005036e-21
728520,0.0,1.3249016394061558e-42,9959.330658176534,0.9964229611549607,-1.674295201779376e-21
728580,0.0,1.3261824370454301e-42,9959.33065817653,0.9964229611549607,-1.6741959087958451e-21
728640,0.0,1.3274626190345438e-42,9959.330658176525,0.9964229611549608,-1.6740965227499097e-21
728700,0.0,1.3287421853734983e-42,9959.330658176521,0.9964229611549608,-1.6739970436415704e-21
728760,0.0,1.3300211360622932e-42,9959.330658176515,0.9964229611549609,-1.6738974714708274e-21
728820,0.0,1.3312994711009271e-42,9959.330658176512,0.9964229611549609,-1.6737978062376803e-21
728880,0.0,1.3325771904894014e-42,9959.330658176506,0.9964229611549609,-1.6736980479421294e-21
728940,0.0,1.3338542942277177e-42,9959.330658176501,0.996422961154961,-1.6735981965841746e-21
729000,0.0,1.3351307823158722e-42,9959.330658176497,0.996422961154961,-1.6734982521638159e-21
729060,0.0,1.3364066547538668e-42,9959.330658176492,0.9964229611549611,-1.6733982146810534e-21
729120,0.0,1.3376819115417026e-42,9959.330658176488,0.9964229611549611,-1.6732980841358865e-21
729180,0.0,1.3389565526793786e-42,9959.330658176483,0.9964229611549612,-1.6731978605283164e-21
729240,0.0,1.3402305781668937e-42,9959.33065817648,0.9964229611549612,-1.6730975438583418e-21
729300,0.0,1.34150398800425e-42,9959.330658176474,0.9964229611549612,-1.6729971341259637e-21
729360,0.0,1.3427767821914456e-42,9959.33065817647,0.9964229611549613,-1.6728966313311815e-21
729420,0.0,1.3440489607284821e-42,9959.330658176465,0.9964229611549613,-1.6727960354739953e-21
729480,0.0,1.345320523615359e-42,9959.33065817646,0.9964229611549614,-1.6726953465544053e-21
729540,0.0,1.346591470852075e-42,9959.330658176455,0.9964229611549614,-1.6725945645724112e-21
729600,0.0,1.3478618024386311e-42,9959.33065817645,0.9964229611549615,-1.6724936895280135e-21
729660,0.0,1.3491315183750295e-42,9959.330658176446,0.9964229611549615,-1.6723927214212116e-21
729720,0.0,1.350400618661266e-42,9959.330658176441,0.9964229611549617,-1.6722916602520057e-21
729780,0.0,1.3516691032973426e-42,9959.330658176437,0.9964229611549617,-1.6721905060203965e-21
729840,0.0,1.3529369722832605e-42,9959.330658176432,0.9964229611549617,-1.6720892587263828e-21
729900,0.0,1.3542042256190183e-42,9959.330658176426,0.9964229611549618,-1.6719879183699653e-21
729960,0.0,1.3554708633046155e-42,9959.330658176423,0.9964229611549618,-1.6718864849511441e-21
730020,0.0,1.3567368853400538e-42,9959.330658176417,0.9964229611549619,-1.6717849584699186e-21
730080,0.0,1.3580022917253314e-42,9959.330658176414,0.9964229611549619,-1.6716833389262895e-21
730140,0.0,1.3592670824604498e-42,9959.330658176408,0.996422961154962,-1.6715816263202563e-21
730200,0.0,1.3605312575454087e-42,9959.330658176403,0.996422961154962,-1.6714798206518196e-21
730260,0.0,1.3617948169802067e-42,9959.330658176399,0.9964229611549621,-1.6713779219209788e-21
730320,0.0,1.3630577607648447e-42,9959.330658176394,0.9964229611549621,-1.6712759301277337e-21
730380,0.0,1.364320088899325e-42,9959.33065817639,0.9964229611549621,-1.6711738452720853e-21
730440,0.0,1.3655818013836435e-42,9959.330658176385,0.9964229611549622,-1.6710716673540323e-21
730500,0.0,1.3668428982178021e-42,9959.330658176379,0.9964229611549622,-1.670969396373576e-21
730560,0.0,1.3681033794018019e-42,9959.330658176375,0.9964229611549623,-1.6708670323307154e-21
730620,0.0,1.3693632449356419e-42,9959.33065817637,0.9964229611549623,-1.6707645752254508e-21
730680,0.0,1.370622494819321e-42,9959.330658176366,0.9964229611549624,-1.670662025057783e-21
730740,0.0,1.3718811290528413e-42,9959.33065817636,0.9964229611549624,-1.6705593818277104e-21
730800,0.0,1.3731391476362016e-42,9959.330658176355,0.9964229611549625,-1.6704566455352342e-21
730860,0.0,1.3743965505694013e-42,9959.330658176352,0.9964229611549625,-1.6703538161803544e-21
730920,0.0,1.3756533378524422e-42,9959.330658176346,0.9964229611549625,-1.6702508937630702e-21
730980,0.0,1.3769095094853221e-42,9959.330658176343,0.9964229611549626,-1.6701478782833824e-21
731040,0.0,1.3781650654680431e-42,9959.330658176337,0.9964229611549626,-1.6700447697412906e-21
731100,0.0,1.3794200058006045e-42,9959.330658176332,0.9964229611549628,-1.669941568136795e-21
731160,0.0,1.380674330483005e-42,9959.330658176328,0.9964229611549628,-1.6698382734698955e-21
731220,0.0,1.3819280395152455e-42,9959.330658176323,0.9964229611549629,-1.6697348857405917e-21
731280,0.0,1.3831811328973273e-42,9959.330658176317,0.9964229611549629,-1.6696314049488847e-21
731340,0.0,1.3844336106292491e-42,9959.330658176314,0.996422961154963,-1.669527831094773e-21
731400,0.0,1.3856854727110103e-42,9959.330658176308,0.996422961154963,-1.669424164178258e-21
731460,0.0,1.3869367191426126e-42,9959.330658176303,0.9964229611549631,-1.669320404199339e-21
731520,0.0,1.388187349924055e-42,9959.330658176299,0.9964229611549631,-1.6692165511580157e-21
731580,0.0,1.3894373650553365e-42,9959.330658176294,0.9964229611549631,-1.6691126050542889e-21
731640,0.0,1.3906867645364595e-42,9959.33065817629,0.9964229611549632,-1.6690085658881576e-21
731700,0.0,1.3919355483674214e-42,9959.330658176284,0.9964229611549632,-1.668904433659623e-21
731760,0.0,1.3931837165482244e-42,9959.330658176279,0.9964229611549633,-1.6688002083686841e-21
731820,0.0,1.3944312690788677e-42,9959.330658176275,0.9964229611549633,-1.6686958900153413e-21
731880,0.0,1.3956782059593501e-42,9959.33065817627,0.9964229611549634,-1.6685914785995952e-21
731940,0.0,1.3969245271896727e-42,9959.330658176264,0.9964229611549634,-1.6684869741214445e-21
732000,0.0,1.3981702327698363e-42,9959.33065817626,0.9964229611549635,-1.66838237658089e-21
732060,0.0,1.3994153226998404e-42,9959.330658176255,0.9964229611549635,-1.668277685977932e-21
732120,0.0,1.4006597969796835e-42,9959.33065817625,0.9964229611549636,-1.6681729023125695e-21
732180,0.0,1.4019036556093678e-42,9959.330658176246,0.9964229611549636,-1.6680680255848036e-21
732240,0.0,1.403146898588892e-42,9959.33065817624,0.9964229611549636,-1.6679630557946333e-21
732300,0.0,1.4043895259182556e-42,9959.330658176235,0.9964229611549638,-1.6678579929420596e-21
732360,0.0,1.4056315375974604e-42,9959.330658176232,0.9964229611549638,-1.6677528370270819e-21
732420,0.0,1.4068729336265053e-42,9959.330658176226,0.9964229611549639,-1.6676475880497e-21
732480,0.0,1.4081137140053894e-42,9959.33065817622,0.9964229611549639,-1.6675422460099143e-21
732540,0.0,1.4093538787341147e-42,9959.330658176217,0.996422961154964,-1.6674368109077246e-21
732600,0.0,1.410593427812679e-42,9959.330658176212,0.996422961154964,-1.6673312827431313e-21
732660,0.0,1.4118323612410846e-42,9959.330658176206,0.9964229611549641,-1.6672256615161337e-21
732720,0.0,1.4130706790193293e-42,9959.330658176203,0.9964229611549641,-1.667119947226732e-21
732780,0.0,1.4143083811474152e-42,9959.330658176197,0.9964229611549642,-1.6670141398749273e-21
732840,0.0,1.4155454676253403e-42,9959.330658176192,0.9964229611549642,-1.666908239460718e-21
732900,0.0,1.4167819384531064e-42,9959.330658176188,0.9964229611549642,-1.6668022459841048e-21
732960,0.0,1.4180177936307129e-42,9959.330658176183,0.9964229611549643,-1.6666961594450879e-21
733020,0.0,1.4192530331581585e-42,9959.330658176177,0.9964229611549643,-1.6665899798436668e-21
733080,0.0,1.4204876570354453e-42,9959.330658176174,0.9964229611549644,-1.6664837071798424e-21
733140,0.0,1.4217216652625721e-42,9959.330658176168,0.9964229611549644,-1.6663773414536132e-21
733200,0.0,1.4229550578395382e-42,9959.330658176163,0.9964229611549645,-1.6662708826649807e-21
733260,0.0,1.4241878347663454e-42,9959.330658176157,0.9964229611549645,-1.6661643308139443e-21
733320,0.0,1.4254199960429919e-42,9959.330658176154,0.9964229611549646,-1.6660576859005038e-21
733380,0.0,1.4266515416694793e-42,9959.330658176148,0.9964229611549646,-1.6659509479246596e-21
733440,0.0,1.427882471645806e-42,9959.330658176143,0.9964229611549648,-1.665844116886411e-21
733500,0.0,1.429112785971974e-42,9959.330658176139,0.9964229611549648,-1.6657371927857588e-21
733560,0.0,1.430342484647981e-42,9959.330658176134,0.9964229611549649,-1.6656301756227029e-21
733620,0.0,1.4315715676738291e-42,9959.330658176128,0.9964229611549649,-1.6655230653972429e-21
733680,0.0,1.4328000350495176e-42,9959.330658176123,0.9964229611549649,-1.665415862109379e-21
733740,0.0,1.434027886775045e-42,9959.330658176119,0.996422961154965,-1.6653085657591109e-21
733800,0.0,1.435255122850414e-42,9959.330658176114,0.996422961154965,-1.6652011763464393e-21
733860,0.0,1.4364817432756227e-42,9959.330658176108,0.9964229611549651,-1.6650936938713635e-21
733920,0.0,1.4377077480506707e-42,9959.330658176104,0.9964229611549651,-1.6649861183338837e-21
733980,0.0,1.43893313717556e-42,9959.330658176099,0.9964229611549652,-1.6648784497340007e-21
734040,0.0,1.4401579106502885e-42,9959.330658176093,0.9964229611549652,-1.664770688071713e-21
734100,0.0,1.441382068474858e-42,9959.330658176088,0.9964229611549653,-1.6646628333470216e-21
734160,0.0,1.4426056106492666e-42,9959.330658176084,0.9964229611549653,-1.6645548855599264e-21
734220,0.0,1.4438285371735166e-42,9959.330658176079,0.9964229611549654,-1.664446844710427e-21
734280,0.0,1.4450508480476056e-42,9959.330658176073,0.9964229611549654,-1.6643387107985242e-21
734340,0.0,1.4462725432715355e-42,9959.33065817607,0.9964229611549655,-1.664230483824217e-21
734400,0.0,1.447493622845306e-42,9959.330658176064,0.9964229611549655,-1.6641221637875063e-21
734460,0.0,1.4487140867689155e-42,9959.330658176059,0.9964229611549656,-1.6640137506883916e-21
734520,0.0,1.4499339350423662e-42,9959.330658176053,0.9964229611549656,-1.6639052445268728e-21
734580,0.0,1.4511531676656572e-42,9959.33065817605,0.9964229611549656,-1.6637966453029502e-21
734640,0.0,1.4523717846387872e-42,9959.330658176044,0.9964229611549658,-1.6636879530166235e-21
734700,0.0,1.4535897859617585e-42,9959.330658176039,0.9964229611549658,-1.663579167667893e-21
734760,0.0,1.4548071716345697e-42,9959.330658176033,0.9964229611549659,-1.6634702892567586e-21
734820,0.0,1.4560239416572202e-42,9959.33065817603,0.9964229611549659,-1.6633613177832201e-21
734880,0.0,1.457240096029711e-42,9959.330658176024,0.996422961154966,-1.6632522532472784e-21
734940,0.0,1.4584556347520427e-42,9959.330658176019,0.996422961154966,-1.6631430956489322e-21
735000,0.0,1.4596705578242146e-42,9959.330658176013,0.9964229611549661,-1.663033844988182e-21
735060,0.0,1.460884865246226e-42,9959.33065817601,0.9964229611549661,-1.6629245012650282e-21
735120,0.0,1.4620985570180784e-42,9959.330658176004,0.9964229611549662,-1.6628150644794701e-21
735180,0.0,1.46331163313977e-42,9959.330658175999,0.9964229611549662,-1.6627055346315088e-21
735240,0.0,1.4645240936113024e-42,9959.330658175993,0.9964229611549663,-1.6625959117211426e-21
735300,0.0,1.4657359384326754e-42,9959.330658175988,0.9964229611549663,-1.6624861957483732e-21
735360,0.0,1.4669471676038875e-42,9959.330658175984,0.9964229611549664,-1.6623763867131997e-21
735420,0.0,1.4681577811249407e-42,9959.330658175979,0.9964229611549664,-1.6622664846156222e-21
735480,0.0,1.469367778995834e-42,9959.330658175973,0.9964229611549665,-1.6621564894556411e-21
735540,0.0,1.4705771612165665e-42,9959.330658175968,0.9964229611549665,-1.6620464012332556e-21
735600,0.0,1.471785927787139e-42,9959.330658175964,0.9964229611549665,-1.6619362199484665e-21
735660,0.0,1.472994078707553e-42,9959.330658175959,0.9964229611549666,-1.6618259456012736e-21
735720,0.0,1.4742016139778067e-42,9959.330658175953,0.9964229611549666,-1.6617155781916765e-21
735780,0.0,1.4754085335979e-42,9959.330658175948,0.9964229611549668,-1.6616051177196757e-21
735840,0.0,1.4766148375678342e-42,9959.330658175943,0.9964229611549668,-1.6614945641852708e-21
735900,0.0,1.4778205258876078e-42,9959.330658175939,0.9964229611549669,-1.6613839175884622e-21
735960,0.0,1.4790255985572226e-42,9959.330658175933,0.9964229611549669,-1.6612731779292495e-21
736020,0.0,1.4802300555766773e-42,9959.330658175928,0.996422961154967,-1.6611623452076326e-21
736080,0.0,1.4814338969459714e-42,9959.330658175923,0.996422961154967,-1.6610514194236126e-21
736140,0.0,1.4826371226651054e-42,9959.330658175919,0.9964229611549671,-1.660940400577188e-21
736200,0.0,1.483839732734082e-42,9959.330658175913,0.9964229611549671,-1.6608292886683597e-21
736260,0.0,1.485041727152896e-42,9959.330658175908,0.9964229611549672,-1.6607180836971275e-21
736320,0.0,1.486243105921551e-42,9959.330658175902,0.9964229611549672,-1.6606067856634914e-21
736380,0.0,1.4874438690400477e-42,9959.330658175897,0.9964229611549673,-1.6604953945674514e-21
736440,0.0,1.4886440165083827e-42,9959.330658175893,0.9964229611549673,-1.6603839104090074e-21
736500,0.0,1.4898435483265578e-42,9959.330658175888,0.9964229611549674,-1.6602723331881596e-21
736560,0.0,1.4910424644945744e-42,9959.330658175882,0.9964229611549674,-1.660160662904908e-21
736620,0.0,1.4922407650124306e-42,9959.330658175877,0.9964229611549675,-1.6600488995592523e-21
736680,0.0,1.493438449880126e-42,9959.330658175872,0.9964229611549675,-1.6599370431511927e-21
736740,0.0,1.4946355190976632e-42,9959.330658175866,0.9964229611549676,-1.659825093680729e-21
736800,0.0,1.4958319726650393e-42,9959.330658175862,0.9964229611549676,-1.6597130511478617e-21
736860,0.0,1.4970278105822563e-42,9959.330658175857,0.9964229611549678,-1.6596009155525903e-21
736920,0.0,1.4982230328493135e-42,9959.330658175852,0.9964229611549678,-1.659488686894915e-21
736980,0.0,1.49941763946621e-42,9959.330658175846,0.9964229611549679,-1.659376365174836e-21
737040,0.0,1.5006116304329467e-42,9959.33065817584,0.9964229611549679,-1.6592639503923528e-21
737100,0.0,1.5018050057495254e-42,9959.330658175837,0.9964229611549679,-1.659151442547466e-21
737160,0.0,1.5029977654159425e-42,9959.330658175832,0.996422961154968,-1.659038841640175e-21
737220,0.0,1.5041899094321996e-42,9959.330658175826,0.996422961154968,-1.65892614767048e-21
737280,0.0,1.5053814377982978e-42,9959.33065817582,0.9964229611549681,-1.6588133606383817e-21
737340,0.0,1.506572350514236e-42,9959.330658175815,0.9964229611549681,-1.6587004805438787e-21
737400,0.0,1.507762647580014e-42,9959.33065817581,0.9964229611549682,-1.6585875073869723e-21
737460,0.0,1.5089523289956328e-42,9959.330658175806,0.9964229611549682,-1.6584744411676618e-21
737520,0.0,1.5101413947610905e-42,9959.3306581758,0.9964229611549683,-1.6583612818859474e-21
737580,0.0,1.5113298448763896e-42,9959.330658175795,0.9964229611549683,-1.6582480295418293e-21
737640,0.0,1.5125176793415292e-42,9959.33065817579,0.9964229611549684,-1.6581346841353069e-21
737700,0.0,1.5137048981565075e-42,9959.330658175784,0.9964229611549684,-1.6580212456663808e-21
737760,0.0,1.514891501321326e-42,9959.330658175779,0.9964229611549685,-1.657907714135051e-21
737820,0.0,1.5160774888359868e-42,9959.330658175773,0.9964229611549685,-1.6577940895413169e-21
737880,0.0,1.517262860700486e-42,9959.33065817577,0.9964229611549686,-1.6576803718851792e-21
737940,0.0,1.518447616914825e-42,9959.330658175764,0.9964229611549686,-1.6575665611666373e-21
738000,0.0,1.5196317574790053e-42,9959.330658175759,0.9964229611549688,-1.6574526573856916e-21
738060,0.0,1.5208152823930256e-42,9959.330658175753,0.9964229611549688,-1.657338660542342e-21
738120,0.0,1.5219981916568852e-42,9959.330658175748,0.9964229611549689,-1.6572245706365883e-21
738180,0.0,1.523180485270586e-42,9959.330658175742,0.9964229611549689,-1.6571103876684314e-21
738240,0.0,1.524362163234126e-42,9959.330658175737,0.996422961154969,-1.6569961116378697e-21
738300,0.0,1.525543225547507e-42,9959.330658175733,0.996422961154969,-1.6568817425449044e-21
738360,0.0,1.5267236722107285e-42,9959.330658175728,0.9964229611549691,-1.6567672803895355e-21
738420,0.0,1.527903503223789e-42,9959.330658175722,0.9964229611549691,-1.6566527251717622e-21
738480,0.0,1.5290827185866904e-42,9959.330658175717,0.9964229611549692,-1.6565380768915855e-21
738540,0.0,1.5302613182994322e-42,9959.330658175712,0.9964229611549692,-1.6564233355490044e-21
738600,0.0,1.531439302362013e-42,9959.330658175706,0.9964229611549693,-1.6563085011440196e-21
738660,0.0,1.5326166707744342e-42,9959.3306581757,0.9964229611549693,-1.656193573676631e-21
738720,0.0,1.5337934235366975e-42,9959.330658175695,0.9964229611549694,-1.6560785531468382e-21
738780,0.0,1.5349695606487988e-42,9959.330658175691,0.9964229611549694,-1.6559634395546418e-21
738840,0.0,1.5361450821107404e-42,9959.330658175686,0.9964229611549695,-1.6558482329000411e-21
738900,0.0,1.5373199879225233e-42,9959.33065817568,0.9964229611549695,-1.655732933183037e-21
738960,0.0,1.538494278084146e-42,9959.330658175675,0.9964229611549696,-1.6556175404036286e-21
739020,0.0,1.5396679525956082e-42,9959.33065817567,0.9964229611549696,-1.6555020545618165e-21
739080,0.0,1.5408410114569116e-42,9959.330658175664,0.9964229611549698,-1.6553864756576005e-21
739140,0.0,1.542013454668054e-42,9959.330658175659,0.9964229611549698,-1.6552708036909804e-21
739200,0.0,1.5431852822290375e-42,9959.330658175653,0.9964229611549699,-1.6551550386619566e-21
739260,0.0,1.5443564941398614e-42,9959.330658175648,0.9964229611549699,-1.6550391805705284e-21
739320,0.0,1.5455270904005242e-42,9959.330658175642,0.99642296115497,-1.6549232294166965e-21
739380,0.0,1.5466970710110274e-42,9959.330658175639,0.99642296115497,-1.6548071852004613e-21
739440,0.0,1.5478664359713724e-42,9959.330658175633,0.9964229611549701,-1.6546910479218213e-21
739500,0.0,1.5490351852815557e-42,9959.330658175628,0.9964229611549701,-1.654574817580778e-21
739560,0.0,1.5502033189415794e-42,9959.330658175622,0.9964229611549702,-1.6544584941773306e-21
739620,0.0,1.5513708369514442e-42,9959.330658175617,0.9964229611549702,-1.6543420777114792e-21
739680,0.0,1.552537739311149e-42,9959.330658175611,0.9964229611549703,-1.6542255681832242e-21
739740,0.0,1.5537040260206932e-42,9959.330658175606,0.9964229611549703,-1.6541089655925648e-21
739800,0.0,1.5548696970800783e-42,9959.3306581756,0.9964229611549704,-1.6539922699395018e-21
739860,0.0,1.556034752489303e-42,9959.330658175595,0.9964229611549704,-1.653875481224035e-21
739920,0.0,1.5571991922483683e-42,9959.33065817559,0.9964229611549705,-1.653758599446164e-21
739980,0.0,1.558363016357274e-42,9959.330658175584,0.9964229611549705,-1.6536416246058893e-21
740040,0.0,1.559526224816019e-42,9959.330658175579,0.9964229611549706,-1.6535245567032103e-21
740100,0.0,1.5606888176246042e-42,9959.330658175575,0.9964229611549706,-1.6534073957381279e-21
740160,0.0,1.5618507947830312e-42,9959.33065817557,0.9964229611549708,-1.6532901417106413e-21
740220,0.0,1.5630121562912966e-42,9959.330658175564,0.9964229611549708,-1.6531727946207505e-21
740280,0.0,1.5641729021494023e-42,9959.330658175559,0.9964229611549709,-1.6530553544684566e-21
740340,0.0,1.56533303235735e-42,9959.330658175553,0.9964229611549709,-1.652937821253758e-21
740400,0.0,1.5664925469151357e-42,9959.330658175548,0.996422961154971,-1.652820194976656e-21
740460,0.0,1.567651445822762e-42,9959.330658175542,0.996422961154971,-1.6527024756371499e-21
740520,0.0,1.568809729080229e-42,9959.330658175537,0.9964229611549711,-1.6525846632352397e-21
740580,0.0,1.5699673966875364e-42,9959.330658175531,0.9964229611549711,-1.652466757770926e-21
740640,0.0,1.571124448644683e-42,9959.330658175526,0.9964229611549712,-1.652348759244208e-21
740700,0.0,1.5722808849516706e-42,9959.33065817552,0.9964229611549712,-1.6522306676550863e-21
740760,0.0,1.5734367056084976e-42,9959.330658175515,0.9964229611549713,-1.6521124830035606e-21
740820,0.0,1.5745919106151657e-42,9959.33065817551,0.9964229611549713,-1.651994205289631e-21
740880,0.0,1.5757464999716738e-42,9959.330658175504,0.9964229611549714,-1.6518758345132977e-21
740940,0.0,1.5769004736780212e-42,9959.330658175499,0.9964229611549714,-1.65175737067456e-21
741000,0.0,1.578053831734209e-42,9959.330658175493,0.9964229611549715,-1.6516388137734189e-21
741060,0.0,1.5792065741402385e-42,9959.330658175488,0.9964229611549715,-1.6515201638098734e-21
741120,0.0,1.5803587008961064e-42,9959.330658175482,0.9964229611549716,-1.6514014207839245e-21
741180,0.0,1.5815102120018143e-42,9959.330658175477,0.9964229611549716,-1.6512825846955714e-21
741240,0.0,1.5826611074573637e-42,9959.330658175473,0.9964229611549718,-1.6511636555448143e-21
741300,0.0,1.5838113872627528e-42,9959.330658175468,0.9964229611549718,-1.6510446333316536e-21
741360,0.0,1.5849610514179815e-42,9959.330658175462,0.9964229611549719,-1.6509255180560887e-21
741420,0.0,1.586110099923051e-42,9959.330658175457,0.9964229611549719,-1.6508063097181198e-21
741480,0.0,1.58725853277796e-42,9959.330658175451,0.996422961154972,-1.6506870083177475e-21
741540,0.0,1.58840634998271e-42,9959.330658175446,0.996422961154972,-1.6505676138549706e-21
741600,0.0,1.5895535515373004e-42,9959.33065817544,0.9964229611549721,-1.6504481263297903e-21
741660,0.0,1.5907001374417295e-42,9959.330658175435,0.9964229611549721,-1.6503285457422061e-21
741720,0.0,1.5918461076959992e-42,9959.33065817543,0.9964229611549722,-1.6502088720922176e-21
741780,0.0,1.5929914623001108e-42,9959.330658175424,0.9964229611549722,-1.6500891053798257e-21
741840,0.0,1.5941362012540608e-42,9959.330658175419,0.9964229611549723,-1.6499692456050293e-21
741900,0.0,1.5952803245578507e-42,9959.330658175413,0.9964229611549723,-1.6498492927678294e-21
741960,0.0,1.596423832211482e-42,9959.330658175408,0.9964229611549724,-1.6497292468682256e-21
742020,0.0,1.5975667242149533e-42,9959.330658175402,0.9964229611549724,-1.6496091079062177e-21
742080,0.0,1.5987090005682637e-42,9959.330658175397,0.9964229611549725,-1.649488875881806e-21
742140,0.0,1.5998506612714153e-42,9959.330658175391,0.9964229611549725,-1.6493685507949902e-21
742200,0.0,1.6009917063244063e-42,9959.330658175386,0.9964229611549726,-1.6492481326457706e-21
742260,0.0,1.6021321357272382e-42,9959.33065817538,0.9964229611549726,-1.649127621434147e-21
742320,0.0,1.6032719494799103e-42,9959.330658175375,0.9964229611549728,-1.6490070171601195e-21
742380,0.0,1.6044111475824218e-42,9959.33065817537,0.9964229611549728,-1.6488863198236885e-21
742440,0.0,1.6055497300347742e-42,9959.330658175364,0.9964229611549729,-1.648765529424853e-21
742500,0.0,1.606687696836967e-42,9959.330658175359,0.9964229611549729,-1.648644645963614e-21
742560,0.0,1.607825047988999e-42,9959.330658175353,0.996422961154973,-1.648523669439971e-21
742620,0.0,1.6089617834908708e-42,9959.330658175348,0.9964229611549731,-1.6484025998539238e-21
742680,0.0,1.610097903342585e-42,9959.330658175342,0.9964229611549731,-1.6482814372054732e-21
742740,0.0,1.6112334075441374e-42,9959.330658175337,0.9964229611549732,-1.6481601814946182e-21
742800,0.0,1.61236829609553e-42,9959.330658175331,0.9964229611549732,-1.6480388327213596e-21
742860,0.0,1.6135025689967635e-42,9959.330658175326,0.9964229611549733,-1.647917390885697e-21
742920,0.0,1.6146362262478372e-42,9959.33065817532,0.9964229611549733,-1.6477958559876303e-21
742980,0.0,1.61576926784875e-42,9959.330658175315,0.9964229611549734,-1.6476742280271601e-21
743040,0.0,1.6169016937995043e-42,9959.33065817531,0.9964229611549734,-1.6475525070042855e-21
743100,0.0,1.6180335041000978e-42,9959.330658175302,0.9964229611549735,-1.6474306929190073e-21
743160,0.0,1.6191646987505322e-42,9959.330658175297,0.9964229611549735,-1.647308785771325e-21
743220,0.0,1.620295277750807e-42,9959.330658175291,0.9964229611549736,-1.647186785561239e-21
743280,0.0,1.6214252411009206e-42,9959.330658175286,0.9964229611549736,-1.6470646922887492e-21
743340,0.0,1.622554588800875e-42,9959.33065817528,0.9964229611549738,-1.6469425059538551e-21
743400,0.0,1.6236833208506707e-42,9959.330658175275,0.9964229611549738,-1.6468202265565575e-21
743460,0.0,1.6248114372503052e-42,9959.33065817527,0.9964229611549739,-1.6466978540968555e-21
743520,0.0,1.6259389379997797e-42,9959.330658175264,0.9964229611549739,-1.6465753885747496e-21
743580,0.0,1.6270658230990954e-42,9959.330658175259,0.996422961154974,-1.6464528299902405e-21
743640,0.0,1.628192092548251e-42,9959.330658175253,0.996422961154974,-1.6463301783433265e-21
743700,0.0,1.629317746347246e-42,9959.330658175248,0.9964229611549741,-1.6462074336340092e-21
743760,0.0,1.6304427844960823e-42,9959.330658175242,0.9964229611549741,-1.6460845958622881e-21
743820,0.0,1.6315672069947575e-42,9959.330658175237,0.9964229611549742,-1.6459616650281627e-21
743880,0.0,1.632691013843274e-42,9959.330658175231,0.9964229611549742,-1.6458386411316338e-21
743940,0.0,1.6338142050416306e-42,9959.330658175226,0.9964229611549743,-1.6457155241727005e-21
744000,0.0,1.6349367805898264e-42,9959.33065817522,0.9964229611549743,-1.6455923141513636e-21
744060,0.0,1.6360587404878624e-42,9959.330658175215,0.9964229611549744,-1.645469011067623e-21
744120,0.0,1.6371800847357405e-42,9959.33065817521,0.9964229611549745,-1.6453456149214779e-21
744180,0.0,1.6383008133334568e-42,9959.330658175204,0.9964229611549745,-1.6452221257129294e-21
744240,0.0,1.6394209262810133e-42,9959.330658175199,0.9964229611549746,-1.6450985434419765e-21
744300,0.0,1.640540423578412e-42,9959.330658175191,0.9964229611549746,-1.6449748681086202e-21
744360,0.0,1.6416593052256487e-42,9959.330658175186,0.9964229611549748,-1.6448510997128597e-21
744420,0.0,1.6427775712227257e-42,9959.33065817518,0.9964229611549748,-1.6447272382546953e-21
744480,0.0,1.643895221569644e-42,9959.330658175175,0.9964229611549749,-1.6446032837341272e-21
744540,0.0,1.645012256266402e-42,9959.33065817517,0.9964229611549749,-1.6444792361511545e-21
744600,0.0,1.6461286753129993e-42,9959.330658175164,0.996422961154975,-1.644355095505779e-21
744660,0.0,1.647244478709438e-42,9959.330658175159,0.996422961154975,-1.6442308617979987e-21
744720,0.0,1.648359666455716e-42,9959.330658175153,0.9964229611549751,-1.6441065350278145e-21
744780,0.0,1.6494742385518348e-42,9959.330658175148,0.9964229611549751,-1.643982115195227e-21
744840,0.0,1.650588194997794e-42,9959.330658175142,0.9964229611549752,-1.643857602300235e-21
744900,0.0,1.6517015357935923e-42,9959.330658175137,0.9964229611549752,-1.6437329963428395e-21
744960,0.0,1.6528142609392308e-42,9959.330658175131,0.9964229611549753,-1.64360829732304e-21
745020,0.0,1.6539263704347112e-42,9959.330658175124,0.9964229611549753,-1.6434835052408364e-21
745080,0.0,1.65503786428003e-42,9959.330658175119,0.9964229611549754,-1.6433586200962292e-21
745140,0.0,1.656148742475189e-42,9959.330658175113,0.9964229611549755,-1.6432336418892177e-21
745200,0.0,1.6572590050201893e-42,9959.330658175108,0.9964229611549755,-1.6431085706198025e-21
745260,0.0,1.6583686519150295e-42,9959.330658175102,0.9964229611549756,-1.6429834062879833e-21
745320,0.0,1.6594776831597087e-42,9959.330658175097,0.9964229611549756,-1.6428581488937604e-21
745380,0.0,1.6605860987542295e-42,9959.330658175091,0.9964229611549758,-1.6427327984371336e-21
745440,0.0,1.6616938986985893e-42,9959.330658175086,0.9964229611549758,-1.6426073549181024e-21
745500,0.0,1.66280108299279e-42,9959.33065817508,0.9964229611549759,-1.6424818183366678e-21
745560,0.0,1.6639076516368312e-42,9959.330658175073,0.9964229611549759,-1.6423561886928288e-21
745620,0.0,1.6650136046307115e-42,9959.330658175068,0.996422961154976,-1.642230465986586e-21
745680,0.0,1.666118941974432e-42,9959.330658175062,0.996422961154976,-1.64210465021794e-21
745740,0.0,1.6672236636679945e-42,9959.330658175057,0.9964229611549761,-1.6419787413868893e-21
745800,0.0,1.6683277697113953e-42,9959.330658175051,0.9964229611549761,-1.6418527394934349e-21
745860,0.0,1.6694312601046363e-42,9959.330658175046,0.9964229611549762,-1.6417266445375768e-21
745920,0.0,1.6705341348477183e-42,9959.33065817504,0.9964229611549762,-1.6416004565193144e-21
745980,0.0,1.6716363939406406e-42,9959.330658175035,0.9964229611549763,-1.6414741754386486e-21
746040,0.0,1.672738037383402e-42,9959.33065817503,0.9964229611549764,-1.6413478012955784e-21
746100,0.0,1.6738390651760046e-42,9959.330658175022,0.9964229611549764,-1.6412213340901046e-21
746160,0.0,1.6749394773184464e-42,9959.330658175017,0.9964229611549765,-1.6410947738222267e-21
746220,0.0,1.676039273810729e-42,9959.330658175011,0.9964229611549765,-1.6409681204919449e-21
746280,0.0,1.6771384546528524e-42,9959.330658175006,0.9964229611549766,-1.6408413740992594e-21
746340,0.0,1.6782370198448147e-42,9959.330658175,0.9964229611549766,-1.6407145346441696e-21
746400,0.0,1.679334969386618e-42,9959.330658174995,0.9964229611549767,-1.6405876021266764e-21
746460,0.0,1.6804323032782615e-42,9959.33065817499,0.9964229611549767,-1.6404605765467787e-21
746520,0.0,1.6815290215197443e-42,9959.330658174982,0.9964229611549769,-1.6403334579044775e-21
746580,0.0,1.6826251241110674e-42,9959.330658174977,0.9964229611549769,-1.6402062461997724e-21
746640,0.0,1.6837206110522323e-42,9959.330658174971,0.996422961154977,-1.640078941432663e-21
746700,0.0,1.6848154823432353e-42,9959.330658174966,0.996422961154977,-1.6399515436031503e-21
746760,0.0,1.685909737984079e-42,9959.33065817496,0.9964229611549771,-1.6398240527112332e-21
746820,0.0,1.6870033779747634e-42,9959.330658174955,0.9964229611549772,-1.6396964687569121e-21
746880,0.0,1.6880964023152882e-42,9959.330658174948,0.9964229611549772,-1.6395687917401875e-21
746940,0.0,1.689188811005652e-42,9959.330658174942,0.9964229611549773,-1.6394410216610586e-21
747000,0.0,1.6902806040458573e-42,9959.330658174937,0.9964229611549773,-1.639313158519526e-21
747060,0.0,1.6913717814359013e-42,9959.330658174931,0.9964229611549774,-1.6391852023155896e-21
747120,0.0,1.6924623431757866e-42,9959.330658174926,0.9964229611549774,-1.6390571530492491e-21
747180,0.0,1.6935522892655124e-42,9959.33065817492,0.9964229611549775,-1.6389290107205048e-21
747240,0.0,1.694641619705077e-42,9959.330658174913,0.9964229611549775,-1.6388007753293565e-21
747300,0.0,1.695730334494482e-42,9959.330658174908,0.9964229611549776,-1.6386724468758044e-21
747360,0.0,1.696818433633729e-42,9959.330658174902,0.9964229611549776,-1.6385440253598481e-21
747420,0.0,1.697905917122814e-42,9959.330658174897,0.9964229611549777,-1.6384155107814882e-21
747480,0.0,1.6989927849617397e-42,9959.330658174891,0.9964229611549777,-1.6382869031407244e-21
747540,0.0,1.7000790371505062e-42,9959.330658174886,0.9964229611549779,-1.6381582024375565e-21
747600,0.0,1.7011646736891127e-42,9959.330658174878,0.996422961154978,-1.6380294086719848e-21
747660,0.0,1.702249694577559e-42,9959.330658174873,0.996422961154978,-1.637900521844009e-21
747720,0.0,1.703334099815846e-42,9959.330658174867,0.9964229611549781,-1.6377715419536293e-21
747780,0.0,1.7044178894039723e-42,9959.330658174862,0.9964229611549781,-1.6376424690008462e-21
747840,0.0,1.7055010633419392e-42,9959.330658174857,0.9964229611549782,-1.6375133029856585e-21
747900,0.0,1.706583621629747e-42,9959.33065817485,0.9964229611549782,-1.6373840439080673e-21
747960,0.0,1.7076655642673936e-42,9959.330658174844,0.9964229611549783,-1.6372546917680722e-21
748020,0.0,1.7087468912548808e-42,9959.330658174838,0.9964229611549783,-1.6371252465656728e-21
748080,0.0,1.7098276025922095e-42,9959.330658174833,0.9964229611549784,-1.6369957083008698e-21
748140,0.0,1.710907698279377e-42,9959.330658174827,0.9964229611549784,-1.6368660769736627e-21
748200,0.0,1.7119871783163842e-42,9959.33065817482,0.9964229611549785,-1.6367363525840521e-21
748260,0.0,1.7130660427032337e-42,9959.330658174815,0.9964229611549786,-1.6366065351320372e-21
748320,0.0,1.7141442914399213e-42,9959.33065817481,0.9964229611549786,-1.6364766246176186e-21
748380,0.0,1.715221924526449e-42,9959.330658174804,0.9964229611549787,-1.636346621040796e-21
748440,0.0,1.7162989419628182e-42,9959.330658174798,0.9964229611549787,-1.6362165244015694e-21
748500,0.0,1.7173753437490272e-42,9959.330658174791,0.9964229611549789,-1.636086334699939e-21
748560,0.0,1.718451129885076e-42,9959.330658174786,0.9964229611549789,-1.6359560519359046e-21
748620,0.0,1.7195263003709654e-42,9959.33065817478,0.996422961154979,-1.6358256761094664e-21
748680,0.0,1.720600855206694e-42,9959.330658174775,0.996422961154979,-1.6356952072206244e-21
748740,0.0,1.7216747943922638e-42,9959.33065817477,0.9964229611549791,-1.6355646452693778e-21
748800,0.0,1.722748117927674e-42,9959.330658174762,0.9964229611549792,-1.6354339902557282e-21
748860,0.0,1.723820825812923e-42,9959.330658174757,0.9964229611549792,-1.6353032421796742e-21
748920,0.0,1.7248929180480127e-42,9959.330658174751,0.9964229611549793,-1.6351724010412162e-21
748980,0.0,1.725964394632944e-42,9959.330658174746,0.9964229611549793,-1.6350414668403546e-21
749040,0.0,1.7270352555677135e-42,9959.330658174738,0.9964229611549794,-1.6349104395770888e-21
749100,0.0,1.7281055008523233e-42,9959.330658174733,0.9964229611549794,-1.6347793192514193e-21
749160,0.0,1.7291751304867744e-42,9959.330658174727,0.9964229611549795,-1.6346481058633459e-21
749220,0.0,1.7302441444710655e-42,9959.330658174722,0.9964229611549795,-1.6345167994128685e-21
749280,0.0,1.731312542805196e-42,9959.330658174715,0.9964229611549796,-1.6343853998999872e-21
749340,0.0,1.7323803254891675e-42,9959.33065817471,0.9964229611549797,-1.6342539073247018e-21
749400,0.0,1.7334474925229784e-42,9959.330658174704,0.9964229611549797,-1.6341223216870127e-21
749460,0.0,1.73451404390663e-42,9959.330658174698,0.9964229611549799,-1.6339906429869197e-21
749520,0.0,1.735579979640122e-42,9959.330658174691,0.9964229611549799,-1.6338588712244228e-21
749580,0.0,1.736645299723453e-42,9959.330658174686,0.99642296115498,-1.6337270063995221e-21
749640,0.0,1.7377100041566245e-42,9959.33065817468,0.99642296115498,-1.6335950485122171e-21
749700,0.0,1.738774092939638e-42,9959.330658174675,0.9964229611549801,-1.6334629975625086e-21
749760,0.0,1.7398375660724897e-42,9959.330658174667,0.9964229611549801,-1.6333308535503958e-21
749820,0.0,1.7409004235551816e-42,9959.330658174662,0.9964229611549802,-1.633198616475879e-21
749880,0.0,1.7419626653877147e-42,9959.330658174656,0.9964229611549803,-1.633066286338959e-21
749940,0.0,1.7430242915700875e-42,9959.330658174651,0.9964229611549803,-1.6329338631396343e-21
750000,0.0,1.7440853021023e-42,9959.330658174644,0.9964229611549804,-1.6328013468779064e-21
750060,0.0,1.7451456969843535e-42,9959.330658174638,0.9964229611549804,-1.6326687375537741e-21
750120,0.0,1.746205476216246e-42,9959.330658174633,0.9964229611549805,-1.6325360351672378e-21
750180,0.0,1.74726463979798e-42,9959.330658174627,0.9964229611549805,-1.632403239718298e-21
750240,0.0,1.7483231877295538e-42,9959.33065817462,0.9964229611549806,-1.6322703512069538e-21
750300,0.0,1.7493811200109673e-42,9959.330658174615,0.9964229611549806,-1.6321373696332061e-21
750360,0.0,1.7504384366422213e-42,9959.33065817461,0.9964229611549807,-1.6320042949970544e-21
750420,0.0,1.751495137623316e-42,9959.330658174604,0.9964229611549809,-1.6318711272984989e-21
750480,0.0,1.7525512229542496e-42,9959.330658174596,0.9964229611549809,-1.6317378665375394e-21
750540,0.0,1.7536066926350235e-42,9959.330658174591,0.996422961154981,-1.6316045127141757e-21
750600,0.0,1.7546615466656393e-42,9959.330658174586,0.996422961154981,-1.6314710658284085e-21
750660,0.0,1.7557157850460935e-42,9959.330658174578,0.9964229611549811,-1.631337525880237e-21
750720,0.0,1.756769407776388e-42,9959.330658174573,0.9964229611549811,-1.6312038928696619e-21
750780,0.0,1.7578224148565233e-42,9959.330658174567,0.9964229611549812,-1.6310701667966829e-21
750840,0.0,1.758874806286499e-42,9959.33065817456,0.9964229611549812,-1.6309363476612994e-21
750900,0.0,1.7599265820663138e-42,9959.330658174555,0.9964229611549813,-1.6308024354635128e-21
750960,0.0,1.7609777421959696e-42,9959.33065817455,0.9964229611549814,-1.6306684302033219e-21
751020,0.0,1.7620282866754648e-42,9959.330658174544,0.9964229611549814,-1.630534331880727e-21
751080,0.0,1.763078215504801e-42,9959.330658174536,0.9964229611549815,-1.6304001404957283e-21
751140,0.0,1.7641275286839776e-42,9959.330658174531,0.9964229611549815,-1.6302658560483256e-21
751200,0.0,1.7651762262129932e-42,9959.330658174526,0.9964229611549816,-1.6301314785385192e-21
751260,0.0,1.7662243080918492e-42,9959.330658174518,0.9964229611549816,-1.6299970079663088e-21
751320,0.0,1.767271774320547e-42,9959.330658174513,0.9964229611549817,-1.6298624443316945e-21
751380,0.0,1.7683186248990832e-42,9959.330658174507,0.9964229611549819,-1.6297277876346763e-21
751440,0.0,1.7693648598274593e-42,9959.3306581745,0.9964229611549819,-1.6295930378752539e-21
751500,0.0,1.770410479105677e-42,9959.330658174495,0.996422961154982,-1.629458195053428e-21
751560,0.0,1.7714554827337343e-42,9959.33065817449,0.996422961154982,-1.629323259169198e-21
751620,0.0,1.7724998707116313e-42,9959.330658174484,0.9964229611549821,-1.6291882302225641e-21
751680,0.0,1.773543643039369e-42,9959.330658174476,0.9964229611549821,-1.6290531082135263e-21
751740,0.0,1.7745867997169463e-42,9959.330658174471,0.9964229611549822,-1.6289178931420843e-21
751800,0.0,1.7756293407443645e-42,9959.330658174465,0.9964229611549823,-1.6287825850082389e-21
751860,0.0,1.776671266121623e-42,9959.330658174458,0.9964229611549823,-1.6286471838119893e-21
751920,0.0,1.777712575848721e-42,9959.330658174453,0.9964229611549824,-1.6285116895533359e-21
751980,0.0,1.7787532699256585e-42,9959.330658174447,0.9964229611549824,-1.6283761022322786e-21
752040,0.0,1.7797933483524383e-42,9959.33065817444,0.9964229611549825,-1.6282404218488168e-21
752100,0.0,1.7808328111290566e-42,9959.330658174435,0.9964229611549825,-1.628104648402952e-21
752160,0.0,1.7818716582555147e-42,9959.33065817443,0.9964229611549826,-1.6279687818946828e-21
752220,0.0,1.7829098897318144e-42,9959.330658174422,0.9964229611549827,-1.6278328223240095e-21
752280,0.0,1.7839475055579538e-42,9959.330658174416,0.9964229611549827,-1.6276967696909327e-21
752340,0.0,1.7849845057339324e-42,9959.330658174411,0.9964229611549829,-1.6275606239954516e-21
752400,0.0,1.7860208902597527e-42,9959.330658174404,0.9964229611549829,-1.627424385237567e-21
752460,0.0,1.7870566591354125e-42,9959.330658174398,0.996422961154983,-1.6272880534172781e-21
752520,0.0,1.7880918123609117e-42,9959.330658174391,0.996422961154983,-1.6271516285345857e-21
752580,0.0,1.7891263499362524e-42,9959.330658174385,0.9964229611549831,-1.6270151105894894e-21
752640,0.0,1.7901602718614318e-42,9959.33065817438,0.9964229611549832,-1.6268784995819887e-21
752700,0.0,1.7911935781364525e-42,9959.330658174373,0.9964229611549832,-1.6267417955120845e-21
752760,0.0,1.7922262687613134e-42,9959.330658174367,0.9964229611549833,-1.6266049983797762e-21
752820,0.0,1.7932583437360136e-42,9959.330658174362,0.9964229611549833,-1.6264681081850641e-21
752880,0.0,1.794289803060554e-42,9959.330658174355,0.9964229611549834,-1.626331124927948e-21
752940,0.0,1.7953206467349362e-42,9959.330658174349,0.9964229611549834,-1.6261940486084278e-21
753000,0.0,1.796350874759157e-42,9959.330658174344,0.9964229611549835,-1.6260568792265043e-21
753060,0.0,1.7973804871332176e-42,9959.330658174336,0.9964229611549836,-1.6259196167821762e-21
753120,0.0,1.7984094838571196e-42,9959.33065817433,0.9964229611549836,-1.6257822612754443e-21
753180,0.0,1.7994378649308614e-42,9959.330658174324,0.9964229611549837,-1.6256448127063088e-21
753240,0.0,1.800465630354443e-42,9959.330658174318,0.9964229611549837,-1.625507271074769e-21
753300,0.0,1.8014927801278654e-42,9959.330658174313,0.9964229611549839,-1.6253696363808258e-21
753360,0.0,1.802519314251127e-42,9959.330658174305,0.9964229611549839,-1.6252319086244784e-21
753420,0.0,1.8035452327242295e-42,9959.3306581743,0.996422961154984,-1.6250940878057271e-21
753480,0.0,1.8045705355471724e-42,9959.330658174295,0.9964229611549841,-1.624956173924572e-21
753540,0.0,1.8055952227199547e-42,9959.330658174287,0.9964229611549841,-1.6248181669810127e-21
753600,0.0,1.806619294242577e-42,9959.330658174282,0.9964229611549842,-1.6246800669750497e-21
753660,0.0,1.8076427501150413e-42,9959.330658174275,0.9964229611549842,-1.6245418739066826e-21
753720,0.0,1.8086655903373438e-42,9959.330658174269,0.9964229611549843,-1.6244035877759119e-21
753780,0.0,1.8096878149094868e-42,9959.330658174264,0.9964229611549844,-1.6242652085827373e-21
753840,0.0,1.8107094238314708e-42,9959.330658174256,0.9964229611549844,-1.6241267363271584e-21
753900,0.0,1.8117304171032944e-42,9959.33065817425,0.9964229611549845,-1.623988171009176e-21
753960,0.0,1.812750794724958e-42,9959.330658174244,0.9964229611549845,-1.6238495126287893e-21
754020,0.0,1.8137705566964624e-42,9959.330658174238,0.9964229611549846,-1.623710761185999e-21
754080,0.0,1.8147897030178058e-42,9959.330658174233,0.9964229611549846,-1.6235719166808047e-21
754140,0.0,1.8158082336889905e-42,9959.330658174225,0.9964229611549847,-1.623432979113206e-21
754200,0.0,1.8168261487100155e-42,9959.33065817422,0.9964229611549849,-1.6232939484832042e-21
754260,0.0,1.8178434480808795e-42,9959.330658174213,0.9964229611549849,-1.623154824790798e-21
754320,0.0,1.8188601318015847e-42,9959.330658174207,0.996422961154985,-1.6230156080359879e-21
754380,0.0,1.8198761998721298e-42,9959.330658174202,0.996422961154985,-1.622876298218774e-21
754440,0.0,1.8208916522925146e-42,9959.330658174194,0.9964229611549851,-1.6227368953391561e-21
754500,0.0,1.8219064890627394e-42,9959.330658174189,0.9964229611549852,-1.6225973993971345e-21
754560,0.0,1.822920710182806e-42,9959.330658174182,0.9964229611549852,-1.6224578103927087e-21
754620,0.0,1.8239343156527113e-42,9959.330658174176,0.9964229611549853,-1.6223181283258793e-21
754680,0.0,1.8249473054724565e-42,9959.33065817417,0.9964229611549853,-1.6221783531966459e-21
754740,0.0,1.825959679642043e-42,9959.330658174164,0.9964229611549854,-1.6220384850050083e-21
754800,0.0,1.8269714381614692e-42,9959.330658174158,0.9964229611549854,-1.6218985237509673e-21
754860,0.0,1.827982581030735e-42,9959.33065817415,0.9964229611549855,-1.6217584694345219e-21
754920,0.0,1.828993108249842e-42,9959.330658174145,0.9964229611549856,-1.6216183220556728e-21
754980,0.0,1.8300030198187882e-42,9959.330658174138,0.9964229611549856,-1.62147808161442e-21
755040,0.0,1.831012315737575e-42,9959.330658174133,0.9964229611549857,-1.6213377481107626e-21
755100,0.0,1.8320209960062026e-42,9959.330658174127,0.9964229611549857,-1.6211973215447021e-21
755160,0.0,1.833029060624669e-42,9959.33065817412,0.9964229611549859,-1.6210568019162371e-21
755220,0.0,1.834036509592976e-42,9959.330658174114,0.996422961154986,-1.6209161892253683e-21
755280,0.0,1.8350433429111246e-42,9959.330658174107,0.996422961154986,-1.6207754834720958e-21
755340,0.0,1.8360495605791116e-42,9959.330658174102,0.9964229611549861,-1.6206346846564192e-21
755400,0.0,1.837055162596939e-42,9959.330658174094,0.9964229611549861,-1.620493792778339e-21
755460,0.0,1.8380601489646074e-42,9959.330658174089,0.9964229611549862,-1.6203528078378547e-21
755520,0.0,1.839064519682116e-42,9959.330658174082,0.9964229611549863,-1.6202117298349662e-21
755580,0.0,1.8400682747494633e-42,9959.330658174076,0.9964229611549863,-1.6200705587696742e-21
755640,0.0,1.8410714141666524e-42,9959.330658174069,0.9964229611549864,-1.6199292946419779e-21
755700,0.0,1.8420739379336804e-42,9959.330658174064,0.9964229611549864,-1.619787937451878e-21
755760,0.0,1.8430758460505496e-42,9959.330658174058,0.9964229611549865,-1.6196464871993741e-21
755820,0.0,1.844077138517259e-42,9959.33065817405,0.9964229611549865,-1.6195049438844665e-21
755880,0.0,1.8450778153338074e-42,9959.330658174045,0.9964229611549866,-1.6193633075071548e-21
755940,0.0,1.8460778765001962e-42,9959.330658174038,0.9964229611549867,-1.6192215780674389e-21
756000,0.0,1.847077322016427e-42,9959.330658174033,0.9964229611549867,-1.6190797555653196e-21
756060,0.0,1.848076151882496e-42,9959.330658174025,0.9964229611549869,-1.618937840000796e-21
756120,0.0,1.8490743660984052e-42,9959.33065817402,0.9964229611549869,-1.6187958313738686e-21
756180,0.0,1.8500719646641558e-42,9959.330658174013,0.996422961154987,-1.6186537296845375e-21
756240,0.0,1.851068947579746e-42,9959.330658174007,0.9964229611549871,-1.6185115349328018e-21
756300,0.0,1.8520653148451758e-42,9959.330658174,0.9964229611549871,-1.618369247118663e-21
756360,0.0,1.8530610664604465e-42,9959.330658173994,0.9964229611549872,-1.61822686624212e-21
756420,0.0,1.8540562024255575e-42,9959.330658173987,0.9964229611549872,-1.6180843923031728e-21
756480,0.0,1.8550507227405075e-42,9959.330658173982,0.9964229611549873,-1.6179418253018221e-21
756540,0.0,1.856044627405299e-42,9959.330658173974,0.9964229611549874,-1.6177991652380672e-21
756600,0.0,1.8570379164199296e-42,9959.330658173969,0.9964229611549874,-1.6176564121119087e-21
756660,0.0,1.858030589784401e-42,9959.330658173962,0.9964229611549875,-1.617513565923346e-21
756720,0.0,1.8590226474987128e-42,9959.330658173956,0.9964229611549875,-1.6173706266723796e-21
756780,0.0,1.8600140895628642e-42,9959.330658173949,0.9964229611549876,-1.6172275943590092e-21
756840,0.0,1.8610049159768552e-42,9959.330658173943,0.9964229611549877,-1.6170844689832347e-21
756900,0.0,1.8619951267406884e-42,9959.330658173936,0.9964229611549877,-1.6169412505450565e-21
756960,0.0,1.86298472185436e-42,9959.33065817393,0.9964229611549879,-1.6167979390444742e-21
757020,0.0,1.863973701317872e-42,9959.330658173923,0.9964229611549879,-1.6166545344814884e-21
757080,0.0,1.8649620651312246e-42,9959.330658173918,0.996422961154988,-1.6165110368560984e-21
757140,0.0,1.8659498132944173e-42,9959.33065817391,0.9964229611549881,-1.6163674461683041e-21
757200,0.0,1.8669369458074497e-42,9959.330658173905,0.9964229611549881,-1.6162237624181067e-21
757260,0.0,1.867923462670323e-42,9959.330658173898,0.9964229611549882,-1.6160799856055047e-21
757320,0.0,1.8689093638830355e-42,9959.330658173893,0.9964229611549882,-1.615936115730499e-21
757380,0.0,1.869894649445589e-42,9959.330658173885,0.9964229611549883,-1.6157921527930896e-21
757440,0.0,1.8708793193579828e-42,9959.33065817388,0.9964229611549884,-1.615648096793276e-21
757500,0.0,1.871863373620216e-42,9959.330658173873,0.9964229611549884,-1.615503947731059e-21
757560,0.0,1.8728468122322893e-42,9959.330658173867,0.9964229611549885,-1.6153597056064376e-21
757620,0.0,1.8738296351942042e-42,9959.33065817386,0.9964229611549885,-1.6152153704194122e-21
757680,0.0,1.8748118425059578e-42,9959.330658173854,0.9964229611549886,-1.6150709421699832e-21
757740,0.0,1.8757934341675517e-42,9959.330658173847,0.9964229611549887,-1.61492642085815e-21
757800,0.0,1.8767744101789864e-42,9959.330658173842,0.9964229611549887,-1.6147818064839132e-21
757860,0.0,1.8777547705402612e-42,9959.330658173834,0.9964229611549889,-1.6146370990472721e-21
757920,0.0,1.8787345152513752e-42,9959.330658173829,0.9964229611549889,-1.6144922985482275e-21
757980,0.0,1.879713644312331e-42,9959.330658173822,0.996422961154989,-1.6143474049867789e-21
758040,0.0,1.880692157723125e-42,9959.330658173816,0.9964229611549891,-1.6142024183629263e-21
758100,0.0,1.8816700554837607e-42,9959.330658173809,0.9964229611549891,-1.6140573386766698e-21
758160,0.0,1.8826473375942365e-42,9959.330658173803,0.9964229611549892,-1.6139121659280092e-21
758220,0.0,1.8836240040545516e-42,9959.330658173796,0.9964229611549892,-1.6137669001169451e-21
758280,0.0,1.8846000548647076e-42,9959.330658173789,0.9964229611549893,-1.6136215412434767e-21
758340,0.0,1.885575490024704e-42,9959.330658173783,0.9964229611549894,-1.6134760893076043e-21
758400,0.0,1.8865503095345396e-42,9959.330658173776,0.9964229611549894,-1.6133305443093288e-21
758460,0.0,1.887524513394215e-42,9959.33065817377,0.9964229611549895,-1.6131849062486485e-21
758520,0.0,1.8884981016037326e-42,9959.330658173763,0.9964229611549896,-1.6130391751255645e-21
758580,0.0,1.8894710741630887e-42,9959.330658173758,0.9964229611549896,-1.6128933509400768e-21
758640,0.0,1.8904434310722848e-42,9959.33065817375,0.9964229611549897,-1.612747433692185e-21
758700,0.0,1.891415172331322e-42,9959.330658173745,0.9964229611549897,-1.6126014233818895e-21
758760,0.0,1.8923862979401994e-42,9959.330658173738,0.9964229611549899,-1.6124553200091898e-21
758820,0.0,1.8933568078989163e-42,9959.33065817373,0.99642296115499,-1.6123091235740863e-21
758880,0.0,1.894326702207474e-42,9959.330658173725,0.99642296115499,-1.612162834076579e-21
758940,0.0,1.895295980865871e-42,9959.330658173718,0.9964229611549901,-1.6120164515166677e-21
759000,0.0,1.896264643874109e-42,9959.330658173712,0.9964229611549901,-1.6118699758943526e-21
759060,0.0,1.8972326912321874e-42,9959.330658173705,0.9964229611549902,-1.6117234072096333e-21
759120,0.0,1.8982001229401047e-42,9959.3306581737,0.9964229611549903,-1.6115767454625104e-21
759180,0.0,1.8991669389978626e-42,9959.330658173692,0.9964229611549903,-1.6114299906529835e-21
759240,0.0,1.900133139405462e-42,9959.330658173685,0.9964229611549904,-1.6112831427810522e-21
759300,0.0,1.9010987241629e-42,9959.33065817368,0.9964229611549904,-1.6111362018467179e-21
759360,0.0,1.9020636932701784e-42,9959.330658173672,0.9964229611549905,-1.6109891678499792e-21
759420,0.0,1.9030280467272977e-42,9959.330658173667,0.9964229611549906,-1.6108420407908366e-21
759480,0.0,1.9039917845342567e-42,9959.33065817366,0.9964229611549906,-1.61069482066929e-21
759540,0.0,1.9049549066910557e-42,9959.330658173654,0.9964229611549907,-1.6105475074853394e-21
759600,0.0,1.9059174131976952e-42,9959.330658173647,0.9964229611549908,-1.6104001012389855e-21
759660,0.0,1.9068793040541744e-42,9959.33065817364,0.9964229611549908,-1.6102526019302271e-21
759720,0.0,1.907840579260494e-42,9959.330658173634,0.996422961154991,-1.6101050095590648e-21
759780,0.0,1.9088012388166545e-42,9959.330658173627,0.996422961154991,-1.6099573241254988e-21
759840,0.0,1.9097612827226542e-42,9959.330658173621,0.9964229611549911,-1.6098095456295287e-21
759900,0.0,1.9107207109784938e-42,9959.330658173614,0.9964229611549912,-1.609661674071155e-21
759960,0.0,1.9116795235841753e-42,9959.330658173607,0.9964229611549912,-1.609513709450377e-21
760020,0.0,1.9126377205396952e-42,9959.330658173601,0.9964229611549913,-1.6093656517671954e-21
760080,0.0,1.9135953018450553e-42,9959.330658173594,0.9964229611549913,-1.6092175010216098e-21
760140,0.0,1.9145522675002567e-42,9959.330658173589,0.9964229611549914,-1.60906925721362e-21
760200,0.0,1.915508617505298e-42,9959.330658173581,0.9964229611549915,-1.6089209203432269e-21
760260,0.0,1.9164643518601787e-42,9959.330658173574,0.9964229611549915,-1.6087724904104293e-21
760320,0.0,1.9174194705649002e-42,9959.330658173569,0.9964229611549916,-1.6086239674152281e-21
760380,0.0,1.918373973619462e-42,9959.330658173561,0.9964229611549917,-1.6084753513576227e-21
760440,0.0,1.9193278610238632e-42,9959.330658173556,0.9964229611549917,-1.6083266422376136e-21
760500,0.0,1.9202811327781056e-42,9959.330658173549,0.9964229611549918,-1.608177840055201e-21
760560,0.0,1.921233788882187e-42,9959.330658173541,0.9964229611549918,-1.6080289448103838e-21
760620,0.0,1.9221858293361093e-42,9959.330658173536,0.996422961154992,-1.6078799565031628e-21
760680,0.0,1.9231372541398722e-42,9959.330658173529,0.9964229611549921,-1.6077308751335381e-21
760740,0.0,1.924088063293474e-42,9959.330658173521,0.9964229611549921,-1.6075817007015093e-21
760800,0.0,1.9250382567969163e-42,9959.330658173516,0.9964229611549922,-1.6074324332070767e-21
760860,0.0,1.9259878346502003e-42,9959.330658173509,0.9964229611549923,-1.6072830726502401e-21
760920,0.0,1.9269367968533227e-42,9959.330658173501,0.9964229611549923,-1.6071336190309999e-21
760980,0.0,1.9278851434062854e-42,9959.330658173496,0.9964229611549924,-1.6069840723493556e-21
761040,0.0,1.9288328743090893e-42,9959.330658173489,0.9964229611549924,-1.6068344326053072e-21
761100,0.0,1.929779989561733e-42,9959.330658173483,0.9964229611549925,-1.6066846997988552e-21
761160,0.0,1.930726489164216e-42,9959.330658173476,0.9964229611549926,-1.606534873929999e-21
761220,0.0,1.9316723731165405e-42,9959.330658173469,0.9964229611549926,-1.6063849549987391e-21
761280,0.0,1.932617641418704e-42,9959.330658173463,0.9964229611549927,-1.6062349430050754e-21
761340,0.0,1.9335622940707082e-42,9959.330658173456,0.9964229611549927,-1.6060848379490074e-21
761400,0.0,1.934506331072553e-42,9959.330658173449,0.9964229611549928,-1.6059346398305357e-21
761460,0.0,1.935449752424237e-42,9959.330658173443,0.996422961154993,-1.60578434864966e-21
761520,0.0,1.9363925581257612e-42,9959.330658173436,0.996422961154993,-1.6056339644063806e-21
761580,0.0,1.937334748177127e-42,9959.330658173429,0.9964229611549931,-1.605483487100697e-21
761640,0.0,1.9382763225783314e-42,9959.330658173423,0.9964229611549932,-1.6053329167326095e-21
761700,0.0,1.939217281329376e-42,9959.330658173416,0.9964229611549932,-1.6051822533021186e-21
761760,0.0,1.940157624430262e-42,9959.330658173409,0.9964229611549933,-1.6050314968092233e-21
761820,0.0,1.9410973518809876e-42,9959.330658173403,0.9964229611549933,-1.604880647253924e-21
761880,0.0,1.942036463681553e-42,9959.330658173396,0.9964229611549934,-1.6047297046362211e-21
761940,0.0,1.942974959831959e-42,9959.330658173389,0.9964229611549935,-1.604578668956114e-21
762000,0.0,1.9439128403322044e-42,9959.330658173383,0.9964229611549935,-1.6044275402136032e-21
762060,0.0,1.9448501051822908e-42,9959.330658173376,0.9964229611549936,-1.6042763184086883e-21
762120,0.0,1.9457867543822174e-42,9959.330658173369,0.9964229611549937,-1.6041250035413698e-21
762180,0.0,1.9467227879319833e-42,9959.330658173363,0.9964229611549937,-1.6039735956116472e-21
762240,0.0,1.9476582058315902e-42,9959.330658173356,0.9964229611549938,-1.6038220946195207e-21
762300,0.0,1.9485930080810377e-42,9959.330658173349,0.996422961154994,-1.6036705005649904e-21
762360,0.0,1.949527194680324e-42,9959.330658173343,0.996422961154994,-1.6035188134480559e-21
762420,0.0,1.9504607656294505e-42,9959.330658173336,0.9964229611549941,-1.6033670332687178e-21
762480,0.0,1.951393720928419e-42,9959.330658173329,0.9964229611549941,-1.6032151600269754e-21
762540,0.0,1.952326060577226e-42,9959.330658173323,0.9964229611549942,-1.6030631937228293e-21
762600,0.0,1.953257784575873e-42,9959.330658173316,0.9964229611549943,-1.6029111343562798e-21
762660,0.0,1.9541888929243615e-42,9959.330658173309,0.9964229611549943,-1.6027589819273256e-21
762720,0.0,1.9551193856226896e-42,9959.330658173303,0.9964229611549944,-1.6026067364359677e-21
762780,0.0,1.956049262670857e-42,9959.330658173296,0.9964229611549945,-1.6024543978822061e-21
762840,0.0,1.956978524068866e-42,9959.330658173289,0.9964229611549945,-1.6023019662660402e-21
762900,0.0,1.957907169816714e-42,9959.330658173281,0.9964229611549946,-1.6021494415874708e-21
762960,0.0,1.9588351999144026e-42,9959.330658173276,0.9964229611549946,-1.6019968238464973e-21
763020,0.0,1.9597626143619317e-42,9959.330658173269,0.9964229611549947,-1.6018441130431201e-21
763080,0.0,1.9606894131593002e-42,9959.330658173261,0.9964229611549948,-1.601691309177339e-21
763140,0.0,1.961615596306509e-42,9959.330658173256,0.9964229611549948,-1.6015384122491536e-21
763200,0.0,1.9625411638035593e-42,9959.330658173249,0.996422961154995,-1.6013854222585646e-21
763260,0.0,1.9634661156504483e-42,9959.330658173241,0.9964229611549951,-1.6012323392055714e-21
763320,0.0,1.9643904518471775e-42,9959.330658173234,0.9964229611549951,-1.6010791630901746e-21
763380,0.0,1.9653141723937477e-42,9959.330658173229,0.9964229611549952,-1.6009258939123738e-21
763440,0.0,1.9662372772901578e-42,9959.330658173221,0.9964229611549953,-1.6007725316721688e-21
763500,0.0,1.9671597665364073e-42,9959.330658173214,0.9964229611549953,-1.6006190763695604e-21
763560,0.0,1.968081640132498e-42,9959.330658173209,0.9964229611549954,-1.6004655280045476e-21
763620,0.0,1.969002898078428e-42,9959.330658173201,0.9964229611549954,-1.6003118865771312e-21
763680,0.0,1.9699235403741986e-42,9959.330658173194,0.9964229611549955,-1.6001581520873106e-21
763740,0.0,1.97084356701981e-42,9959.330658173187,0.9964229611549956,-1.6000043245350862e-21
763800,0.0,1.9717629780152603e-42,9959.330658173181,0.9964229611549956,-1.5998504039204584e-21
763860,0.0,1.972681773360551e-42,9959.330658173174,0.9964229611549957,-1.599696390243426e-21
763920,0.0,1.9735999530556834e-42,9959.330658173167,0.9964229611549958,-1.59954228350399e-21
763980,0.0,1.9745175171006544e-42,9959.33065817316,0.9964229611549958,-1.59938808370215e-21
764040,0.0,1.9754344654954654e-42,9959.330658173154,0.996422961154996,-1.5992337908379059e-21
764100,0.0,1.9763507982401176e-42,9959.330658173147,0.9964229611549961,-1.5990794049112582e-21
764160,0.0,1.9772665153346098e-42,9959.33065817314,0.9964229611549961,-1.5989249259222064e-21
764220,0.0,1.9781816167789412e-42,9959.330658173132,0.9964229611549962,-1.598770353870751e-21
764280,0.0,1.979096102573114e-42,9959.330658173127,0.9964229611549963,-1.5986156887568915e-21
764340,0.0,1.9800099727171266e-42,9959.33065817312,0.9964229611549963,-1.5984609305806279e-21
764400,0.0,1.9809232272109786e-42,9959.330658173112,0.9964229611549964,-1.5983060793419606e-21
764460,0.0,1.9818358660546718e-42,9959.330658173105,0.9964229611549964,-1.5981511350408891e-21
764520,0.0,1.9827478892482044e-42,9959.3306581731,0.9964229611549965,-1.597996097677414e-21
764580,0.0,1.9836592967915775e-42,9959.330658173092,0.9964229611549966,-1.5978409672515348e-21
764640,0.0,1.9845700886847912e-42,9959.330658173085,0.9964229611549966,-1.5976857437632517e-21
764700,0.0,1.985480264927844e-42,9959.330658173078,0.9964229611549967,-1.5975304272125652e-21
764760,0.0,1.9863898255207373e-42,9959.330658173072,0.9964229611549968,-1.5973750175994742e-21
764820,0.0,1.9872987704634712e-42,9959.330658173065,0.9964229611549968,-1.5972195149239793e-21
764880,0.0,1.9882070997560454e-42,9959.330658173058,0.996422961154997,-1.5970639191860808e-21
764940,0.0,1.989114813398459e-42,9959.33065817305,0.9964229611549971,-1.5969082303857779e-21
765000,0.0,1.9900219113907136e-42,9959.330658173045,0.9964229611549971,-1.5967524485230718e-21
765060,0.0,1.9909283937328083e-42,9959.330658173038,0.9964229611549972,-1.596596573597961e-21
765120,0.0,1.9918342604247423e-42,9959.33065817303,0.9964229611549973,-1.5964406056104468e-21
765180,0.0,1.9927395114665176e-42,9959.330658173023,0.9964229611549973,-1.5962845445605287e-21
765240,0.0,1.9936441468581318e-42,9959.330658173018,0.9964229611549974,-1.5961283904482064e-21
765300,0.0,1.994548166599587e-42,9959.33065817301,0.9964229611549974,-1.5959721432734804e-21
765360,0.0,1.9954515706908828e-42,9959.330658173003,0.9964229611549975,-1.5958158030363503e-21
765420,0.0,1.9963543591320178e-42,9959.330658172996,0.9964229611549976,-1.5956593697368166e-21
765480,0.0,1.997256531922993e-42,9959.330658172988,0.9964229611549976,-1.5955028433748788e-21
765540,0.0,1.9981580890638088e-42,9959.330658172983,0.9964229611549977,-1.5953462239505371e-21
765600,0.0,1.999059030554465e-42,9959.330658172976,0.9964229611549978,-1.5951895114637916e-21
765660,0.0,1.9999593563949605e-42,9959.330658172968,0.9964229611549978,-1.5950327059146418e-21
765720,0.0,2.0008590665852973e-42,9959.330658172961,0.996422961154998,-1.5948758073030885e-21
765780,0.0,2.0017581611254737e-42,9959.330658172954,0.9964229611549981,-1.594718815629131e-21
765840,0.0,2.0026566400154898e-42,9959.330658172948,0.9964229611549981,-1.5945617308927696e-21
765900,0.0,2.003554503255347e-42,9959.330658172941,0.9964229611549982,-1.5944045530940048e-21
765960,0.0,2.0044517508450433e-42,9959.330658172934,0.9964229611549983,-1.5942472822328355e-21
766020,0.0,2.0053483827845805e-42,9959.330658172927,0.9964229611549983,-1.5940899183092623e-21
766080,0.0,2.0062443990739583e-42,9959.33065817292,0.9964229611549984,-1.5939324613232855e-21
766140,0.0,2.007139799713175e-42,9959.330658172914,0.9964229611549985,-1.5937749112749046e-21
766200,0.0,2.0080345847022327e-42,9959.330658172907,0.9964229611549985,-1.59361726816412e-21
766260,0.0,2.00892875404113e-42,9959.3306581729,0.9964229611549986,-1.5934595319909312e-21
766320,0.0,2.0098223077298683e-42,9959.330658172892,0.9964229611549987,-1.5933017027553386e-21
766380,0.0,2.010715245768446e-42,9959.330658172885,0.9964229611549987,-1.5931437804573422e-21
766440,0.0,2.0116075681568644e-42,9959.330658172878,0.9964229611549988,-1.5929857650969418e-21
766500,0.0,2.012499274895123e-42,9959.330658172872,0.9964229611549988,-1.5928276566741376e-21
766560,0.0,2.0133903659832212e-42,9959.330658172865,0.996422961154999,-1.5926694551889292e-21
766620,0.0,2.0142808414211602e-42,9959.330658172858,0.9964229611549991,-1.592511160641317e-21
766680,0.0,2.0151707012089394e-42,9959.33065817285,0.9964229611549991,-1.592352773031301e-21
766740,0.0,2.016059945346558e-42,9959.330658172843,0.9964229611549992,-1.5921942923588808e-21
766800,0.0,2.0169485738340175e-42,9959.330658172838,0.9964229611549993,-1.5920357186240573e-21
766860,0.0,2.0178365866713163e-42,9959.33065817283,0.9964229611549993,-1.5918770518268293e-21
766920,0.0,2.018723983858456e-42,9959.330658172823,0.9964229611549994,-1.5917182919671975e-21
766980,0.0,2.0196107653954354e-42,9959.330658172816,0.9964229611549995,-1.5915594390451619e-21
767040,0.0,2.0204969312822556e-42,9959.330658172808,0.9964229611549995,-1.5914004930607222e-21
767100,0.0,2.021382481518915e-42,9959.330658172801,0.9964229611549996,-1.5912414540138792e-21
767160,0.0,2.0222674161054154e-42,9959.330658172794,0.9964229611549997,-1.5910823219046314e-21
767220,0.0,2.0231517350417562e-42,9959.330658172788,0.9964229611549997,-1.5909230967329803e-21
767280,0.0,2.0240354383279363e-42,9959.330658172781,0.9964229611549998,-1.5907637784989252e-21
767340,0.0,2.0249185259639573e-42,9959.330658172774,0.996422961155,-1.590604367202466e-21
767400,0.0,2.0258009979498183e-42,9959.330658172767,0.996422961155,-1.5904448628436031e-21
767460,0.0,2.026682854285519e-42,9959.33065817276,0.9964229611550001,-1.590285265422336e-21
767520,0.0,2.0275640949710604e-42,9959.330658172752,0.9964229611550002,-1.5901255749386652e-21
767580,0.0,2.0284447200064412e-42,9959.330658172747,0.9964229611550002,-1.5899657913925905e-21
767640,0.0,2.029324729391663e-42,9959.33065817274,0.9964229611550003,-1.5898059147841119e-21
767700,0.0,2.0302041231267244e-42,9959.330658172732,0.9964229611550004,-1.5896459451132294e-21
767760,0.0,2.0310829012116263e-42,9959.330658172725,0.9964229611550004,-1.5894858823799427e-21
767820,0.0,2.031961063646368e-42,9959.330658172717,0.9964229611550005,-1.5893257265842524e-21
767880,0.0,2.0328386104309502e-42,9959.33065817271,0.9964229611550006,-1.589165477726158e-21
767940,0.0,2.033715541565373e-42,9959.330658172703,0.9964229611550006,-1.5890051358056596e-21
768000,0.0,2.034591857049635e-42,9959.330658172696,0.9964229611550007,-1.5888447008227579e-21
768060,0.0,2.035467556883738e-42,9959.33065817269,0.9964229611550008,-1.5886841727774516e-21
768120,0.0,2.036342641067681e-42,9959.330658172683,0.9964229611550008,-1.5885235516697415e-21
768180,0.0,2.0372171096014638e-42,9959.330658172676,0.996422961155001,-1.5883628374996278e-21
768240,0.0,2.0380909624850873e-42,9959.330658172668,0.9964229611550011,-1.5882020302671099e-21
768300,0.0,2.0389641997185508e-42,9959.330658172661,0.9964229611550011,-1.5880411299721881e-21
768360,0.0,2.039836821301854e-42,9959.330658172654,0.9964229611550012,-1.5878801366148624e-21
768420,0.0,2.040708827234997e-42,9959.330658172647,0.9964229611550013,-1.587719050195133e-21
768480,0.0,2.0415802175179814e-42,9959.33065817264,0.9964229611550013,-1.5875578707129997e-21
768540,0.0,2.0424509921508053e-42,9959.330658172632,0.9964229611550014,-1.5873965981684622e-21
768600,0.0,2.043321151133469e-42,9959.330658172626,0.9964229611550015,-1.587235232561521e-21
768660,0.0,2.0441906944659738e-42,9959.33065817262,0.9964229611550015,-1.5870737738921757e-21
768720,0.0,2.045059622148318e-42,9959.330658172612,0.9964229611550016,-1.5869122221604268e-21
768780,0.0,2.0459279341805027e-42,9959.330658172605,0.9964229611550017,-1.5867505773662736e-21
768840,0.0,2.046795630562528e-42,9959.330658172597,0.9964229611550017,-1.5865888395097167e-21
768900,0.0,2.0476627112943923e-42,9959.33065817259,0.9964229611550018,-1.5864270085907561e-21
768960,0.0,2.048529176376098e-42,9959.330658172583,0.996422961155002,-1.5862650846093911e-21
769020,0.0,2.0493950258076434e-42,9959.330658172576,0.996422961155002,-1.5861030675656226e-21
769080,0.0,2.0502602595890283e-42,9959.330658172568,0.9964229611550021,-1.5859409574594498e-21
769140,0.0,2.0511248777202534e-42,9959.330658172561,0.9964229611550022,-1.5857787542908732e-21
769200,0.0,2.0519888802013198e-42,9959.330658172556,0.9964229611550022,-1.5856164580598932e-21
769260,0.0,2.0528522670322257e-42,9959.330658172548,0.9964229611550023,-1.5854540687665085e-21
769320,0.0,2.0537150382129717e-42,9959.330658172541,0.9964229611550024,-1.5852915864107203e-21
769380,0.0,2.0545771937435582e-42,9959.330658172534,0.9964229611550024,-1.5851290109925283e-21
769440,0.0,2.0554387336239844e-42,9959.330658172526,0.9964229611550025,-1.584966342511932e-21
769500,0.0,2.0562996578542512e-42,9959.33065817252,0.9964229611550026,-1.5848035809689323e-21
769560,0.0,2.0571599664343582e-42,9959.330658172512,0.9964229611550026,-1.5846407263635283e-21
769620,0.0,2.058019659364305e-42,9959.330658172505,0.9964229611550027,-1.5844777786957207e-21
769680,0.0,2.0588787366440922e-42,9959.330658172497,0.9964229611550028,-1.584314737965509e-21
769740,0.0,2.0597371982737197e-42,9959.33065817249,0.9964229611550028,-1.5841516041728932e-21
769800,0.0,2.0605950442531866e-42,9959.330658172483,0.996422961155003,-1.5839883773178738e-21
769860,0.0,2.0614522745824938e-42,9959.330658172476,0.9964229611550031,-1.5838250574004502e-21
769920,0.0,2.062308889261642e-42,9959.330658172468,0.9964229611550031,-1.583661644420623e-21
769980,0.0,2.0631648882906302e-42,9959.330658172461,0.9964229611550032,-1.5834981383783915e-21
770040,0.0,2.0640202716694578e-42,9959.330658172456,0.9964229611550033,-1.5833345392737563e-21
770100,0.0,2.0648750393981267e-42,9959.330658172448,0.9964229611550033,-1.5831708471067174e-21
770160,0.0,2.0657291914766352e-42,9959.330658172441,0.9964229611550034,-1.5830070618772742e-21
770220,0.0,2.0665827279049834e-42,9959.330658172434,0.9964229611550035,-1.5828431835854274e-21
770280,0.0,2.0674356486831725e-42,9959.330658172426,0.9964229611550035,-1.5826792122311765e-21
770340,0.0,2.068287953811201e-42,9959.33065817242,0.9964229611550036,-1.5825151478145216e-21
770400,0.0,2.0691396432890702e-42,9959.330658172412,0.9964229611550037,-1.5823509903354632e-21
770460,0.0,2.06999071711678e-42,9959.330658172405,0.9964229611550037,-1.5821867397940005e-21
770520,0.0,2.070841175294329e-42,9959.330658172397,0.9964229611550038,-1.582022396190134e-21
770580,0.0,2.071691017821718e-42,9959.33065817239,0.996422961155004,-1.5818579595238638e-21
770640,0.0,2.072540244698949e-42,9959.330658172383,0.996422961155004,-1.5816934297951893e-21
770700,0.0,2.0733888559260183e-42,9959.330658172375,0.9964229611550041,-1.5815288070041112e-21
770760,0.0,2.074236851502928e-42,9959.330658172368,0.9964229611550042,-1.581364091150629e-21
770820,0.0,2.0750842314296786e-42,9959.330658172361,0.9964229611550043,-1.581199282234743e-21
770880,0.0,2.075930995706269e-42,9959.330658172354,0.9964229611550043,-1.581034380256453e-21
770940,0.0,2.0767771443326993e-42,9959.330658172346,0.9964229611550044,-1.580869385215759e-21
771000,0.0,2.0776226773089704e-42,9959.33065817234,0.9964229611550045,-1.5807042971126615e-21
771060,0.0,2.078467594635081e-42,9959.330658172332,0.9964229611550045,-1.5805391159471596e-21
771120,0.0,2.0793118963110322e-42,9959.330658172325,0.9964229611550046,-1.5803738417192541e-21
771180,0.0,2.080155582336824e-42,9959.330658172317,0.9964229611550047,-1.5802084744289444e-21
771240,0.0,2.080998652712455e-42,9959.33065817231,0.9964229611550047,-1.5800430140762309e-21
771300,0.0,2.081841107437926e-42,9959.330658172303,0.9964229611550048,-1.579877460661114e-21
771360,0.0,2.0826829465132387e-42,9959.330658172295,0.996422961155005,-1.5797118141835922e-21
771420,0.0,2.08352416993839e-42,9959.330658172288,0.996422961155005,-1.5795460746436671e-21
771480,0.0,2.0843647777133818e-42,9959.33065817228,0.9964229611550051,-1.5793802420413382e-21
771540,0.0,2.0852047698382144e-42,9959.330658172274,0.9964229611550052,-1.579214316376605e-21
771600,0.0,2.086044146312887e-42,9959.330658172266,0.9964229611550052,-1.5790482976494683e-21
771660,0.0,2.0868829071373992e-42,9959.330658172259,0.9964229611550053,-1.5788821858599271e-21
771720,0.0,2.0877210523117523e-42,9959.330658172252,0.9964229611550054,-1.5787159810079826e-21
771780,0.0,2.0885585818359448e-42,9959.330658172245,0.9964229611550054,-1.578549683093634e-21
771840,0.0,2.089395495709978e-42,9959.330658172237,0.9964229611550055,-1.5783832921168813e-21
771900,0.0,2.0902317939338518e-42,9959.33065817223,0.9964229611550056,-1.5782168080777249e-21
771960,0.0,2.0910674765075647e-42,9959.330658172223,0.9964229611550057,-1.5780502309761643e-21
772020,0.0,2.0919025434311177e-42,9959.330658172215,0.9964229611550057,-1.5778835608122002e-21
772080,0.0,2.0927369947045124e-42,9959.330658172208,0.9964229611550058,-1.5777167975858318e-21
772140,0.0,2.093570830327746e-42,9959.3306581722,0.996422961155006,-1.5775499412970596e-21
772200,0.0,2.0944040503008196e-42,9959.330658172194,0.996422961155006,-1.5773829919458838e-21
772260,0.0,2.095236654623735e-42,9959.330658172186,0.9964229611550061,-1.5772159495323035e-21
772320,0.0,2.096068643296489e-42,9959.330658172179,0.9964229611550062,-1.5770488140563199e-21
772380,0.0,2.0969000163190828e-42,9959.330658172172,0.9964229611550062,-1.576881585517932e-21
772440,0.0,2.097730773691518e-42,9959.330658172164,0.9964229611550063,-1.5767142639171403e-21
772500,0.0,2.098560915413793e-42,9959.330658172157,0.9964229611550064,-1.5765468492539448e-21
772560,0.0,2.0993904414859075e-42,9959.33065817215,0.9964229611550064,-1.576379341528345e-21
772620,0.0,2.1002193519078632e-42,9959.330658172143,0.9964229611550065,-1.5762117407403418e-21
772680,0.0,2.1010476466796582e-42,9959.330658172135,0.9964229611550066,-1.5760440468899344e-21
772740,0.0,2.1018753258012937e-42,9959.330658172128,0.9964229611550066,-1.5758762599771232e-21
772800,0.0,2.10270238927277e-42,9959.33065817212,0.9964229611550067,-1.575708380001908e-21
772860,0.0,2.1035288370940854e-42,9959.330658172114,0.9964229611550068,-1.5755404069642888e-21
772920,0.0,2.1043546692652412e-42,9959.330658172106,0.996422961155007,-1.575372340864266e-21
772980,0.0,2.1051798857862382e-42,9959.330658172099,0.996422961155007,-1.5752041817018389e-21
773040,0.0,2.1060044866570742e-42,9959.330658172092,0.9964229611550071,-1.5750359294770082e-21
773100,0.0,2.10682847187775e-42,9959.330658172084,0.9964229611550072,-1.5748675841897736e-21
773160,0.0,2.1076518414482673e-42,9959.330658172077,0.9964229611550072,-1.5746991458401347e-21
773220,0.0,2.1084745953686244e-42,9959.33065817207,0.9964229611550073,-1.5745306144280923e-21
773280,0.0,2.109296733638821e-42,9959.330658172063,0.9964229611550074,-1.5743619899536456e-21
773340,0.0,2.1101182562588586e-42,9959.330658172055,0.9964229611550074,-1.574193272416795e-21
773400,0.0,2.1109391632287356e-42,9959.330658172048,0.9964229611550075,-1.5740244618175411e-21
773460,0.0,2.1117594545484532e-42,9959.330658172039,0.9964229611550076,-1.5738555581558825e-21
773520,0.0,2.1125791302180114e-42,9959.330658172032,0.9964229611550076,-1.5736865614318206e-21
773580,0.0,2.1133981902374086e-42,9959.330658172024,0.9964229611550077,-1.5735174716453545e-21
773640,0.0,2.1142166346066464e-42,9959.330658172017,0.9964229611550078,-1.5733482887964844e-21
773700,0.0,2.1150344633257254e-42,9959.33065817201,0.996422961155008,-1.5731790128852107e-21
773760,0.0,2.1158516763946434e-42,9959.330658172003,0.996422961155008,-1.5730096439115328e-21
773820,0.0,2.1166682738134014e-42,9959.330658171995,0.9964229611550081,-1.5728401818754512e-21
773880,0.0,2.1174842555820006e-42,9959.330658171988,0.9964229611550082,-1.5726706267769656e-21
773940,0.0,2.1182996217004395e-42,9959.33065817198,0.9964229611550082,-1.572500978616076e-21
774000,0.0,2.1191143721687183e-42,9959.330658171973,0.9964229611550083,-1.5723312373927826e-21
774060,0.0,2.1199285069868377e-42,9959.330658171966,0.9964229611550084,-1.5721614031070851e-21
774120,0.0,2.1207420261547974e-42,9959.330658171959,0.9964229611550084,-1.571991475758984e-21
774180,0.0,2.1215549296725963e-42,9959.330658171952,0.9964229611550085,-1.5718214553484787e-21
774240,0.0,2.1223672175402366e-42,9959.330658171944,0.9964229611550086,-1.5716513418755696e-21
774300,0.0,2.1231788897577158e-42,9959.330658171935,0.9964229611550087,-1.5714811353402569e-21
774360,0.0,2.123989946325036e-42,9959.330658171928,0.9964229611550087,-1.5713108357425396e-21
774420,0.0,2.1248003872421967e-42,9959.33065817192,0.9964229611550088,-1.5711404430824188e-21
774480,0.0,2.1256102125091964e-42,9959.330658171913,0.996422961155009,-1.5709699573598943e-21
774540,0.0,2.1264194221260364e-42,9959.330658171906,0.996422961155009,-1.5707993785749653e-21
774600,0.0,2.1272280160927183e-42,9959.330658171899,0.9964229611550091,-1.570628706727633e-21
774660,0.0,2.1280359944092385e-42,9959.330658171892,0.9964229611550092,-1.5704579418178964e-21
774720,0.0,2.128843357075599e-42,9959.330658171884,0.9964229611550092,-1.570287083845756e-21
774780,0.0,2.1296501040918008e-42,9959.330658171877,0.9964229611550093,-1.570116132811212e-21
774840,0.0,2.1304562354578422e-42,9959.33065817187,0.9964229611550094,-1.5699450887142636e-21
774900,0.0,2.1312617511737232e-42,9959.33065817186,0.9964229611550095,-1.5697739515549116e-21
774960,0.0,2.1320666512394454e-42,9959.330658171853,0.9964229611550095,-1.5696027213331552e-21
775020,0.0,2.1328709356550067e-42,9959.330658171846,0.9964229611550096,-1.5694313980489955e-21
775080,0.0,2.133674604420409e-42,9959.330658171839,0.9964229611550097,-1.5692599817024315e-21
775140,0.0,2.1344776575356513e-42,9959.330658171832,0.9964229611550097,-1.5690884722934639e-21
775200,0.0,2.1352800950007334e-42,9959.330658171824,0.9964229611550098,-1.5689168698220923e-21
775260,0.0,2.1360819168156554e-42,9959.330658171817,0.99642296115501,-1.5687451742883165e-21
775320,0.0,2.136883122980419e-42,9959.33065817181,0.99642296115501,-1.5685733856921371e-21
775380,0.0,2.1376837134950213e-42,9959.330658171802,0.9964229611550101,-1.5684015040335535e-21
775440,0.0,2.1384836883594638e-42,9959.330658171793,0.9964229611550102,-1.568229529312566e-21
775500,0.0,2.1392830475737476e-42,9959.330658171786,0.9964229611550103,-1.5680574615291751e-21
775560,0.0,2.140081791137871e-42,9959.330658171779,0.9964229611550103,-1.5678853006833795e-21
775620,0.0,2.140879919051834e-42,9959.330658171772,0.9964229611550104,-1.5677130467751805e-21
775680,0.0,2.141677431315638e-42,9959.330658171764,0.9964229611550105,-1.5675406998045777e-21
775740,0.0,2.1424743279292813e-42,9959.330658171757,0.9964229611550105,-1.5673682597715707e-21
775800,0.0,2.1432706088927655e-42,9959.33065817175,0.9964229611550106,-1.5671957266761598e-21
775860,0.0,2.14406627420609e-42,9959.33065817174,0.9964229611550107,-1.567023100518345e-21
775920,0.0,2.144861323869254e-42,9959.330658171733,0.9964229611550108,-1.5668503812981266e-21
775980,0.0,2.145655757882258e-42,9959.330658171726,0.9964229611550108,-1.566677569015504e-21
776040,0.0,2.1464495762451037e-42,9959.330658171719,0.9964229611550109,-1.5665046636704775e-21
776100,0.0,2.147242778957788e-42,9959.330658171712,0.996422961155011,-1.566331665263047e-21
776160,0.0,2.1480353660203126e-42,9959.330658171704,0.996422961155011,-1.5661585737932126e-21
776220,0.0,2.1488273374326787e-42,9959.330658171697,0.9964229611550112,-1.5659853892609745e-21
776280,0.0,2.1496186931948835e-42,9959.330658171688,0.9964229611550113,-1.5658121116663323e-21
776340,0.0,2.1504094333069286e-42,9959.33065817168,0.9964229611550114,-1.5656387410092864e-21
776400,0.0,2.1511995577688145e-42,9959.330658171673,0.9964229611550114,-1.5654652772898365e-21
776460,0.0,2.1519890665805405e-42,9959.330658171666,0.9964229611550115,-1.5652917205079823e-21
776520,0.0,2.152777959742106e-42,9959.330658171659,0.9964229611550116,-1.5651180706637248e-21
776580,0.0,2.1535662372535126e-42,9959.330658171652,0.9964229611550116,-1.564944327757063e-21
776640,0.0,2.1543538991147584e-42,9959.330658171642,0.9964229611550117,-1.5647704917879973e-21
776700,0.0,2.1551409453258448e-42,9959.330658171635,0.9964229611550118,-1.564596562756528e-21
776760,0.0,2.155927375886772e-42,9959.330658171628,0.9964229611550119,-1.5644225406626543e-21
776820,0.0,2.1567131907975384e-42,9959.33065817162,0.9964229611550119,-1.564248425506377e-21
776880,0.0,2.1574983900581447e-42,9959.330658171613,0.996422961155012,-1.5640742172876959e-21
776940,0.0,2.158282973668593e-42,9959.330658171606,0.9964229611550122,-1.5638999160066106e-21
777000,0.0,2.1590669416288797e-42,9959.330658171597,0.9964229611550122,-1.5637255216631217e-21
777060,0.0,2.1598502939390068e-42,9959.33065817159,0.9964229611550123,-1.5635510342572286e-21
777120,0.0,2.1606330305989748e-42,9959.330658171582,0.9964229611550124,-1.5633764537889316e-21
777180,0.0,2.1614151516087828e-42,9959.330658171575,0.9964229611550125,-1.5632017802582307e-21
777240,0.0,2.16219665696843e-42,9959.330658171568,0.9964229611550125,-1.5630270136651262e-21
777300,0.0,2.162977546677919e-42,9959.33065817156,0.9964229611550126,-1.5628521540096177e-21
777360,0.0,2.1637578207372464e-42,9959.330658171551,0.9964229611550127,-1.562677201291705e-21
777420,0.0,2.1645374791464152e-42,9959.330658171544,0.9964229611550127,-1.5625021555113886e-21
777480,0.0,2.1653165219054242e-42,9959.330658171537,0.9964229611550128,-1.562327016668668e-21
777540,0.0,2.1660949490142725e-42,9959.33065817153,0.9964229611550129,-1.5621517847635435e-21
777600,0.0,2.166872760472961e-42,9959.330658171522,0.996422961155013,-1.5619764597960158e-21
777660,0.0,2.167649956281491e-42,9959.330658171513,0.996422961155013,-1.5618010417660832e-21
777720,0.0,2.16842653643986e-42,9959.330658171506,0.9964229611550132,-1.5616255306737473e-21
777780,0.0,2.169202500948069e-42,9959.330658171499,0.9964229611550133,-1.5614499265190073e-21
777840,0.0,2.169977849806119e-42,9959.330658171491,0.9964229611550133,-1.5612742293018634e-21
777900,0.0,2.1707525830140087e-42,9959.330658171484,0.9964229611550134,-1.5610984390223158e-21
777960,0.0,2.1715267005717384e-42,9959.330658171475,0.9964229611550135,-1.5609225556803638e-21
778020,0.0,2.172300202479309e-42,9959.330658171468,0.9964229611550136,-1.5607465792760084e-21
778080,0.0,2.1730730887367185e-42,9959.33065817146,0.9964229611550136,-1.560570509809249e-21
778140,0.0,2.1738453593439692e-42,9959.330658171453,0.9964229611550137,-1.5603943472800855e-21
778200,0.0,2.1746170143010603e-42,9959.330658171444,0.9964229611550138,-1.5602180916885183e-21
778260,0.0,2.1753880536079904e-42,9959.330658171437,0.9964229611550138,-1.5600417430345467e-21
778320,0.0,2.1761584772647613e-42,9959.33065817143,0.9964229611550139,-1.5598653013181717e-21
778380,0.0,2.176928285271373e-42,9959.330658171422,0.996422961155014,-1.5596887665393925e-21
778440,0.0,2.1776974776278238e-42,9959.330658171415,0.9964229611550142,-1.5595121386982097e-21
778500,0.0,2.1784660543341146e-42,9959.330658171406,0.9964229611550142,-1.5593354177946229e-21
778560,0.0,2.1792340153902473e-42,9959.330658171399,0.9964229611550143,-1.5591586038286317e-21
778620,0.0,2.1800013607962187e-42,9959.330658171391,0.9964229611550144,-1.5589816968002372e-21
778680,0.0,2.18076809055203e-42,9959.330658171384,0.9964229611550145,-1.5588046967094384e-21
778740,0.0,2.1815342046576826e-42,9959.330658171375,0.9964229611550145,-1.5586276035562358e-21
778800,0.0,2.1822997031131748e-42,9959.330658171368,0.9964229611550146,-1.5584504173406294e-21
778860,0.0,2.183064585918507e-42,9959.33065817136,0.9964229611550147,-1.558273138062619e-21
778920,0.0,2.1838288530736798e-42,9959.330658171353,0.9964229611550147,-1.5580957657222047e-21
778980,0.0,2.1845925045786922e-42,9959.330658171344,0.9964229611550148,-1.5579183003193867e-21
779040,0.0,2.1853555404335452e-42,9959.330658171337,0.9964229611550149,-1.5577407418541642e-21
779100,0.0,2.1861179606382388e-42,9959.33065817133,0.996422961155015,-1.5575630903265384e-21
779160,0.0,2.1868797651927714e-42,9959.330658171322,0.996422961155015,-1.5573853457365083e-21
779220,0.0,2.1876409540971445e-42,9959.330658171313,0.9964229611550152,-1.5572075080840745e-21
779280,0.0,2.188401527351359e-42,9959.330658171306,0.9964229611550153,-1.5570295773692366e-21
779340,0.0,2.1891614849554124e-42,9959.330658171299,0.9964229611550154,-1.5568515535919951e-21
779400,0.0,2.1899208269093057e-42,9959.330658171291,0.9964229611550154,-1.5566734367523497e-21
779460,0.0,2.1906795532130403e-42,9959.330658171282,0.9964229611550155,-1.5564952268502998e-21
779520,0.0,2.1914376638666146e-42,9959.330658171275,0.9964229611550156,-1.5563169238858465e-21
779580,0.0,2.1921951588700285e-42,9959.330658171268,0.9964229611550156,-1.556138527858989e-21
779640,0.0,2.1929520382232836e-42,9959.33065817126,0.9964229611550157,-1.5559600387697278e-21
779700,0.0,2.1937083019263777e-42,9959.330658171251,0.9964229611550158,-1.5557814566180629e-21
779760,0.0,2.1944639499793127e-42,9959.330658171244,0.9964229611550159,-1.5556027814039934e-21
779820,0.0,2.1952189823820883e-42,9959.330658171237,0.9964229611550159,-1.5554240131275205e-21
779880,0.0,2.195973399134703e-42,9959.330658171228,0.996422961155016,-1.5552451517886438e-21
779940,0.0,2.1967272002371578e-42,9959.33065817122,0.9964229611550162,-1.5550661973873629e-21
780000,0.0,2.1974803856894546e-42,9959.330658171213,0.9964229611550163,-1.5548871499236782e-21
780060,0.0,2.1982329554915897e-42,9959.330658171206,0.9964229611550163,-1.5547080093975895e-21
780120,0.0,2.198984909643565e-42,9959.330658171197,0.9964229611550164,-1.554528775809097e-21
780180,0.0,2.199736248145382e-42,9959.33065817119,0.9964229611550165,-1.5543494491582004e-21
780240,0.0,2.200486970997038e-42,9959.330658171182,0.9964229611550166,-1.5541700294449001e-21
780300,0.0,2.201237078198534e-42,9959.330658171175,0.9964229611550166,-1.553990516669196e-21
780360,0.0,2.2019865697498707e-42,9959.330658171166,0.9964229611550167,-1.5538109108310876e-21
780420,0.0,2.2027354456510475e-42,9959.330658171159,0.9964229611550168,-1.5536312119305755e-21
780480,0.0,2.203483705902064e-42,9959.330658171151,0.9964229611550168,-1.5534514199676594e-21
780540,0.0,2.2042313505029216e-42,9959.330658171142,0.9964229611550169,-1.5532715349423396e-21
780600,0.0,2.2049783794536182e-42,9959.330658171135,0.996422961155017,-1.5530915568546159e-21
780660,0.0,2.2057247927541558e-42,9959.330658171128,0.9964229611550172,-1.5529114857044875e-21
780720,0.0,2.2064705904045336e-42,9959.330658171119,0.9964229611550172,-1.5527313214919563e-21
780780,0.0,2.207215772404751e-42,9959.330658171111,0.9964229611550173,-1.5525510642170206e-21
780840,0.0,2.2079603387548085e-42,9959.330658171104,0.9964229611550174,-1.5523707138796808e-21
780900,0.0,2.2087042894547075e-42,9959.330658171095,0.9964229611550175,-1.5521902704799377e-21
780960,0.0,2.209447624504445e-42,9959.330658171088,0.9964229611550175,-1.5520097340177901e-21
781020,0.0,2.210190343904023e-42,9959.33065817108,0.9964229611550176,-1.551829104493239e-21
781080,0.0,2.210932447653442e-42,9959.330658171073,0.9964229611550177,-1.551648381906284e-21
781140,0.0,2.2116739357527007e-42,9959.330658171064,0.9964229611550178,-1.5514675662569247e-21
781200,0.0,2.2124148082017992e-42,9959.330658171057,0.9964229611550178,-1.5512866575451618e-21
781260,0.0,2.2131550650007385e-42,9959.33065817105,0.9964229611550179,-1.5511056557709948e-21
781320,0.0,2.2138947061495175e-42,9959.33065817104,0.996422961155018,-1.5509245609344242e-21
781380,0.0,2.2146337316481368e-42,9959.330658171033,0.9964229611550182,-1.5507433730354492e-21
781440,0.0,2.2153721414965966e-42,9959.330658171026,0.9964229611550182,-1.5505620920740707e-21
781500,0.0,2.216109935694896e-42,9959.330658171017,0.9964229611550183,-1.5503807180502881e-21
781560,0.0,2.2168471142430353e-42,9959.33065817101,0.9964229611550184,-1.5501992509641015e-21
781620,0.0,2.2175836771410163e-42,9959.330658171002,0.9964229611550184,-1.5500176908155113e-21
781680,0.0,2.218319624388836e-42,9959.330658170993,0.9964229611550185,-1.5498360376045169e-21
781740,0.0,2.219054955986496e-42,9959.330658170986,0.9964229611550186,-1.5496542913311185e-21
781800,0.0,2.219789671933997e-42,9959.330658170978,0.9964229611550187,-1.5494724519953168e-21
781860,0.0,2.2205237722313376e-42,9959.33065817097,0.9964229611550187,-1.5492905195971104e-21
781920,0.0,2.221257256878518e-42,9959.330658170962,0.9964229611550188,-1.5491084941365008e-21
781980,0.0,2.2219901258755395e-42,9959.330658170955,0.9964229611550189,-1.5489263756134867e-21
782040,0.0,2.2227223792224002e-42,9959.330658170946,0.996422961155019,-1.5487441640280689e-21
782100,0.0,2.2234540169191018e-42,9959.330658170938,0.996422961155019,-1.5485618593802474e-21
782160,0.0,2.2241850389656437e-42,9959.330658170931,0.9964229611550192,-1.5483794616700216e-21
782220,0.0,2.224915445362025e-42,9959.330658170922,0.9964229611550193,-1.5481969708973921e-21
782280,0.0,2.2256452361082467e-42,9959.330658170915,0.9964229611550194,-1.5480143870623587e-21
782340,0.0,2.226374411204309e-42,9959.330658170906,0.9964229611550194,-1.5478317101649214e-21
782400,0.0,2.2271029706502108e-42,9959.330658170898,0.9964229611550195,-1.5476489402050803e-21
782460,0.0,2.2278309144459528e-42,9959.330658170891,0.9964229611550196,-1.547466077182835e-21
782520,0.0,2.2285582425915363e-42,9959.330658170882,0.9964229611550197,-1.547283121098186e-21
782580,0.0,2.2292849550869585e-42,9959.330658170875,0.9964229611550197,-1.5471000719511329e-21
782640,0.0,2.2300110519322207e-42,9959.330658170868,0.9964229611550198,-1.546916929741676e-21
782700,0.0,2.230736533127324e-42,9959.330658170858,0.9964229611550199,-1.5467336944698153e-21
782760,0.0,2.2314613986722675e-42,9959.330658170851,0.99642296115502,-1.5465503661355502e-21
782820,0.0,2.2321856485670505e-42,9959.330658170844,0.99642296115502,-1.5463669447388819e-21
782880,0.0,2.2329092828116744e-42,9959.330658170835,0.9964229611550202,-1.5461834302798092e-21
782940,0.0,2.2336323014061376e-42,9959.330658170828,0.9964229611550203,-1.5459998227583327e-21
783000,0.0,2.2343547043504414e-42,9959.330658170818,0.9964229611550204,-1.5458161221744524e-21
783060,0.0,2.235076491644586e-42,9959.330658170811,0.9964229611550204,-1.5456323285281679e-21
783120,0.0,2.2357976632885696e-42,9959.330658170804,0.9964229611550205,-1.54544844181948e-21
783180,0.0,2.2365182192823933e-42,9959.330658170795,0.9964229611550206,-1.5452644620483878e-21
783240,0.0,2.237238159626059e-42,9959.330658170788,0.9964229611550207,-1.5450803892148917e-21
783300,0.0,2.237957484319563e-42,9959.330658170778,0.9964229611550207,-1.544896223318992e-21
783360,0.0,2.2386761933629073e-42,9959.330658170771,0.9964229611550208,-1.5447119643606878e-21
783420,0.0,2.2393942867560927e-42,9959.330658170764,0.9964229611550209,-1.5445276123399803e-21
783480,0.0,2.2401117644991178e-42,9959.330658170755,0.996422961155021,-1.5443431672568684e-21
783540,0.0,2.240828626591983e-42,9959.330658170747,0.996422961155021,-1.544158629111353e-21
783600,0.0,2.2415448730346888e-42,9959.330658170738,0.9964229611550212,-1.5439739979034335e-21
783660,0.0,2.2422605038272337e-42,9959.330658170731,0.9964229611550213,-1.5437892736331099e-21
783720,0.0,2.24297551896962e-42,9959.330658170724,0.9964229611550214,-1.5436044563003827e-21
783780,0.0,2.243689918461846e-42,9959.330658170715,0.9964229611550214,-1.5434195459052514e-21
783840,0.0,2.2444037023039118e-42,9959.330658170707,0.9964229611550215,-1.5432345424477162e-21
783900,0.0,2.2451168704958175e-42,9959.330658170698,0.9964229611550216,-1.5430494459277774e-21
783960,0.0,2.245829423037565e-42,9959.330658170691,0.9964229611550217,-1.5428642563454339e-21
784020,0.0,2.2465413599291514e-42,9959.330658170684,0.9964229611550217,-1.5426789737006875e-21
784080,0.0,2.2472526811705776e-42,9959.330658170675,0.9964229611550218,-1.5424935979935365e-21
784140,0.0,2.2479633867618454e-42,9959.330658170667,0.9964229611550219,-1.5423081292239815e-21
784200,0.0,2.2486734767029522e-42,9959.330658170658,0.996422961155022,-1.5421225673920231e-21
784260,0.0,2.249382950993899e-42,9959.330658170651,0.996422961155022,-1.5419369124976603e-21
784320,0.0,2.250091809634687e-42,9959.330658170642,0.9964229611550222,-1.5417511645408941e-21
784380,0.0,2.2508000526253145e-42,9959.330658170635,0.9964229611550223,-1.5415653235217235e-21
784440,0.0,2.251507679965782e-42,9959.330658170627,0.9964229611550224,-1.5413793894401493e-21
784500,0.0,2.2522146916560902e-42,9959.330658170618,0.9964229611550225,-1.5411933622961713e-21
784560,0.0,2.252921087696238e-42,9959.330658170611,0.9964229611550225,-1.541007242089789e-21
784620,0.0,2.2536268680862264e-42,9959.330658170602,0.9964229611550226,-1.540821028821003e-21
784680,0.0,2.2543320328260554e-42,9959.330658170595,0.9964229611550227,-1.540634722489813e-21
784740,0.0,2.2550365819157234e-42,9959.330658170586,0.9964229611550228,-1.5404483230962192e-21
784800,0.0,2.2557405153552316e-42,9959.330658170578,0.9964229611550228,-1.5402618306402216e-21
784860,0.0,2.2564438331445817e-42,9959.330658170571,0.9964229611550229,-1.5400752451218196e-21
784920,0.0,2.2571465352837702e-42,9959.330658170562,0.996422961155023,-1.5398885665410143e-21
784980,0.0,2.257848621772799e-42,9959.330658170555,0.9964229611550232,-1.5397017948978047e-21
785040,0.0,2.258550092611669e-42,9959.330658170546,0.9964229611550232,-1.539514930192191e-21
785100,0.0,2.2592509478003786e-42,9959.330658170538,0.9964229611550233,-1.539327972424174e-21
785160,0.0,2.259951187338928e-42,9959.33065817053,0.9964229611550234,-1.5391409215937525e-21
785220,0.0,2.2606508112273184e-42,9959.330658170522,0.9964229611550235,-1.5389537777009274e-21
785280,0.0,2.261349819465548e-42,9959.330658170513,0.9964229611550235,-1.5387665407456986e-21
785340,0.0,2.2620482120536183e-42,9959.330658170506,0.9964229611550236,-1.5385792107280653e-21
785400,0.0,2.262745988991529e-42,9959.330658170496,0.9964229611550237,-1.5383917876480286e-21
785460,0.0,2.2634431502792793e-42,9959.33065817049,0.9964229611550238,-1.5382042715055876e-21
785520,0.0,2.2641396959168696e-42,9959.330658170482,0.9964229611550238,-1.538016662300743e-21
785580,0.0,2.2648356259043015e-42,9959.330658170473,0.9964229611550239,-1.5378289600334942e-21
785640,0.0,2.265530940241572e-42,9959.330658170466,0.996422961155024,-1.5376411647038419e-21
785700,0.0,2.2662256389286828e-42,9959.330658170456,0.9964229611550242,-1.5374532763117854e-21
785760,0.0,2.2669197219656348e-42,9959.33065817045,0.9964229611550243,-1.537265294857325e-21
785820,0.0,2.2676131893524265e-42,9959.33065817044,0.9964229611550243,-1.5370772203404608e-21
785880,0.0,2.2683060410890577e-42,9959.330658170433,0.9964229611550244,-1.5368890527611925e-21
785940,0.0,2.26899827717553e-42,9959.330658170424,0.9964229611550245,-1.5367007921195204e-21
786000,0.0,2.2696898976118418e-42,9959.330658170416,0.9964229611550246,-1.5365124384154445e-21
786060,0.0,2.270380902397994e-42,9959.330658170407,0.9964229611550246,-1.5363239916489642e-21
786120,0.0,2.271071291533987e-42,9959.3306581704,0.9964229611550247,-1.5361354518200806e-21
786180,0.0,2.271761065019819e-42,9959.330658170391,0.9964229611550248,-1.5359468189287927e-21
786240,0.0,2.272450222855492e-42,9959.330658170384,0.9964229611550249,-1.535758092975101e-21
786300,0.0,2.2731387650410052e-42,9959.330658170375,0.9964229611550249,-1.5355692739590055e-21
786360,0.0,2.2738266915763577e-42,9959.330658170367,0.996422961155025,-1.535380361880506e-21
786420,0.0,2.2745140024615505e-42,9959.330658170358,0.9964229611550252,-1.5351913567396026e-21
786480,0.0,2.275200697696585e-42,9959.330658170351,0.9964229611550253,-1.535002258536295e-21
786540,0.0,2.275886777281458e-42,9959.330658170342,0.9964229611550254,-1.5348130672705839e-21
786600,0.0,2.2765722412161713e-42,9959.330658170335,0.9964229611550254,-1.534623782942469e-21
786660,0.0,2.2772570895007255e-42,9959.330658170325,0.9964229611550255,-1.5344344055519498e-21
786720,0.0,2.2779413221351197e-42,9959.330658170318,0.9964229611550256,-1.5342449350990268e-21
786780,0.0,2.2786249391193536e-42,9959.33065817031,0.9964229611550257,-1.5340553715836999e-21
786840,0.0,2.2793079404534283e-42,9959.330658170302,0.9964229611550257,-1.533865715005969e-21
786900,0.0,2.2799903261373424e-42,9959.330658170293,0.9964229611550258,-1.5336759653658345e-21
786960,0.0,2.2806720961710973e-42,9959.330658170285,0.9964229611550259,-1.5334861226632955e-21
787020,0.0,2.2813532505546926e-42,9959.330658170276,0.996422961155026,-1.5332961868983533e-21
787080,0.0,2.2820337892881272e-42,9959.330658170269,0.996422961155026,-1.5331061580710068e-21
787140,0.0,2.282713712371402e-42,9959.33065817026,0.9964229611550262,-1.5329160361812562e-21
787200,0.0,2.2833930198045184e-42,9959.330658170253,0.9964229611550263,-1.532725821229102e-21
787260,0.0,2.2840717115874735e-42,9959.330658170244,0.9964229611550264,-1.5325355132145436e-21
787320,0.0,2.2847497877202688e-42,9959.330658170236,0.9964229611550265,-1.5323451121375816e-21
787380,0.0,2.285427248202905e-42,9959.330658170227,0.9964229611550265,-1.5321546179982158e-21
787440,0.0,2.286104093035381e-42,9959.33065817022,0.9964229611550266,-1.5319640307964458e-21
787500,0.0,2.286780322217697e-42,9959.33065817021,0.9964229611550267,-1.531773350532272e-21
787560,0.0,2.2874559357498536e-42,9959.330658170202,0.9964229611550268,-1.531582577205694e-21
787620,0.0,2.2881309336318497e-42,9959.330658170195,0.9964229611550268,-1.5313917108167125e-21
787680,0.0,2.2888053158636864e-42,9959.330658170185,0.9964229611550269,-1.5312007513653267e-21
787740,0.0,2.2894790824453637e-42,9959.330658170178,0.996422961155027,-1.5310096988515375e-21
787800,0.0,2.2901522333768803e-42,9959.330658170169,0.9964229611550272,-1.530818553275344e-21
787860,0.0,2.2908247686582372e-42,9959.330658170162,0.9964229611550273,-1.5306273146367466e-21
787920,0.0,2.2914966882894356e-42,9959.330658170153,0.9964229611550273,-1.5304359829357455e-21
787980,0.0,2.2921679922704727e-42,9959.330658170145,0.9964229611550274,-1.5302445581723401e-21
788040,0.0,2.2928386806013498e-42,9959.330658170136,0.9964229611550275,-1.5300530403465312e-21
788100,0.0,2.2935087532820687e-42,9959.330658170129,0.9964229611550276,-1.5298614294583182e-21
788160,0.0,2.2941782103126263e-42,9959.33065817012,0.9964229611550276,-1.5296697255077011e-21
788220,0.0,2.294847051693024e-42,9959.33065817011,0.9964229611550277,-1.5294779284946807e-21
788280,0.0,2.2955152774232627e-42,9959.330658170104,0.9964229611550278,-1.5292860384192558e-21
788340,0.0,2.2961828875033414e-42,9959.330658170094,0.9964229611550279,-1.529094055281427e-21
788400,0.0,2.2968498819332595e-42,9959.330658170087,0.996422961155028,-1.5289019790811947e-21
788460,0.0,2.2975162607130188e-42,9959.330658170078,0.996422961155028,-1.528709809818558e-21
788520,0.0,2.2981820238426174e-42,9959.33065817007,0.9964229611550282,-1.5285175474935177e-21
788580,0.0,2.2988471713220566e-42,9959.330658170062,0.9964229611550283,-1.5283251921060732e-21
788640,0.0,2.2995117031513365e-42,9959.330658170053,0.9964229611550284,-1.5281327436562251e-21
788700,0.0,2.3001756193304556e-42,9959.330658170045,0.9964229611550284,-1.5279402021439732e-21
788760,0.0,2.3008389198594147e-42,9959.330658170036,0.9964229611550285,-1.5277475675693171e-21
788820,0.0,2.3015016047382156e-42,9959.330658170029,0.9964229611550286,-1.5275548399322572e-21
788880,0.0,2.3021636739668553e-42,9959.33065817002,0.9964229611550287,-1.5273620192327933e-21
788940,0.0,2.302825127545335e-42,9959.330658170013,0.9964229611550288,-1.5271691054709256e-21
789000,0.0,2.3034859654736557e-42,9959.330658170004,0.9964229611550288,-1.526976098646654e-21
789060,0.0,2.3041461877518162e-42,9959.330658169994,0.9964229611550289,-1.526782998759978e-21
789120,0.0,2.3048057943798166e-42,9959.330658169987,0.996422961155029,-1.5265898058108989e-21
789180,0.0,2.3054647853576576e-42,9959.330658169978,0.9964229611550292,-1.5263965197994153e-21
789240,0.0,2.3061231606853383e-42,9959.33065816997,0.9964229611550293,-1.5262031407255278e-21
789300,0.0,2.3067809203628595e-42,9959.330658169962,0.9964229611550293,-1.5260096685892369e-21
789360,0.0,2.3074380643902213e-42,9959.330658169953,0.9964229611550294,-1.5258161033905415e-21
789420,0.0,2.3080945927674225e-42,9959.330658169945,0.9964229611550295,-1.5256224451294428e-21
789480,0.0,2.3087505054944636e-42,9959.330658169936,0.9964229611550296,-1.5254286938059396e-21
789540,0.0,2.3094058025713463e-42,9959.330658169929,0.9964229611550296,-1.5252348494200327e-21
789600,0.0,2.310060483998068e-42,9959.33065816992,0.9964229611550297,-1.525040911971722e-21
789660,0.0,2.3107145497746296e-42,9959.33065816991,0.9964229611550298,-1.5248468814610072e-21
789720,0.0,2.3113679999010324e-42,9959.330658169903,0.9964229611550299,-1.5246527578878886e-21
789780,0.0,2.312020834377275e-42,9959.330658169894,0.99642296115503,-1.5244585412523658e-21
789840,0.0,2.312673053203357e-42,9959.330658169887,0.99642296115503,-1.5242642315544395e-21
789900,0.0,2.3133246563792804e-42,9959.330658169878,0.9964229611550302,-1.5240698287941093e-21
789960,0.0,2.313975643905043e-42,9959.330658169869,0.9964229611550303,-1.523875332971375e-21
790020,0.0,2.314626015780646e-42,9959.330658169862,0.9964229611550304,-1.5236807440862367e-21
790080,0.0,2.31527577200609e-42,9959.330658169853,0.9964229611550305,-1.5234860621386945e-21
790140,0.0,2.3159249125813728e-42,9959.330658169845,0.9964229611550305,-1.5232912871287487e-21
790200,0.0,2.3165734375064966e-42,9959.330658169836,0.9964229611550306,-1.5230964190563986e-21
790260,0.0,2.317221346781461e-42,9959.330658169827,0.9964229611550307,-1.5229014579216446e-21
790320,0.0,2.3178686404062643e-42,9959.33065816982,0.9964229611550308,-1.5227064037244871e-21
790380,0.0,2.3185153183809083e-42,9959.33065816981,0.9964229611550309,-1.5225112564649253e-21
790440,0.0,2.3191613807053935e-42,9959.330658169802,0.9964229611550309,-1.5223160161429597e-21
790500,0.0,2.3198068273797174e-42,9959.330658169794,0.996422961155031,-1.5221206827585903e-21
790560,0.0,2.3204516584038815e-42,9959.330658169785,0.9964229611550312,-1.5219252563118167e-21
790620,0.0,2.321095873777887e-42,9959.330658169776,0.9964229611550313,-1.5217297368026395e-21
790680,0.0,2.321739473501732e-42,9959.330658169769,0.9964229611550314,-1.5215341242310582e-21
790740,0.0,2.3223824575754166e-42,9959.33065816976,0.9964229611550314,-1.5213384185970732e-21
790800,0.0,2.3230248259989422e-42,9959.330658169752,0.9964229611550315,-1.5211426199006842e-21
790860,0.0,2.3236665787723074e-42,9959.330658169743,0.9964229611550316,-1.5209467281418911e-21
790920,0.0,2.324307715895513e-42,9959.330658169734,0.9964229611550317,-1.5207507433206943e-21
790980,0.0,2.3249482373685593e-42,9959.330658169727,0.9964229611550317,-1.5205546654370932e-21
791040,0.0,2.3255881431914447e-42,9959.330658169718,0.9964229611550318,-1.5203584944910888e-21
791100,0.0,2.3262274333641704e-42,9959.330658169709,0.9964229611550319,-1.5201622304826801e-21
791160,0.0,2.3268661078867376e-42,9959.330658169702,0.996422961155032,-1.5199658734118673e-21
791220,0.0,2.3275041667591435e-42,9959.330658169692,0.9964229611550321,-1.5197694232786512e-21
791280,0.0,2.32814160998139e-42,9959.330658169683,0.9964229611550321,-1.5195728800830307e-21
791340,0.0,2.328778437553477e-42,9959.330658169676,0.9964229611550323,-1.5193762438250065e-21
791400,0.0,2.329414649475404e-42,9959.330658169667,0.9964229611550324,-1.5191795145045782e-21
791460,0.0,2.3300502457471708e-42,9959.330658169658,0.9964229611550325,-1.518982692121746e-21
791520,0.0,2.3306852263687784e-42,9959.33065816965,0.9964229611550326,-1.5187857766765102e-21
791580,0.0,2.3313195913402254e-42,9959.330658169642,0.9964229611550326,-1.5185887681688703e-21
791640,0.0,2.3319533406615132e-42,9959.330658169632,0.9964229611550327,-1.5183916665988262e-21
791700,0.0,2.3325864743326413e-42,9959.330658169625,0.9964229611550328,-1.5181944719663785e-21
791760,0.0,2.3332189923536087e-42,9959.330658169616,0.9964229611550329,-1.5179971842715268e-21
791820,0.0,2.3338508947244164e-42,9959.330658169607,0.996422961155033,-1.5177998035142713e-21
791880,0.0,2.3344821814450657e-42,9959.3306581696,0.996422961155033,-1.5176023296946116e-21
791940,0.0,2.3351128525155536e-42,9959.33065816959,0.9964229611550331,-1.5174047628125483e-21
792000,0.0,2.3357429079358818e-42,9959.330658169582,0.9964229611550333,-1.5172071028680812e-21
792060,0.0,2.3363723477060516e-42,9959.330658169574,0.9964229611550334,-1.5170093498612099e-21
792120,0.0,2.33700117182606e-42,9959.330658169565,0.9964229611550335,-1.5168115037919347e-21
792180,0.0,2.3376293802959088e-42,9959.330658169556,0.9964229611550335,-1.5166135646602556e-21
792240,0.0,2.3382569731155984e-42,9959.330658169547,0.9964229611550336,-1.5164155324661727e-21
792300,0.0,2.338883950285128e-42,9959.33065816954,0.9964229611550337,-1.5162174072096858e-21
792360,0.0,2.3395103118044972e-42,9959.33065816953,0.9964229611550338,-1.5160191888907948e-21
792420,0.0,2.3401360576737073e-42,9959.330658169521,0.9964229611550339,-1.5158208775095005e-21
792480,0.0,2.3407611878927568e-42,9959.330658169514,0.996422961155034,-1.5156224730658017e-21
792540,0.0,2.341385702461647e-42,9959.330658169505,0.996422961155034,-1.515423975559699e-21
792600,0.0,2.3420096013803775e-42,9959.330658169496,0.9964229611550341,-1.5152253849911926e-21
792660,0.0,2.3426328846489475e-42,9959.330658169489,0.9964229611550343,-1.515026701360282e-21
792720,0.0,2.3432555522673577e-42,9959.33065816948,0.9964229611550344,-1.5148279246669679e-21
792780,0.0,2.3438776042356095e-42,9959.33065816947,0.9964229611550345,-1.5146290549112497e-21
792840,0.0,2.3444990405537e-42,9959.330658169461,0.9964229611550345,-1.5144300920931277e-21
792900,0.0,2.3451198612216304e-42,9959.330658169454,0.9964229611550346,-1.5142310362126018e-21
792960,0.0,2.345740066239402e-42,9959.330658169445,0.9964229611550347,-1.5140318872696718e-21
793020,0.0,2.3463596556070136e-42,9959.330658169436,0.9964229611550348,-1.513832645264338e-21
793080,0.0,2.346978629324465e-42,9959.330658169429,0.9964229611550349,-1.5136333101966e-21
793140,0.0,2.347596987391757e-42,9959.33065816942,0.9964229611550349,-1.5134338820664586e-21
793200,0.0,2.3482147298088885e-42,9959.33065816941,0.996422961155035,-1.513234360873913e-21
793260,0.0,2.3488318565758606e-42,9959.330658169401,0.9964229611550351,-1.5130347466189634e-21
793320,0.0,2.3494483676926733e-42,9959.330658169394,0.9964229611550353,-1.5128350393016102e-21
793380,0.0,2.3500642631593253e-42,9959.330658169385,0.9964229611550354,-1.5126352389218526e-21
793440,0.0,2.3506795429758172e-42,9959.330658169376,0.9964229611550354,-1.5124353454796916e-21
793500,0.0,2.351294207142151e-42,9959.330658169367,0.9964229611550355,-1.5122353589751264e-21
793560,0.0,2.3519082556583235e-42,9959.33065816936,0.9964229611550356,-1.5120352794081571e-21
793620,0.0,2.352521688524336e-42,9959.33065816935,0.9964229611550357,-1.5118351067787845e-21
793680,0.0,2.3531345057401897e-42,9959.330658169341,0.9964229611550358,-1.5116348410870075e-21
793740,0.0,2.3537467073058833e-42,9959.330658169332,0.9964229611550358,-1.5114344823328265e-21
793800,0.0,2.3543582932214163e-42,9959.330658169325,0.9964229611550359,-1.511234030516242e-21
793860,0.0,2.3549692634867905e-42,9959.330658169316,0.996422961155036,-1.5110334856372532e-21
793920,0.0,2.355579618102004e-42,9959.330658169307,0.9964229611550361,-1.5108328476958607e-21
793980,0.0,2.356189357067058e-42,9959.330658169298,0.9964229611550363,-1.510632116692064e-21
794040,0.0,2.3567984803819528e-42,9959.33065816929,0.9964229611550364,-1.5104312926258638e-21
794100,0.0,2.3574069880466865e-42,9959.330658169281,0.9964229611550364,-1.5102303754972598e-21
794160,0.0,2.358014880061261e-42,9959.330658169272,0.9964229611550365,-1.5100293653062515e-21
794220,0.0,2.3586221564256763e-42,9959.330658169263,0.9964229611550366,-1.5098282620528394e-21
794280,0.0,2.3592288171399308e-42,9959.330658169256,0.9964229611550367,-1.5096270657370234e-21
794340,0.0,2.3598348622040253e-42,9959.330658169247,0.9964229611550368,-1.5094257763588035e-21
794400,0.0,2.3604402916179617e-42,9959.330658169238,0.9964229611550368,-1.5092243939181794e-21
794460,0.0,2.3610451053817364e-42,9959.330658169229,0.9964229611550369,-1.5090229184151515e-21
794520,0.0,2.3616493034953517e-42,9959.330658169221,0.996422961155037,-1.5088213498497202e-21
794580,0.0,2.362252885958808e-42,9959.330658169212,0.9964229611550371,-1.5086196882218845e-21
794640,0.0,2.3628558527721038e-42,9959.330658169203,0.9964229611550373,-1.5084179335316449e-21
794700,0.0,2.3634582039352393e-42,9959.330658169194,0.9964229611550374,-1.5082160857790016e-21
794760,0.0,2.364059939448216e-42,9959.330658169185,0.9964229611550374,-1.5080141449639543e-21
794820,0.0,2.364661059311032e-42,9959.330658169178,0.9964229611550375,-1.5078121110865031e-21
794880,0.0,2.3652615635236883e-42,9959.330658169169,0.9964229611550376,-1.5076099841466478e-21
794940,0.0,2.3658614520861856e-42,9959.33065816916,0.9964229611550377,-1.507407764144389e-21
795000,0.0,2.366460724998522e-42,9959.33065816915,0.9964229611550378,-1.507205451079726e-21
795060,0.0,2.3670593822606986e-42,9959.330658169143,0.9964229611550378,-1.507003044952659e-21
795120,0.0,2.3676574238727167e-42,9959.330658169134,0.9964229611550379,-1.5068005457631883e-21
795180,0.0,2.3682548498345738e-42,9959.330658169125,0.996422961155038,-1.5065979535113134e-21
795240,0.0,2.3688516601462708e-42,9959.330658169116,0.9964229611550381,-1.5063952681970349e-21
795300,0.0,2.369447854807809e-42,9959.330658169107,0.9964229611550383,-1.5061924898203525e-21
795360,0.0,2.370043433819187e-42,9959.3306581691,0.9964229611550384,-1.505989618381266e-21
795420,0.0,2.3706383971804044e-42,9959.33065816909,0.9964229611550384,-1.5057866538797756e-21
795480,0.0,2.371232744891463e-42,9959.330658169081,0.9964229611550385,-1.5055835963158813e-21
795540,0.0,2.371826476952361e-42,9959.330658169072,0.9964229611550386,-1.5053804456895831e-21
795600,0.0,2.3724195933630996e-42,9959.330658169063,0.9964229611550387,-1.505177202000881e-21
795660,0.0,2.3730120941236785e-42,9959.330658169056,0.9964229611550388,-1.5049738652497748e-21
795720,0.0,2.373603979234097e-42,9959.330658169047,0.9964229611550388,-1.5047704354362652e-21
795780,0.0,2.3741952486943557e-42,9959.330658169038,0.9964229611550389,-1.5045669125603513e-21
795840,0.0,2.3747859025044557e-42,9959.330658169029,0.996422961155039,-1.5043632966220333e-21
795900,0.0,2.3753759406643945e-42,9959.33065816902,0.9964229611550391,-1.504159587621312e-21
795960,0.0,2.3759653631741736e-42,9959.33065816901,0.9964229611550393,-1.5039557855581861e-21
796020,0.0,2.376554170033794e-42,9959.330658169003,0.9964229611550394,-1.5037518904326568e-21
796080,0.0,2.3771423612432537e-42,9959.330658168994,0.9964229611550394,-1.5035479022447232e-21
796140,0.0,2.3777299368025533e-42,9959.330658168985,0.9964229611550395,-1.503343820994386e-21
796200,0.0,2.3783168967116937e-42,9959.330658168976,0.9964229611550396,-1.503139646681645e-21
796260,0.0,2.3789032409706742e-42,9959.330658168967,0.9964229611550397,-1.5029353793064996e-21
796320,0.0,2.3794889695794942e-42,9959.33065816896,0.9964229611550398,-1.5027310188689507e-21
796380,0.0,2.3800740825381555e-42,9959.33065816895,0.9964229611550399,-1.5025265653689976e-21
796440,0.0,2.3806585798466558e-42,9959.330658168941,0.9964229611550399,-1.502322018806641e-21
796500,0.0,2.3812424615049967e-42,9959.330658168932,0.99642296115504,-1.50211737918188e-21
796560,0.0,2.3818257275131785e-42,9959.330658168923,0.9964229611550401,-1.5019126464947151e-21
796620,0.0,2.3824083778711993e-42,9959.330658168914,0.9964229611550403,-1.5017078207451468e-21
796680,0.0,2.3829904125790603e-42,9959.330658168905,0.9964229611550404,-1.5015029019331742e-21
796740,0.0,2.383571831636763e-42,9959.330658168898,0.9964229611550405,-1.5012978900587976e-21
796800,0.0,2.3841526350443043e-42,9959.330658168888,0.9964229611550405,-1.5010927851220173e-21
796860,0.0,2.3847328228016858e-42,9959.33065816888,0.9964229611550406,-1.500887587122833e-21
796920,0.0,2.3853123949089083e-42,9959.33065816887,0.9964229611550407,-1.500682296061245e-21
796980,0.0,2.3858913513659708e-42,9959.330658168861,0.9964229611550408,-1.5004769119372526e-21
797040,0.0,2.386469692172873e-42,9959.330658168852,0.9964229611550409,-1.5002714347508567e-21
797100,0.0,2.387047417329616e-42,9959.330658168845,0.996422961155041,-1.5000658645020569e-21
797160,0.0,2.3876245268361985e-42,9959.330658168836,0.996422961155041,-1.4998602011908528e-21
797220,0.0,2.3882010206926214e-42,9959.330658168827,0.9964229611550411,-1.4996544448172453e-21
797280,0.0,2.388776898898885e-42,9959.330658168818,0.9964229611550413,-1.4994485953812335e-21
797340,0.0,2.3893521614549877e-42,9959.330658168808,0.9964229611550414,-1.499242652882818e-21
797400,0.0,2.3899268083609308e-42,9959.3306581688,0.9964229611550415,-1.4990366173219987e-21
797460,0.0,2.3905008396167155e-42,9959.33065816879,0.9964229611550416,-1.498830488698775e-21
797520,0.0,2.3910742552223388e-42,9959.330658168781,0.9964229611550416,-1.498624267013148e-21
797580,0.0,2.3916470551778024e-42,9959.330658168774,0.9964229611550417,-1.4984179522651165e-21
797640,0.0,2.392219239483107e-42,9959.330658168765,0.9964229611550418,-1.4982115444546816e-21
797700,0.0,2.3927908081382514e-42,9959.330658168756,0.9964229611550419,-1.4980050435818423e-21
797760,0.0,2.3933617611432352e-42,9959.330658168747,0.996422961155042,-1.4977984496465992e-21
797820,0.0,2.3939320984980602e-42,9959.330658168738,0.9964229611550421,-1.4975917626489526e-21
797880,0.0,2.394501820202725e-42,9959.330658168728,0.9964229611550421,-1.4973849825889017e-21
797940,0.0,2.3950709262572298e-42,9959.33065816872,0.9964229611550423,-1.497178109466447e-21
798000,0.0,2.3956394166615753e-42,9959.33065816871,0.9964229611550424,-1.4969711432815885e-21
798060,0.0,2.3962072914157602e-42,9959.330658168701,0.9964229611550425,-1.4967640840343258e-21
798120,0.0,2.3967745505197856e-42,9959.330658168694,0.9964229611550426,-1.4965569317246594e-21
798180,0.0,2.3973411939736516e-42,9959.330658168685,0.9964229611550427,-1.496349686352589e-21
798240,0.0,2.397907221777357e-42,9959.330658168676,0.9964229611550427,-1.4961423479181148e-21
798300,0.0,2.3984726339309026e-42,9959.330658168667,0.9964229611550428,-1.4959349164212368e-21
798360,0.0,2.3990374304342895e-42,9959.330658168657,0.9964229611550429,-1.4957273918619545e-21
798420,0.0,2.3996016112875154e-42,9959.330658168648,0.996422961155043,-1.4955197742402685e-21
798480,0.0,2.4001651764905815e-42,9959.33065816864,0.9964229611550431,-1.4953120635561786e-21
798540,0.0,2.4007281260434885e-42,9959.33065816863,0.9964229611550433,-1.4951042598096848e-21
798600,0.0,2.4012904599462352e-42,9959.330658168621,0.9964229611550433,-1.4948963630007869e-21
798660,0.0,2.401852178198822e-42,9959.330658168612,0.9964229611550434,-1.4946883731294851e-21
798720,0.0,2.4024132808012494e-42,9959.330658168605,0.9964229611550435,-1.49448029019578e-21
798780,0.0,2.4029737677535163e-42,9959.330658168596,0.9964229611550436,-1.4942721141996704e-21
798840,0.0,2.4035336390556238e-42,9959.330658168587,0.9964229611550437,-1.4940638451411568e-21
798900,0.0,2.404092894707572e-42,9959.330658168577,0.9964229611550438,-1.4938554830202396e-21
798960,0.0,2.4046515347093592e-42,9959.330658168568,0.9964229611550438,-1.4936470278369182e-21
799020,0.0,2.4052095590609866e-42,9959.33065816856,0.9964229611550439,-1.4934384795911934e-21
799080,0.0,2.4057669677624555e-42,9959.33065816855,0.996422961155044,-1.493229838283064e-21
799140,0.0,2.4063237608137633e-42,9959.330658168541,0.9964229611550441,-1.4930211039125312e-21
799200,0.0,2.4068799382149115e-42,9959.330658168532,0.9964229611550443,-1.4928122764795944e-21
799260,0.0,2.4074354999659006e-42,9959.330658168523,0.9964229611550444,-1.4926033559842534e-21
799320,0.0,2.4079904460667293e-42,9959.330658168514,0.9964229611550445,-1.492394342426509e-21
799380,0.0,2.4085447765173977e-42,9959.330658168505,0.9964229611550445,-1.4921852358063602e-21
799440,0.0,2.4090984913179072e-42,9959.330658168496,0.9964229611550446,-1.4919760361238078e-21
799500,0.0,2.409651590468256e-42,9959.330658168488,0.9964229611550447,-1.4917667433788513e-21
799560,0.0,2.4102040739684456e-42,9959.33065816848,0.9964229611550448,-1.491557357571491e-21
799620,0.0,2.4107559418184757e-42,9959.33065816847,0.9964229611550449,-1.4913478787017267e-21
799680,0.0,2.4113071940183448e-42,9959.330658168461,0.996422961155045,-1.4911383067695585e-21
799740,0.0,2.4118578305680545e-42,9959.330658168452,0.996422961155045,-1.4909286417749864e-21
799800,0.0,2.4124078514676045e-42,9959.330658168443,0.9964229611550451,-1.4907188837180104e-21
799860,0.0,2.4129572567169953e-42,9959.330658168434,0.9964229611550453,-1.4905090325986303e-21
799920,0.0,2.4135060463162252e-42,9959.330658168425,0.9964229611550454,-1.4902990884168469e-21
799980,0.0,2.4140542202652963e-42,9959.330658168416,0.9964229611550455,-1.490089051172659e-21
800040,0.0,2.414601778564207e-42,9959.330658168406,0.9964229611550456,-1.4898789208660672e-21
800100,0.0,2.4151487212129574e-42,9959.330658168397,0.9964229611550457,-1.4896686974970717e-21
800160,0.0,2.415695048211549e-42,9959.330658168388,0.9964229611550457,-1.489458381065672e-21
800220,0.0,2.4162407595599803e-42,9959.33065816838,0.9964229611550458,-1.4892479715718688e-21
800280,0.0,2.4167858552582512e-42,9959.33065816837,0.9964229611550459,-1.4890374690156613e-21
800340,0.0,2.4173303353063633e-42,9959.330658168361,0.996422961155046,-1.4888268733970502e-21
800400,0.0,2.4178741997043147e-42,9959.330658168352,0.9964229611550461,-1.4886161847160351e-21
800460,0.0,2.4184174484521065e-42,9959.330658168343,0.9964229611550462,-1.488405402972616e-21
800520,0.0,2.418960081549738e-42,9959.330658168334,0.9964229611550462,-1.4881945281667932e-21
800580,0.0,2.4195020989972107e-42,9959.330658168325,0.9964229611550464,-1.4879835602985663e-21
800640,0.0,2.420043500794523e-42,9959.330658168315,0.9964229611550465,-1.4877724993679356e-21
800700,0.0,2.4205842869416754e-42,9959.330658168306,0.9964229611550466,-1.4875613453749007e-21
800760,0.0,2.4211244574386685e-42,9959.330658168297,0.9964229611550467,-1.4873500983194622e-21
800820,0.0,2.421664012285501e-42,9959.330658168288,0.9964229611550468,-1.4871387582016198e-21
800880,0.0,2.4222029514821746e-42,9959.33065816828,0.9964229611550469,-1.4869273250213731e-21
800940,0.0,2.4227412750286878e-42,9959.33065816827,0.9964229611550469,-1.486715798778723e-21
801000,0.0,2.4232789829250407e-42,9959.330658168261,0.996422961155047,-1.4865041794736685e-21
801060,0.0,2.4238160751712346e-42,9959.330658168252,0.9964229611550471,-1.4862924671062102e-21
801120,0.0,2.424352551767268e-42,9959.330658168243,0.9964229611550472,-1.4860806616763484e-21
801180,0.0,2.4248884127131418e-42,9959.330658168234,0.9964229611550474,-1.4858687631840821e-21
801240,0.0,2.4254236580088555e-42,9959.330658168225,0.9964229611550475,-1.4856567716294124e-21
801300,0.0,2.42595828765441e-42,9959.330658168215,0.9964229611550476,-1.4854446870123386e-21
801360,0.0,2.4264923016498043e-42,9959.330658168206,0.9964229611550476,-1.4852325093328607e-21
801420,0.0,2.427025699995039e-42,9959.330658168197,0.9964229611550477,-1.4850202385909791e-21
801480,0.0,2.427558482690114e-42,9959.330658168188,0.9964229611550478,-1.4848078747866936e-21
801540,0.0,2.4280906497350284e-42,9959.330658168179,0.9964229611550479,-1.4845954179200042e-21
801600,0.0,2.4286222011297837e-42,9959.33065816817,0.996422961155048,-1.4843828679909108e-21
801660,0.0,2.429153136874379e-42,9959.33065816816,0.9964229611550481,-1.4841702249994135e-21
801720,0.0,2.429683456968814e-42,9959.330658168152,0.9964229611550482,-1.4839574889455123e-21
801780,0.0,2.43021316141309e-42,9959.330658168143,0.9964229611550482,-1.4837446598292071e-21
801840,0.0,2.4307422502072053e-42,9959.330658168134,0.9964229611550484,-1.4835317376504981e-21
801900,0.0,2.431270723351161e-42,9959.330658168125,0.9964229611550485,-1.483318722409385e-21
801960,0.0,2.4317985808449568e-42,9959.330658168115,0.9964229611550486,-1.483105614105868e-21
802020,0.0,2.4323258226885935e-42,9959.330658168106,0.9964229611550487,-1.4828924127399476e-21
802080,0.0,2.4328524488820697e-42,9959.330658168097,0.9964229611550488,-1.4826791183116224e-21
802140,0.0,2.433378459425386e-42,9959.330658168088,0.9964229611550489,-1.482465730820894e-21
802200,0.0,2.433903854318543e-42,9959.330658168079,0.9964229611550489,-1.4822522502677616e-21
802260,0.0,2.4344286335615396e-42,9959.33065816807,0.996422961155049,-1.482038676652225e-21
802320,0.0,2.4349527971543766e-42,9959.33065816806,0.9964229611550491,-1.4818250099742848e-21
802380,0.0,2.4354763450970543e-42,9959.330658168052,0.9964229611550492,-1.4816112502339403e-21
802440,0.0,2.435999277389571e-42,9959.330658168043,0.9964229611550494,-1.4813973974311923e-21
802500,0.0,2.436521594031929e-42,9959.330658168034,0.9964229611550495,-1.4811834515660403e-21
802560,0.0,2.4370432950241266e-42,9959.330658168024,0.9964229611550496,-1.4809694126384843e-21
802620,0.0,2.437564380366164e-42,9959.330658168015,0.9964229611550497,-1.4807552806485244e-21
802680,0.0,2.438084850058042e-42,9959.330658168006,0.9964229611550497,-1.4805410555961604e-21
802740,0.0,2.4386047040997605e-42,9959.330658167997,0.9964229611550498,-1.4803267374813928e-21
802800,0.0,2.4391239424913188e-42,9959.330658167988,0.9964229611550499,-1.4801123263042211e-21
802860,0.0,2.4396425652327168e-42,9959.330658167979,0.99642296115505,-1.4798978220646457e-21
802920,0.0,2.440160572323956e-42,9959.33065816797,0.9964229611550501,-1.4796832247626662e-21
802980,0.0,2.4406779637650344e-42,9959.33065816796,0.9964229611550502,-1.4794685343982828e-21
803040,0.0,2.4411947395559535e-42,9959.33065816795,0.9964229611550504,-1.4792537509714955e-21
803100,0.0,2.441710899696713e-42,9959.33065816794,0.9964229611550504,-1.4790388744823042e-21
803160,0.0,2.442226444187312e-42,9959.330658167932,0.9964229611550505,-1.478823904930709e-21
803220,0.0,2.4427413730277518e-42,9959.330658167923,0.9964229611550506,-1.4786088423167103e-21
803280,0.0,2.4432556862180316e-42,9959.330658167913,0.9964229611550507,-1.4783936866403068e-21
803340,0.0,2.4437693837581508e-42,9959.330658167904,0.9964229611550508,-1.4781784379015001e-21
803400,0.0,2.4442824656481106e-42,9959.330658167895,0.9964229611550509,-1.4779630961002894e-21
803460,0.0,2.4447949318879113e-42,9959.330658167886,0.996422961155051,-1.4777476612366746e-21
803520,0.0,2.4453067824775516e-42,9959.330658167877,0.9964229611550511,-1.477532133310656e-21
803580,0.0,2.4458180174170316e-42,9959.330658167868,0.9964229611550511,-1.4773165123222334e-21
803640,0.0,2.4463286367063528e-42,9959.330658167859,0.9964229611550512,-1.477100798271407e-21
803700,0.0,2.446838640345513e-42,9959.33065816785,0.9964229611550514,-1.476884991158177e-21
803760,0.0,2.447348028334514e-42,9959.33065816784,0.9964229611550515,-1.4766690909825425e-21
803820,0.0,2.4478568006733558e-42,9959.330658167832,0.9964229611550516,-1.4764530977445045e-21
803880,0.0,2.4483649573620365e-42,9959.33065816782,0.9964229611550517,-1.4762370114440622e-21
803940,0.0,2.4488724984005584e-42,9959.330658167812,0.9964229611550518,-1.4760208320812163e-21
804000,0.0,2.44937942378892e-42,9959.330658167803,0.9964229611550518,-1.4758045596559664e-21
804060,0.0,2.4498857335271215e-42,9959.330658167793,0.9964229611550519,-1.4755881941683123e-21
804120,0.0,2.450391427615163e-42,9959.330658167784,0.996422961155052,-1.475371735618255e-21
804180,0.0,2.450896506053046e-42,9959.330658167775,0.9964229611550521,-1.475155184005793e-21
804240,0.0,2.451400968840768e-42,9959.330658167766,0.9964229611550522,-1.4749385393309274e-21
804300,0.0,2.45190481597833e-42,9959.330658167757,0.9964229611550524,-1.474721801593658e-21
804360,0.0,2.4524080474657333e-42,9959.330658167748,0.9964229611550525,-1.4745049707939846e-21
804420,0.0,2.452910663302976e-42,9959.330658167739,0.9964229611550526,-1.4742880469319074e-21
804480,0.0,2.4534126634900587e-42,9959.330658167728,0.9964229611550526,-1.474071030007426e-21
804540,0.0,2.453914048026982e-42,9959.330658167719,0.9964229611550527,-1.473853920020541e-21
804600,0.0,2.454414816913745e-42,9959.33065816771,0.9964229611550528,-1.4736367169712521e-21
804660,0.0,2.4549149701503485e-42,9959.3306581677,0.9964229611550529,-1.473419420859559e-21
804720,0.0,2.4554145077367927e-42,9959.330658167692,0.996422961155053,-1.4732020316854624e-21
804780,0.0,2.455913429673076e-42,9959.330658167682,0.9964229611550531,-1.4729845494489614e-21
804840,0.0,2.4564117359591995e-42,9959.330658167673,0.9964229611550532,-1.4727669741500568e-21
804900,0.0,2.4569094265951645e-42,9959.330658167664,0.9964229611550534,-1.472549305788748e-21
804960,0.0,2.4574065015809683e-42,9959.330658167655,0.9964229611550534,-1.4723315443650356e-21
805020,0.0,2.4579029609166126e-42,9959.330658167644,0.9964229611550535,-1.4721136898789192e-21
805080,0.0,2.4583988046020975e-42,9959.330658167635,0.9964229611550536,-1.4718957423303988e-21
805140,0.0,2.4588940326374224e-42,9959.330658167626,0.9964229611550537,-1.4716777017194746e-21
805200,0.0,2.459388645022587e-42,9959.330658167617,0.9964229611550538,-1.4714595680461464e-21
805260,0.0,2.4598826417575924e-42,9959.330658167608,0.9964229611550539,-1.4712413413104142e-21
805320,0.0,2.460376022842437e-42,9959.330658167599,0.996422961155054,-1.4710230215122786e-21
805380,0.0,2.4608687882771228e-42,9959.33065816759,0.9964229611550541,-1.4708046086517382e-21
805440,0.0,2.4613609380616488e-42,9959.330658167579,0.9964229611550542,-1.4705861027287946e-21
805500,0.0,2.461852472196014e-42,9959.33065816757,0.9964229611550542,-1.470367503743447e-21
805560,0.0,2.4623433906802196e-42,9959.33065816756,0.9964229611550544,-1.4701488116956951e-21
805620,0.0,2.4628336935142667e-42,9959.330658167552,0.9964229611550545,-1.4699300265855397e-21
805680,0.0,2.4633233806981524e-42,9959.330658167542,0.9964229611550546,-1.46971114841298e-21
805740,0.0,2.4638124522318785e-42,9959.330658167533,0.9964229611550547,-1.4694921771780168e-21
805800,0.0,2.4643009081154455e-42,9959.330658167524,0.9964229611550548,-1.4692731128806495e-21
805860,0.0,2.4647887483488524e-42,9959.330658167513,0.9964229611550549,-1.4690539555208783e-21
805920,0.0,2.465275972932099e-42,9959.330658167504,0.996422961155055,-1.4688347050987032e-21
805980,0.0,2.4657625818651864e-42,9959.330658167495,0.996422961155055,-1.4686153616141242e-21
806040,0.0,2.4662485751481138e-42,9959.330658167486,0.9964229611550551,-1.4683959250671413e-21
806100,0.0,2.466733952780881e-42,9959.330658167477,0.9964229611550552,-1.4681763954577543e-21
806160,0.0,2.467218714763489e-42,9959.330658167468,0.9964229611550554,-1.4679567727859634e-21
806220,0.0,2.467702861095936e-42,9959.330658167457,0.9964229611550555,-1.467737057051769e-21
806280,0.0,2.468186391778224e-42,9959.330658167448,0.9964229611550556,-1.46751724825517e-21
806340,0.0,2.4686693068103525e-42,9959.330658167439,0.9964229611550557,-1.4672973463961676e-21
806400,0.0,2.4691516061923203e-42,9959.33065816743,0.9964229611550558,-1.4670773514747613e-21
806460,0.0,2.4696332899241284e-42,9959.33065816742,0.9964229611550559,-1.4668572634909508e-21
806520,0.0,2.470114358005778e-42,9959.330658167411,0.9964229611550559,-1.4666370824447367e-21
806580,0.0,2.4705948104372663e-42,9959.3306581674,0.996422961155056,-1.4664168083361184e-21
806640,0.0,2.471074647218595e-42,9959.330658167391,0.9964229611550561,-1.4661964411650965e-21
806700,0.0,2.4715538683497644e-42,9959.330658167382,0.9964229611550562,-1.4659759809316706e-21
806760,0.0,2.4720324738307735e-42,9959.330658167373,0.9964229611550564,-1.4657554276358405e-21
806820,0.0,2.4725104636616226e-42,9959.330658167364,0.9964229611550565,-1.4655347812776067e-21
806880,0.0,2.4729878378423126e-42,9959.330658167353,0.9964229611550566,-1.465314041856969e-21
806940,0.0,2.473464596372842e-42,9959.330658167344,0.9964229611550567,-1.4650932093739275e-21
807000,0.0,2.473940739253212e-42,9959.330658167335,0.9964229611550568,-1.4648722838284818e-21
807060,0.0,2.4744162664834224e-42,9959.330658167326,0.9964229611550568,-1.4646512652206324e-21
807120,0.0,2.4748911780634722e-42,9959.330658167317,0.9964229611550569,-1.464430153550379e-21
807180,0.0,2.4753654739933623e-42,9959.330658167306,0.996422961155057,-1.4642089488177216e-21
807240,0.0,2.4758391542730936e-42,9959.330658167297,0.9964229611550571,-1.4639876510226606e-21
807300,0.0,2.476312218902664e-42,9959.330658167288,0.9964229611550572,-1.4637662601651953e-21
807360,0.0,2.4767846678820746e-42,9959.330658167279,0.9964229611550574,-1.4635447762453261e-21
807420,0.0,2.477256501211326e-42,9959.33065816727,0.9964229611550575,-1.4633231992630535e-21
807480,0.0,2.4777277188904172e-42,9959.330658167259,0.9964229611550576,-1.4631015292183762e-21
807540,0.0,2.478198320919348e-42,9959.33065816725,0.9964229611550577,-1.4628797661112956e-21
807600,0.0,2.47866830729812e-42,9959.33065816724,0.9964229611550577,-1.462657909941811e-21
807660,0.0,2.4791376780267314e-42,9959.330658167231,0.9964229611550578,-1.4624359607099223e-21
807720,0.0,2.4796064331051834e-42,9959.330658167222,0.9964229611550579,-1.46221391841563e-21
807780,0.0,2.480074572533476e-42,9959.330658167211,0.996422961155058,-1.4619917830589333e-21
807840,0.0,2.4805420963116077e-42,9959.330658167202,0.9964229611550581,-1.4617695546398332e-21
807900,0.0,2.48100900443958e-42,9959.330658167193,0.9964229611550582,-1.461547233158329e-21
807960,0.0,2.481475296917393e-42,9959.330658167184,0.9964229611550584,-1.4613248186144206e-21
808020,0.0,2.4819409737450453e-42,9959.330658167173,0.9964229611550585,-1.4611023110081088e-21
808080,0.0,2.482406034922538e-42,9959.330658167164,0.9964229611550586,-1.4608797103393926e-21
808140,0.0,2.4828704804498718e-42,9959.330658167155,0.9964229611550586,-1.4606570166082728e-21
808200,0.0,2.4833343103270447e-42,9959.330658167146,0.9964229611550587,-1.4604342298147488e-21
808260,0.0,2.4837975245540575e-42,9959.330658167137,0.9964229611550588,-1.4602113499588212e-21
808320,0.0,2.4842601231309115e-42,9959.330658167126,0.9964229611550589,-1.4599883770404897e-21
808380,0.0,2.4847221060576052e-42,9959.330658167117,0.996422961155059,-1.4597653110597537e-21
808440,0.0,2.485183473334139e-42,9959.330658167108,0.9964229611550591,-1.4595421520166147e-21
808500,0.0,2.485644224960513e-42,9959.330658167099,0.9964229611550592,-1.459318899911071e-21
808560,0.0,2.486104360936727e-42,9959.330658167088,0.9964229611550594,-1.4590955547431236e-21
808620,0.0,2.4865638812627815e-42,9959.330658167079,0.9964229611550595,-1.4588721165127726e-21
808680,0.0,2.4870227859386762e-42,9959.33065816707,0.9964229611550596,-1.4586485852200174e-21
808740,0.0,2.4874810749644106e-42,9959.33065816706,0.9964229611550596,-1.4584249608648585e-21
808800,0.0,2.4879387483399853e-42,9959.33065816705,0.9964229611550597,-1.4582012434472957e-21
808860,0.0,2.488395806065401e-42,9959.33065816704,0.9964229611550598,-1.4579774329673286e-21
808920,0.0,2.4888522481406557e-42,9959.330658167031,0.9964229611550599,-1.457753529424958e-21
808980,0.0,2.489308074565751e-42,9959.330658167022,0.99642296115506,-1.4575295328201831e-21
809040,0.0,2.4897632853406867e-42,9959.330658167011,0.9964229611550601,-1.4573054431530046e-21
809100,0.0,2.4902178804654624e-42,9959.330658167002,0.9964229611550602,-1.457081260423422e-21
809160,0.0,2.4906718599400778e-42,9959.330658166993,0.9964229611550603,-1.4568569846314357e-21
809220,0.0,2.4911252237645343e-42,9959.330658166984,0.9964229611550605,-1.4566326157770454e-21
809280,0.0,2.4915779719388303e-42,9959.330658166973,0.9964229611550606,-1.4564081538602511e-21
809340,0.0,2.4920301044629664e-42,9959.330658166964,0.9964229611550606,-1.456183598881053e-21
809400,0.0,2.4924816213369435e-42,9959.330658166955,0.9964229611550607,-1.4559589508394508e-21
809460,0.0,2.4929325225607596e-42,9959.330658166944,0.9964229611550608,-1.4557342097354447e-21
809520,0.0,2.4933828081344163e-42,9959.330658166935,0.9964229611550609,-1.4555093755690352e-21
809580,0.0,2.493832478057914e-42,9959.330658166926,0.996422961155061,-1.4552844483402209e-21
809640,0.0,2.494281532331251e-42,9959.330658166917,0.9964229611550611,-1.4550594280490034e-21
809700,0.0,2.4947299709544277e-42,9959.330658166906,0.9964229611550612,-1.4548343146953819e-21
809760,0.0,2.4951777939274458e-42,9959.330658166897,0.9964229611550613,-1.4546091082793561e-21
809820,0.0,2.4956250012503033e-42,9959.330658166888,0.9964229611550615,-1.4543838088009268e-21
809880,0.0,2.496071592923001e-42,9959.330658166877,0.9964229611550616,-1.4541584162600933e-21
809940,0.0,2.4965175689455393e-42,9959.330658166868,0.9964229611550616,-1.4539329306568562e-21
810000,0.0,2.4969629293179175e-42,9959.330658166858,0.9964229611550617,-1.4537073519912147e-21
810060,0.0,2.4974076740401354e-42,9959.33065816685,0.9964229611550618,-1.4534816802631697e-21
810120,0.0,2.4978518031121942e-42,9959.330658166838,0.9964229611550619,-1.4532559154727208e-21
810180,0.0,2.4982953165340927e-42,9959.33065816683,0.996422961155062,-1.4530300576198678e-21
810240,0.0,2.4987382143058314e-42,9959.33065816682,0.9964229611550621,-1.4528041067046109e-21
810300,0.0,2.4991804964274107e-42,9959.33065816681,0.9964229611550622,-1.4525780627269501e-21
810360,0.0,2.4996221628988296e-42,9959.3306581668,0.9964229611550623,-1.4523519256868856e-21
810420,0.0,2.5000632137200886e-42,9959.330658166791,0.9964229611550625,-1.452125695584417e-21
810480,0.0,2.5005036488911887e-42,9959.33065816678,0.9964229611550626,-1.451899372419544e-21
810540,0.0,2.500943468412128e-42,9959.330658166771,0.9964229611550627,-1.4516729561922681e-21
810600,0.0,2.5013826722829076e-42,9959.330658166762,0.9964229611550627,-1.4514464469025875e-21
810660,0.0,2.501821260503528e-42,9959.330658166751,0.9964229611550628,-1.4512198445505032e-21
810720,0.0,2.5022592330739882e-42,9959.330658166742,0.9964229611550629,-1.4509931491360152e-21
810780,0.0,2.502696589994288e-42,9959.330658166733,0.996422961155063,-1.450766360659123e-21
810840,0.0,2.503133331264429e-42,9959.330658166722,0.9964229611550631,-1.450539479119827e-21
810900,0.0,2.5035694568844094e-42,9959.330658166713,0.9964229611550632,-1.4503125045181274e-21
810960,0.0,2.50400496685423e-42,9959.330658166704,0.9964229611550633,-1.4500854368540234e-21
811020,0.0,2.5044398611738915e-42,9959.330658166695,0.9964229611550635,-1.4498582761275158e-21
811080,0.0,2.504874139843392e-42,9959.330658166684,0.9964229611550636,-1.449631022338604e-21
811140,0.0,2.505307802862733e-42,9959.330658166675,0.9964229611550637,-1.4494036754872886e-21
811200,0.0,2.5057408502319155e-42,9959.330658166666,0.9964229611550638,-1.449176235573569e-21
811260,0.0,2.5061732819509367e-42,9959.330658166655,0.9964229611550639,-1.4489487025974456e-21
811320,0.0,2.506605098019798e-42,9959.330658166646,0.9964229611550639,-1.4487210765589186e-21
811380,0.0,2.5070362984385005e-42,9959.330658166635,0.996422961155064,-1.4484933574579872e-21
811440,0.0,2.5074668832070425e-42,9959.330658166626,0.9964229611550641,-1.4482655452946521e-21
811500,0.0,2.5078968523254244e-42,9959.330658166617,0.9964229611550642,-1.4480376400689131e-21
811560,0.0,2.5083262057936473e-42,9959.330658166606,0.9964229611550643,-1.4478096417807699e-21
811620,0.0,2.5087549436117098e-42,9959.330658166597,0.9964229611550645,-1.4475815504302234e-21
811680,0.0,2.5091830657796126e-42,9959.330658166587,0.9964229611550646,-1.4473533660172722e-21
811740,0.0,2.509610572297356e-42,9959.330658166577,0.9964229611550647,-1.4471250885419177e-21
811800,0.0,2.5100374631649386e-42,9959.330658166567,0.9964229611550648,-1.4468967180041593e-21
811860,0.0,2.5104637383823616e-42,9959.330658166558,0.9964229611550649,-1.4466682544039966e-21
811920,0.0,2.5108893979496258e-42,9959.330658166547,0.996422961155065,-1.4464396977414304e-21
811980,0.0,2.511314441866729e-42,9959.330658166538,0.996422961155065,-1.44621104801646e-21
812040,0.0,2.5117388701336724e-42,9959.33065816653,0.9964229611550651,-1.4459823052290857e-21
812100,0.0,2.512162682750457e-42,9959.330658166518,0.9964229611550652,-1.4457534693793074e-21
812160,0.0,2.5125858797170808e-42,9959.33065816651,0.9964229611550653,-1.4455245404671255e-21
812220,0.0,2.5130084610335448e-42,9959.330658166498,0.9964229611550655,-1.4452955184925396e-21
812280,0.0,2.5134304266998497e-42,9959.33065816649,0.9964229611550656,-1.4450664034555495e-21
812340,0.0,2.5138517767159942e-42,9959.33065816648,0.9964229611550657,-1.4448371953561559e-21
812400,0.0,2.5142725110819787e-42,9959.33065816647,0.9964229611550658,-1.444607894194358e-21
812460,0.0,2.514692629797804e-42,9959.33065816646,0.9964229611550659,-1.4443784999701565e-21
812520,0.0,2.5151121328634688e-42,9959.330658166451,0.996422961155066,-1.444149012683551e-21
812580,0.0,2.515531020278974e-42,9959.33065816644,0.9964229611550661,-1.4439194323345413e-21
812640,0.0,2.51594929204432e-42,9959.330658166431,0.9964229611550662,-1.4436897589231282e-21
812700,0.0,2.5163669481595052e-42,9959.33065816642,0.9964229611550663,-1.4434599924493108e-21
812760,0.0,2.5167839886245307e-42,9959.330658166411,0.9964229611550663,-1.4432301329130893e-21
812820,0.0,2.517200413439397e-42,9959.330658166402,0.9964229611550665,-1.4430001803144644e-21
812880,0.0,2.517616222604103e-42,9959.330658166391,0.9964229611550666,-1.4427701346534353e-21
812940,0.0,2.518031416118649e-42,9959.330658166382,0.9964229611550667,-1.4425399959300024e-21
813000,0.0,2.5184459939830358e-42,9959.330658166373,0.9964229611550668,-1.4423097641441656e-21
813060,0.0,2.5188599561972623e-42,9959.330658166362,0.9964229611550669,-1.4420794392959247e-21
813120,0.0,2.5192733027613288e-42,9959.330658166353,0.996422961155067,-1.4418490213852802e-21
813180,0.0,2.519686033675236e-42,9959.330658166342,0.9964229611550671,-1.4416185104122314e-21
813240,0.0,2.5200981489389827e-42,9959.330658166333,0.9964229611550672,-1.441387906376779e-21
813300,0.0,2.52050964855257e-42,9959.330658166322,0.9964229611550673,-1.4411572092789225e-21
813360,0.0,2.520920532515998e-42,9959.330658166313,0.9964229611550675,-1.4409264191186624e-21
813420,0.0,2.5213308008292652e-42,9959.330658166304,0.9964229611550676,-1.4406955358959982e-21
813480,0.0,2.5217404534923724e-42,9959.330658166293,0.9964229611550677,-1.4404645596109298e-21
813540,0.0,2.522149490505321e-42,9959.330658166284,0.9964229611550677,-1.4402334902634579e-21
813600,0.0,2.522557911868109e-42,9959.330658166273,0.9964229611550678,-1.4400023278535819e-21
813660,0.0,2.522965717580737e-42,9959.330658166264,0.9964229611550679,-1.439771072381302e-21
813720,0.0,2.5233729076432055e-42,9959.330658166255,0.996422961155068,-1.4395397238466183e-21
813780,0.0,2.523779482055514e-42,9959.330658166244,0.9964229611550681,-1.4393082822495304e-21
813840,0.0,2.5241854408176627e-42,9959.330658166235,0.9964229611550682,-1.4390767475900388e-21
813900,0.0,2.5245907839296518e-42,9959.330658166224,0.9964229611550683,-1.4388451198681434e-21
813960,0.0,2.524995511391481e-42,9959.330658166215,0.9964229611550685,-1.4386133990838438e-21
814020,0.0,2.52539962320315e-42,9959.330658166204,0.9964229611550686,-1.4383815852371404e-21
814080,0.0,2.5258031193646595e-42,9959.330658166195,0.9964229611550687,-1.438149678328033e-21
814140,0.0,2.5262059998760088e-42,9959.330658166185,0.9964229611550688,-1.437917678356522e-21
814200,0.0,2.5266082647371984e-42,9959.330658166175,0.9964229611550689,-1.4376855853226068e-21
814260,0.0,2.5270099139482288e-42,9959.330658166165,0.996422961155069,-1.4374533992262877e-21
814320,0.0,2.5274109475090986e-42,9959.330658166155,0.9964229611550691,-1.437221120067565e-21
814380,0.0,2.5278113654198083e-42,9959.330658166145,0.9964229611550691,-1.436988747846438e-21
814440,0.0,2.5282111676803596e-42,9959.330658166135,0.9964229611550692,-1.4367562825629073e-21
814500,0.0,2.52861035429075e-42,9959.330658166125,0.9964229611550693,-1.4365237242169724e-21
814560,0.0,2.5290089252509802e-42,9959.330658166115,0.9964229611550695,-1.436291072808634e-21
814620,0.0,2.5294068805610513e-42,9959.330658166105,0.9964229611550696,-1.4360583283378917e-21
814680,0.0,2.5298042202209624e-42,9959.330658166096,0.9964229611550697,-1.435825490804745e-21
814740,0.0,2.5302009442307132e-42,9959.330658166085,0.9964229611550698,-1.4355925602091949e-21
814800,0.0,2.5305970525903052e-42,9959.330658166076,0.9964229611550699,-1.4353595365512406e-21
814860,0.0,2.5309925452997365e-42,9959.330658166065,0.99642296115507,-1.4351264198308822e-21
814920,0.0,2.531387422359008e-42,9959.330658166056,0.9964229611550701,-1.4348932100481203e-21
814980,0.0,2.5317816837681202e-42,9959.330658166045,0.9964229611550702,-1.4346599072029542e-21
815040,0.0,2.532175329527072e-42,9959.330658166036,0.9964229611550703,-1.4344265112953844e-21
815100,0.0,2.5325683596358638e-42,9959.330658166025,0.9964229611550705,-1.4341930223254107e-21
815160,0.0,2.532960774094497e-42,9959.330658166016,0.9964229611550706,-1.4339594402930328e-21
815220,0.0,2.533352572902969e-42,9959.330658166005,0.9964229611550707,-1.4337257651982513e-21
815280,0.0,2.5337437560612817e-42,9959.330658165996,0.9964229611550708,-1.4334919970410657e-21
815340,0.0,2.534134323569435e-42,9959.330658165985,0.9964229611550708,-1.4332581358214764e-21
815400,0.0,2.5345242754274277e-42,9959.330658165976,0.9964229611550709,-1.4330241815394829e-21
815460,0.0,2.5349136116352608e-42,9959.330658165967,0.996422961155071,-1.4327901341950856e-21
815520,0.0,2.5353023321929345e-42,9959.330658165956,0.9964229611550711,-1.4325559937882845e-21
815580,0.0,2.5356904371004478e-42,9959.330658165947,0.9964229611550712,-1.4323217603190794e-21
815640,0.0,2.5360779263578014e-42,9959.330658165936,0.9964229611550713,-1.4320874337874704e-21
815700,0.0,2.5364647999649956e-42,9959.330658165927,0.9964229611550715,-1.4318530141934573e-21
815760,0.0,2.5368510579220294e-42,9959.330658165916,0.9964229611550716,-1.4316185015370406e-21
815820,0.0,2.5372367002289032e-42,9959.330658165907,0.9964229611550717,-1.4313838958182199e-21
815880,0.0,2.5376217268856183e-42,9959.330658165896,0.9964229611550718,-1.431149197036995e-21
815940,0.0,2.5380061378921723e-42,9959.330658165887,0.9964229611550719,-1.4309144051933666e-21
816000,0.0,2.538389933248567e-42,9959.330658165876,0.996422961155072,-1.4306795202873341e-21
816060,0.0,2.5387731129548024e-42,9959.330658165867,0.9964229611550721,-1.4304445423188974e-21
816120,0.0,2.539155677010877e-42,9959.330658165856,0.9964229611550722,-1.4302094712880572e-21
816180,0.0,2.5395376254167918e-42,9959.330658165847,0.9964229611550723,-1.4299743071948129e-21
816240,0.0,2.5399189581725475e-42,9959.330658165836,0.9964229611550725,-1.429739050039165e-21
816300,0.0,2.540299675278143e-42,9959.330658165827,0.9964229611550725,-1.4295036998211126e-21
816360,0.0,2.5406797767335785e-42,9959.330658165816,0.9964229611550726,-1.4292682565406568e-21
816420,0.0,2.5410592625388547e-42,9959.330658165807,0.9964229611550727,-1.429032720197797e-21
816480,0.0,2.5414381326939702e-42,9959.330658165796,0.9964229611550728,-1.4287970907925331e-21
816540,0.0,2.5418163871989264e-42,9959.330658165787,0.9964229611550729,-1.4285613683248655e-21
816600,0.0,2.542194026053723e-42,9959.330658165776,0.996422961155073,-1.4283255527947938e-21
816660,0.0,2.5425710492583595e-42,9959.330658165765,0.9964229611550731,-1.4280896442023184e-21
816720,0.0,2.5429474568128358e-42,9959.330658165756,0.9964229611550732,-1.427853642547439e-21
816780,0.0,2.5433232487171534e-42,9959.330658165745,0.9964229611550733,-1.4276175478301552e-21
816840,0.0,2.54369842497131e-42,9959.330658165736,0.9964229611550735,-1.4273813600504682e-21
816900,0.0,2.5440729855753067e-42,9959.330658165725,0.9964229611550736,-1.427145079208377e-21
816960,0.0,2.5444469305291445e-42,9959.330658165716,0.9964229611550737,-1.4269087053038816e-21
817020,0.0,2.544820259832822e-42,9959.330658165705,0.9964229611550738,-1.4266722383369828e-21
817080,0.0,2.5451929734863392e-42,9959.330658165696,0.9964229611550739,-1.4264356783076798e-21
817140,0.0,2.5455650714896975e-42,9959.330658165685,0.996422961155074,-1.426199025215973e-21
817200,0.0,2.5459365538428953e-42,9959.330658165676,0.9964229611550741,-1.4259622790618624e-21
817260,0.0,2.5463074205459332e-42,9959.330658165665,0.9964229611550742,-1.4257254398453476e-21
817320,0.0,2.546677671598812e-42,9959.330658165656,0.9964229611550743,-1.4254885075664291e-21
817380,0.0,2.5470473070015303e-42,9959.330658165645,0.9964229611550744,-1.4252514822251065e-21
817440,0.0,2.5474163267540884e-42,9959.330658165636,0.9964229611550744,-1.4250143638213801e-21
817500,0.0,2.547784730856488e-42,9959.330658165625,0.9964229611550746,-1.4247771523552497e-21
817560,0.0,2.5481525193087266e-42,9959.330658165614,0.9964229611550747,-1.4245398478267156e-21
817620,0.0,2.5485196921108054e-42,9959.330658165605,0.9964229611550748,-1.4243024502357776e-21
817680,0.0,2.5488862492627252e-42,9959.330658165594,0.9964229611550749,-1.4240649595824353e-21
817740,0.0,2.5492521907644846e-42,9959.330658165585,0.996422961155075,-1.4238273758666895e-21
817800,0.0,2.549617516616084e-42,9959.330658165574,0.9964229611550751,-1.4235896990885394e-21
817860,0.0,2.5499822268175242e-42,9959.330658165565,0.9964229611550752,-1.4233519292479858e-21
817920,0.0,2.550346321368804e-42,9959.330658165554,0.9964229611550753,-1.423114066345028e-21
817980,0.0,2.550709800269924e-42,9959.330658165545,0.9964229611550754,-1.4228761103796662e-21
818040,0.0,2.5510726635208848e-42,9959.330658165534,0.9964229611550756,-1.422638061351901e-21
818100,0.0,2.551434911121685e-42,9959.330658165523,0.9964229611550757,-1.4223999192617315e-21
818160,0.0,2.5517965430723253e-42,9959.330658165514,0.9964229611550758,-1.4221616841091578e-21
818220,0.0,2.5521575593728066e-42,9959.330658165503,0.9964229611550759,-1.4219233558941807e-21
818280,0.0,2.5525179600231272e-42,9959.330658165494,0.996422961155076,-1.4216849346167995e-21
818340,0.0,2.552877745023288e-42,9959.330658165483,0.9964229611550761,-1.4214464202770144e-21
818400,0.0,2.5532369143732902e-42,9959.330658165474,0.9964229611550762,-1.4212078128748253e-21
818460,0.0,2.5535954680731313e-42,9959.330658165463,0.9964229611550763,-1.4209691124102324e-21
818520,0.0,2.5539534061228124e-42,9959.330658165452,0.9964229611550764,-1.4207303188832357e-21
818580,0.0,2.5543107285223347e-42,9959.330658165443,0.9964229611550766,-1.4204914322938348e-21
818640,0.0,2.5546674352716967e-42,9959.330658165432,0.9964229611550767,-1.4202524526420302e-21
818700,0.0,2.5550235263708982e-42,9959.330658165423,0.9964229611550767,-1.4200133799278215e-21
818760,0.0,2.555379001819941e-42,9959.330658165412,0.9964229611550768,-1.4197742141512092e-21
818820,0.0,2.5557338616188232e-42,9959.330658165401,0.9964229611550769,-1.4195349553121929e-21
818880,0.0,2.556088105767546e-42,9959.330658165392,0.996422961155077,-1.4192956034107722e-21
818940,0.0,2.556441734266109e-42,9959.330658165381,0.9964229611550771,-1.4190561584469482e-21
819000,0.0,2.5567947471145115e-42,9959.330658165372,0.9964229611550772,-1.41881662042072e-21
819060,0.0,2.5571471443127545e-42,9959.330658165361,0.9964229611550773,-1.4185769893320878e-21
819120,0.0,2.5574989258608383e-42,9959.33065816535,0.9964229611550774,-1.418337265181052e-21
819180,0.0,2.5578500917587614e-42,9959.330658165341,0.9964229611550776,-1.4180974479676119e-21
819240,0.0,2.558200642006525e-42,9959.33065816533,0.9964229611550777,-1.4178575376917683e-21
819300,0.0,2.558550576604129e-42,9959.330658165321,0.9964229611550778,-1.4176175343535207e-21
819360,0.0,2.5588998955515728e-42,9959.33065816531,0.9964229611550779,-1.4173774379528688e-21
819420,0.0,2.5592485988488564e-42,9959.3306581653,0.996422961155078,-1.4171372484898134e-21
819480,0.0,2.5595966864959813e-42,9959.33065816529,0.9964229611550781,-1.4168969659643539e-21
819540,0.0,2.5599441584929454e-42,9959.33065816528,0.9964229611550782,-1.4166565903764907e-21
819600,0.0,2.56029101483975e-42,9959.33065816527,0.9964229611550783,-1.4164161217262233e-21
819660,0.0,2.5606372555363952e-42,9959.33065816526,0.9964229611550784,-1.4161755600135521e-21
819720,0.0,2.56098288058288e-42,9959.330658165249,0.9964229611550786,-1.4159349052384771e-21
819780,0.0,2.5613278899792045e-42,9959.33065816524,0.9964229611550787,-1.415694157400998e-21
819840,0.0,2.5616722837253704e-42,9959.330658165229,0.9964229611550788,-1.4154533165011152e-21
819900,0.0,2.5620160618213755e-42,9959.330658165218,0.9964229611550789,-1.4152123825388282e-21
819960,0.0,2.5623592242672207e-42,9959.330658165209,0.996422961155079,-1.4149713555141376e-21
820020,0.0,2.5627017710629074e-42,9959.330658165198,0.9964229611550791,-1.4147302354270428e-21
820080,0.0,2.5630437022084327e-42,9959.330658165187,0.9964229611550792,-1.4144890222775442e-21
820140,0.0,2.5633850177037987e-42,9959.330658165178,0.9964229611550793,-1.414247716065642e-21
820200,0.0,2.5637257175490052e-42,9959.330658165167,0.9964229611550794,-1.4140063167913353e-21
820260,0.0,2.5640658017440517e-42,9959.330658165158,0.9964229611550794,-1.413764824454625e-21
820320,0.0,2.564405270288938e-42,9959.330658165147,0.9964229611550796,-1.4135232390555109e-21
820380,0.0,2.5647441231836652e-42,9959.330658165136,0.9964229611550797,-1.4132815605939927e-21
820440,0.0,2.5650823604282316e-42,9959.330658165127,0.9964229611550798,-1.4130397890700706e-21
820500,0.0,2.5654199820226386e-42,9959.330658165116,0.9964229611550799,-1.4127979244837446e-21
820560,0.0,2.5657569879668865e-42,9959.330658165105,0.99642296115508,-1.4125559668350147e-21
820620,0.0,2.5660933782609733e-42,9959.330658165096,0.9964229611550801,-1.4123139161238811e-21
820680,0.0,2.5664291529049008e-42,9959.330658165085,0.9964229611550802,-1.4120717723503433e-21
820740,0.0,2.5667643118986692e-42,9959.330658165074,0.9964229611550803,-1.4118295355144016e-21
820800,0.0,2.5670988552422766e-42,9959.330658165065,0.9964229611550804,-1.411587205616056e-21
820860,0.0,2.5674327829357246e-42,9959.330658165054,0.9964229611550806,-1.4113447826553067e-21
820920,0.0,2.567766094979013e-42,9959.330658165043,0.9964229611550807,-1.4111022666321534e-21
820980,0.0,2.5680987913721414e-42,9959.330658165034,0.9964229611550808,-1.4108596575465958e-21
821040,0.0,2.5684308721151095e-42,9959.330658165023,0.9964229611550809,-1.4106169553986349e-21
821100,0.0,2.568762337207919e-42,9959.330658165012,0.996422961155081,-1.4103741601882698e-21
821160,0.0,2.5690931866505673e-42,9959.330658165003,0.9964229611550811,-1.4101312719155005e-21
821220,0.0,2.5694234204430563e-42,9959.330658164992,0.9964229611550812,-1.4098882905803278e-21
821280,0.0,2.569753038585386e-42,9959.330658164981,0.9964229611550813,-1.4096452161827508e-21
821340,0.0,2.570082041077555e-42,9959.330658164972,0.9964229611550814,-1.4094020487227704e-21
821400,0.0,2.5704104279195643e-42,9959.330658164961,0.9964229611550816,-1.4091587882003856e-21
821460,0.0,2.5707381991114148e-42,9959.33065816495,0.9964229611550817,-1.4089154346155969e-21
821520,0.0,2.5710653546531042e-42,9959.330658164941,0.9964229611550818,-1.4086719879684045e-21
821580,0.0,2.5713918945446342e-42,9959.33065816493,0.9964229611550819,-1.408428448258808e-21
821640,0.0,2.5717178187860048e-42,9959.33065816492,0.996422961155082,-1.4081848154868077e-21
821700,0.0,2.572043127377215e-42,9959.33065816491,0.9964229611550821,-1.4079410896524034e-21
821760,0.0,2.5723678203182652e-42,9959.3306581649,0.9964229611550822,-1.4076972707555955e-21
821820,0.0,2.5726918976091563e-42,9959.330658164889,0.9964229611550823,-1.4074533587963834e-21
821880,0.0,2.573015359249887e-42,9959.330658164878,0.9964229611550824,-1.4072093537747672e-21
821940,0.0,2.5733382052404578e-42,9959.330658164869,0.9964229611550826,-1.4069652556907475e-21
822000,0.0,2.5736604355808694e-42,9959.330658164858,0.9964229611550827,-1.4067210645443236e-21
822060,0.0,2.5739820502711207e-42,9959.330658164847,0.9964229611550828,-1.406476780335496e-21
822120,0.0,2.5743030493112122e-42,9959.330658164838,0.9964229611550829,-1.4062324030642643e-21
822180,0.0,2.5746234327011443e-42,9959.330658164827,0.996422961155083,-1.4059879327306287e-21
822240,0.0,2.5749432004409157e-42,9959.330658164816,0.9964229611550831,-1.4057433693345896e-21
822300,0.0,2.5752623525305275e-42,9959.330658164807,0.9964229611550832,-1.405498712876146e-21
822360,0.0,2.5755808889699804e-42,9959.330658164796,0.9964229611550833,-1.4052539633552987e-21
822420,0.0,2.5758988097592724e-42,9959.330658164785,0.9964229611550833,-1.4050091207720475e-21
822480,0.0,2.5762161148984046e-42,9959.330658164774,0.9964229611550834,-1.4047641851263923e-21
822540,0.0,2.5765328043873777e-42,9959.330658164765,0.9964229611550836,-1.4045191564183335e-21
822600,0.0,2.5768488782261905e-42,9959.330658164754,0.9964229611550837,-1.4042740346478704e-21
822660,0.0,2.5771643364148432e-42,9959.330658164743,0.9964229611550838,-1.4040288198150036e-21
822720,0.0,2.577479178953337e-42,9959.330658164732,0.9964229611550839,-1.403783511919733e-21
822780,0.0,2.5777934058416698e-42,9959.330658164723,0.996422961155084,-1.4035381109620582e-21
822840,0.0,2.5781070170798434e-42,9959.330658164712,0.9964229611550841,-1.4032926169419798e-21
822900,0.0,2.5784200126678575e-42,9959.330658164701,0.9964229611550842,-1.4030470298594972e-21
822960,0.0,2.578732392605711e-42,9959.330658164692,0.9964229611550843,-1.4028013497146108e-21
823020,0.0,2.5790441568934048e-42,9959.330658164681,0.9964229611550844,-1.4025555765073206e-21
823080,0.0,2.5793553055309394e-42,9959.33065816467,0.9964229611550846,-1.402309710237626e-21
823140,0.0,2.5796658385183134e-42,9959.33065816466,0.9964229611550847,-1.4020637509055282e-21
823200,0.0,2.5799757558555276e-42,9959.33065816465,0.9964229611550848,-1.4018176985110262e-21
823260,0.0,2.5802850575425828e-42,9959.33065816464,0.9964229611550849,-1.4015715530541203e-21
823320,0.0,2.5805937435794776e-42,9959.330658164628,0.996422961155085,-1.4013253145348103e-21
823380,0.0,2.5809018139662124e-42,9959.330658164617,0.9964229611550851,-1.4010789829530963e-21
823440,0.0,2.581209268702788e-42,9959.330658164608,0.9964229611550852,-1.400832558308979e-21
823500,0.0,2.581516107789203e-42,9959.330658164597,0.9964229611550853,-1.4005860406024572e-21
823560,0.0,2.5818223312254583e-42,9959.330658164587,0.9964229611550854,-1.4003394298335316e-21
823620,0.0,2.5821279390115545e-42,9959.330658164576,0.9964229611550856,-1.4000927260022021e-21
823680,0.0,2.58243293114749e-42,9959.330658164567,0.9964229611550857,-1.3998459291084687e-21
823740,0.0,2.5827373076332657e-42,9959.330658164556,0.9964229611550858,-1.3995990391523316e-21
823800,0.0,2.5830410684688824e-42,9959.330658164545,0.9964229611550859,-1.3993520561337902e-21
823860,0.0,2.5833442136543384e-42,9959.330658164534,0.996422961155086,-1.3991049800528453e-21
823920,0.0,2.5836467431896347e-42,9959.330658164525,0.9964229611550861,-1.3988578109094964e-21
823980,0.0,2.583948657074772e-42,9959.330658164514,0.9964229611550862,-1.3986105487037434e-21
824040,0.0,2.5842499553097484e-42,9959.330658164503,0.9964229611550863,-1.3983631934355867e-21
824100,0.0,2.5845506378945652e-42,9959.330658164492,0.9964229611550864,-1.3981157451050258e-21
824160,0.0,2.584850704829223e-42,9959.330658164481,0.9964229611550866,-1.3978682037120611e-21
824220,0.0,2.58515015611372e-42,9959.330658164472,0.9964229611550867,-1.3976205692566924e-21
824280,0.0,2.5854489917480572e-42,9959.330658164461,0.9964229611550868,-1.39737284173892e-21
824340,0.0,2.5857472117322354e-42,9959.33065816445,0.9964229611550869,-1.3971250211587438e-21
824400,0.0,2.5860448160662526e-42,9959.33065816444,0.996422961155087,-1.3968771075161633e-21
824460,0.0,2.5863418047501107e-42,9959.33065816443,0.9964229611550871,-1.396629100811179e-21
824520,0.0,2.586638177783809e-42,9959.33065816442,0.9964229611550872,-1.396381001043791e-21
824580,0.0,2.5869339351673472e-42,9959.330658164408,0.9964229611550873,-1.3961328082139988e-21
824640,0.0,2.5872290769007255e-42,9959.330658164397,0.9964229611550874,-1.395884522321803e-21
824700,0.0,2.5875236029839447e-42,9959.330658164386,0.9964229611550875,-1.395636143367203e-21
824760,0.0,2.5878175134170032e-42,9959.330658164377,0.9964229611550877,-1.3953876713501993e-21
824820,0.0,2.5881108081999017e-42,9959.330658164366,0.9964229611550878,-1.3951391062707917e-21
824880,0.0,2.5884034873326414e-42,9959.330658164356,0.9964229611550879,-1.39489044812898e-21
824940,0.0,2.5886955508152208e-42,9959.330658164345,0.996422961155088,-1.3946416969247645e-21
825000,0.0,2.5889869986476398e-42,9959.330658164334,0.9964229611550881,-1.394392852658145e-21
825060,0.0,2.5892778308298997e-42,9959.330658164325,0.9964229611550882,-1.3941439153291218e-21
825120,0.0,2.5895680473619993e-42,9959.330658164314,0.9964229611550883,-1.3938948849376946e-21
825180,0.0,2.589857648243939e-42,9959.330658164303,0.9964229611550884,-1.393645761483863e-21
825240,0.0,2.59014663347572e-42,9959.330658164292,0.9964229611550885,-1.3933965449676281e-21
825300,0.0,2.59043500305734e-42,9959.330658164281,0.9964229611550887,-1.3931472353889892e-21
825360,0.0,2.5907227569888e-42,9959.330658164272,0.9964229611550888,-1.3928978327479464e-21
825420,0.0,2.5910098952701012e-42,9959.330658164261,0.9964229611550889,-1.3926483370444993e-21
825480,0.0,2.5912964179012417e-42,9959.33065816425,0.996422961155089,-1.3923987482786485e-21
825540,0.0,2.5915823248822223e-42,9959.33065816424,0.9964229611550891,-1.392149066450394e-21
825600,0.0,2.591867616213044e-42,9959.330658164228,0.9964229611550892,-1.3918992915597355e-21
825660,0.0,2.592152291893705e-42,9959.330658164217,0.9964229611550893,-1.3916494236066727e-21
825720,0.0,2.592436351924206e-42,9959.330658164208,0.9964229611550894,-1.3913994625912065e-21
825780,0.0,2.5927197963045484e-42,9959.330658164197,0.9964229611550895,-1.3911494085133362e-21
825840,0.0,2.5930026250347296e-42,9959.330658164186,0.9964229611550897,-1.390899261373062e-21
825900,0.0,2.5932848381147515e-42,9959.330658164175,0.9964229611550898,-1.3906490211703838e-21
825960,0.0,2.5935664355446142e-42,9959.330658164165,0.9964229611550899,-1.3903986879053018e-21
826020,0.0,2.593847417324316e-42,9959.330658164154,0.99642296115509,-1.390148261577816e-21
826080,0.0,2.5941277834538584e-42,9959.330658164145,0.9964229611550901,-1.389897742187926e-21
826140,0.0,2.5944075339332416e-42,9959.330658164134,0.9964229611550902,-1.3896471297356323e-21
826200,0.0,2.594686668762464e-42,9959.330658164123,0.9964229611550903,-1.3893964242209345e-21
826260,0.0,2.5949651879415265e-42,9959.330658164112,0.9964229611550904,-1.3891456256438329e-21
826320,0.0,2.5952430914704302e-42,9959.3306581641,0.9964229611550905,-1.3888947340043272e-21
826380,0.0,2.5955203793491733e-42,9959.33065816409,0.9964229611550907,-1.3886437493024178e-21
826440,0.0,2.5957970515777564e-42,9959.33065816408,0.9964229611550908,-1.3883926715381048e-21
826500,0.0,2.5960731081561804e-42,9959.33065816407,0.9964229611550909,-1.3881415007113873e-21
826560,0.0,2.5963485490844443e-42,9959.330658164059,0.996422961155091,-1.387890236822266e-21
826620,0.0,2.596623374362548e-42,9959.330658164048,0.9964229611550911,-1.387638879870741e-21
826680,0.0,2.5968975839904923e-42,9959.330658164037,0.9964229611550912,-1.387387429856812e-21
826740,0.0,2.597171177968276e-42,9959.330658164026,0.9964229611550913,-1.3871358867804791e-21
826800,0.0,2.5974441562959005e-42,9959.330658164015,0.9964229611550914,-1.386884250641742e-21
826860,0.0,2.5977165189733655e-42,9959.330658164006,0.9964229611550915,-1.3866325214406014e-21
826920,0.0,2.59798826600067e-42,9959.330658163995,0.9964229611550917,-1.386380699177057e-21
826980,0.0,2.5982593973778147e-42,9959.330658163984,0.9964229611550918,-1.3861287838511083e-21
827040,0.0,2.5985299131048005e-42,9959.330658163974,0.9964229611550919,-1.3858767754627558e-21
827100,0.0,2.5987998131816253e-42,9959.330658163963,0.996422961155092,-1.3856246740119993e-21
827160,0.0,2.5990690976082904e-42,9959.330658163952,0.9964229611550921,-1.3853724794988392e-21
827220,0.0,2.5993377663847964e-42,9959.33065816394,0.9964229611550922,-1.3851201919232751e-21
827280,0.0,2.599605819511142e-42,9959.33065816393,0.9964229611550923,-1.3848678112853068e-21
827340,0.0,2.5998732569873276e-42,9959.33065816392,0.9964229611550924,-1.384615337584935e-21
827400,0.0,2.600140078813354e-42,9959.33065816391,0.9964229611550925,-1.3843627708221588e-21
827460,0.0,2.6004062849892203e-42,9959.330658163899,0.9964229611550927,-1.384110110996979e-21
827520,0.0,2.6006718755149267e-42,9959.330658163888,0.9964229611550928,-1.383857358109395e-21
827580,0.0,2.6009368503904737e-42,9959.330658163877,0.9964229611550929,-1.3836045121594073e-21
827640,0.0,2.60120120961586e-42,9959.330658163866,0.996422961155093,-1.383351573147016e-21
827700,0.0,2.6014649531910866e-42,9959.330658163855,0.9964229611550931,-1.3830985410722205e-21
827760,0.0,2.601728081116154e-42,9959.330658163844,0.9964229611550932,-1.3828454159350208e-21
827820,0.0,2.6019905933910613e-42,9959.330658163834,0.9964229611550933,-1.3825921977354176e-21
827880,0.0,2.6022524900158084e-42,9959.330658163824,0.9964229611550934,-1.38233888647341e-21
827940,0.0,2.6025137709903964e-42,9959.330658163813,0.9964229611550935,-1.3820854821489991e-21
828000,0.0,2.602774436314824e-42,9959.330658163803,0.9964229611550937,-1.3818319847621838e-21
828060,0.0,2.6030344859890914e-42,9959.330658163792,0.9964229611550938,-1.381578394312965e-21
828120,0.0,2.6032939200132e-42,9959.33065816378,0.9964229611550939,-1.3813247108013421e-21
828180,0.0,2.603552738387148e-42,9959.33065816377,0.996422961155094,-1.3810709342273152e-21
828240,0.0,2.6038109411109362e-42,9959.330658163759,0.9964229611550941,-1.3808170645908846e-21
828300,0.0,2.6040685281845652e-42,9959.330658163748,0.9964229611550942,-1.3805631018920498e-21
828360,0.0,2.6043254996080336e-42,9959.330658163737,0.9964229611550943,-1.3803090461308113e-21
828420,0.0,2.6045818553813425e-42,9959.330658163726,0.9964229611550944,-1.3800548973071687e-21
828480,0.0,2.6048375955044918e-42,9959.330658163715,0.9964229611550945,-1.3798006554211221e-21
828540,0.0,2.605092719977481e-42,9959.330658163704,0.9964229611550947,-1.3795463204726723e-21
828600,0.0,2.6053472288003098e-42,9959.330658163695,0.9964229611550948,-1.379291892461818e-21
828660,0.0,2.60560112197298e-42,9959.330658163684,0.9964229611550949,-1.3790373713885596e-21
828720,0.0,2.6058543994954895e-42,9959.330658163673,0.996422961155095,-1.3787827572528978e-21
828780,0.0,2.606107061367839e-42,9959.330658163663,0.9964229611550951,-1.3785280500548316e-21
828840,0.0,2.6063591075900297e-42,9959.330658163652,0.9964229611550952,-1.3782732497943622e-21
828900,0.0,2.6066105381620596e-42,9959.33065816364,0.9964229611550953,-1.378018356471488e-21
828960,0.0,2.6068613530839297e-42,9959.33065816363,0.9964229611550954,-1.3777633700862104e-21
829020,0.0,2.6071115523556408e-42,9959.330658163619,0.9964229611550955,-1.377508290638529e-21
829080,0.0,2.6073611359771912e-42,9959.330658163608,0.9964229611550957,-1.3772531181284432e-21
829140,0.0,2.6076101039485818e-42,9959.330658163597,0.9964229611550958,-1.376997852555954e-21
829200,0.0,2.6078584562698134e-42,9959.330658163586,0.9964229611550959,-1.3767424939210605e-21
829260,0.0,2.6081061929408843e-42,9959.330658163575,0.996422961155096,-1.3764870422237633e-21
829320,0.0,2.6083533139617955e-42,9959.330658163564,0.9964229611550961,-1.3762314974640623e-21
829380,0.0,2.6085998193325475e-42,9959.330658163553,0.9964229611550962,-1.375975859641957e-21
829440,0.0,2.608845709053139e-42,9959.330658163542,0.9964229611550963,-1.3757201287574482e-21
829500,0.0,2.6090909831235703e-42,9959.330658163532,0.9964229611550964,-1.3754643048105351e-21
829560,0.0,2.609335641543843e-42,9959.330658163522,0.9964229611550965,-1.3752083878012183e-21
829620,0.0,2.609579684313955e-42,9959.330658163512,0.9964229611550967,-1.3749523777294975e-21
829680,0.0,2.609823111433907e-42,9959.3306581635,0.9964229611550968,-1.3746962745953728e-21
829740,0.0,2.6100659229037e-42,9959.33065816349,0.9964229611550969,-1.3744400783988445e-21
829800,0.0,2.6103081187233324e-42,9959.330658163479,0.996422961155097,-1.3741837891399119e-21
829860,0.0,2.610549698892805e-42,9959.330658163468,0.9964229611550972,-1.3739274068185754e-21
829920,0.0,2.6107906634121187e-42,9959.330658163457,0.9964229611550973,-1.3736709314348351e-21
829980,0.0,2.6110310122812713e-42,9959.330658163446,0.9964229611550974,-1.3734143629886909e-21
830040,0.0,2.6112707455002648e-42,9959.330658163435,0.9964229611550975,-1.3731577014801428e-21
830100,0.0,2.6115098630690986e-42,9959.330658163424,0.9964229611550977,-1.3729009469091907e-21
830160,0.0,2.611748364987772e-42,9959.330658163413,0.9964229611550978,-1.3726440992758348e-21
830220,0.0,2.6119862512562854e-42,9959.330658163402,0.9964229611550979,-1.3723871585800751e-21
830280,0.0,2.6122235218746404e-42,9959.330658163391,0.996422961155098,-1.372130124821911e-21
830340,0.0,2.612460176842834e-42,9959.33065816338,0.9964229611550981,-1.3718729980013435e-21
830400,0.0,2.6126962161608682e-42,9959.33065816337,0.9964229611550982,-1.3716157781183718e-21
830460,0.0,2.612931639828743e-42,9959.330658163359,0.9964229611550983,-1.3713584651729965e-21
830520,0.0,2.6131664478464577e-42,9959.330658163348,0.9964229611550984,-1.3711010591652168e-21
830580,0.0,2.613400640214012e-42,9959.330658163337,0.9964229611550985,-1.3708435600950333e-21
830640,0.0,2.6136342169314077e-42,9959.330658163326,0.9964229611550987,-1.3705859679624464e-21
830700,0.0,2.6138671779986424e-42,9959.330658163315,0.9964229611550988,-1.3703282827674552e-21
830760,0.0,2.6140995234157176e-42,9959.330658163304,0.9964229611550989,-1.37007050451006e-21
830820,0.0,2.6143312531826337e-42,9959.330658163293,0.996422961155099,-1.369812633190261e-21
830880,0.0,2.614562367299389e-42,9959.330658163282,0.9964229611550991,-1.369554668808058e-21
830940,0.0,2.6147928657659846e-42,9959.330658163271,0.9964229611550992,-1.3692966113634515e-21
831000,0.0,2.6150227485824212e-42,9959.33065816326,0.9964229611550993,-1.3690384608564404e-21
831060,0.0,2.615252015748697e-42,9959.33065816325,0.9964229611550994,-1.3687802172870258e-21
831120,0.0,2.615480667264813e-42,9959.330658163239,0.9964229611550995,-1.3685218806552075e-21
831180,0.0,2.61570870313077e-42,9959.330658163228,0.9964229611550997,-1.368263450960985e-21
831240,0.0,2.6159361233465664e-42,9959.330658163217,0.9964229611550998,-1.3680049282043586e-21
831300,0.0,2.616162927912203e-42,9959.330658163206,0.9964229611550999,-1.3677463123853282e-21
831360,0.0,2.6163891168276805e-42,9959.330658163195,0.9964229611551,-1.367487603503894e-21
831420,0.0,2.6166146900929974e-42,9959.330658163184,0.9964229611551001,-1.367228801560056e-21
831480,0.0,2.6168396477081544e-42,9959.330658163173,0.9964229611551002,-1.3669699065538139e-21
831540,0.0,2.6170639896731525e-42,9959.330658163162,0.9964229611551003,-1.366710918485168e-21
831600,0.0,2.6172877159879897e-42,9959.330658163151,0.9964229611551004,-1.3664518373541181e-21
831660,0.0,2.617510826652667e-42,9959.33065816314,0.9964229611551005,-1.3661926631606643e-21
831720,0.0,2.6177333216671858e-42,9959.33065816313,0.9964229611551007,-1.3659333959048065e-21
831780,0.0,2.6179552010315438e-42,9959.330658163119,0.9964229611551008,-1.3656740355865447e-21
831840,0.0,2.6181764647457417e-42,9959.330658163108,0.9964229611551009,-1.3654145822058797e-21
831900,0.0,2.618397112809781e-42,9959.330658163097,0.996422961155101,-1.3651550357628097e-21
831960,0.0,2.618617145223659e-42,9959.330658163086,0.9964229611551011,-1.3648953962573365e-21
832020,0.0,2.6188365619873775e-42,9959.330658163075,0.9964229611551013,-1.3646356636894595e-21
832080,0.0,2.6190553631009372e-42,9959.330658163062,0.9964229611551014,-1.3643758380591783e-21
832140,0.0,2.6192735485643362e-42,9959.330658163051,0.9964229611551015,-1.364115919366493e-21
832200,0.0,2.619491118377575e-42,9959.33065816304,0.9964229611551016,-1.363855907611404e-21
832260,0.0,2.619708072540655e-42,9959.33065816303,0.9964229611551018,-1.3635958027939112e-21
832320,0.0,2.6199244110535742e-42,9959.330658163019,0.9964229611551019,-1.3633356049140146e-21
832380,0.0,2.620140133916334e-42,9959.330658163008,0.996422961155102,-1.3630753139717137e-21
832440,0.0,2.6203552411289343e-42,9959.330658162997,0.9964229611551021,-1.3628149299670091e-21
832500,0.0,2.6205697326913743e-42,9959.330658162986,0.9964229611551022,-1.3625544528999005e-21
832560,0.0,2.6207836086036543e-42,9959.330658162975,0.9964229611551023,-1.3622938827703882e-21
832620,0.0,2.6209968688657752e-42,9959.330658162964,0.9964229611551024,-1.3620332195784716e-21
832680,0.0,2.6212095134777357e-42,9959.330658162953,0.9964229611551025,-1.3617724633241513e-21
832740,0.0,2.6214215424395362e-42,9959.330658162942,0.9964229611551026,-1.3615116140074272e-21
832800,0.0,2.6216329557511776e-42,9959.330658162931,0.9964229611551028,-1.3612506716282992e-21
832860,0.0,2.6218437534126586e-42,9959.33065816292,0.9964229611551029,-1.3609896361867671e-21
832920,0.0,2.6220539354239796e-42,9959.33065816291,0.996422961155103,-1.360728507682831e-21
832980,0.0,2.622263501785141e-42,9959.330658162899,0.9964229611551031,-1.3604672861164912e-21
833040,0.0,2.6224724524961427e-42,9959.330658162888,0.9964229611551032,-1.3602059714877477e-21
833100,0.0,2.6226807875569842e-42,9959.330658162875,0.9964229611551033,-1.3599445637965996e-21
833160,0.0,2.6228885069676666e-42,9959.330658162864,0.9964229611551034,-1.3596830630430481e-21
833220,0.0,2.6230956107281886e-42,9959.330658162853,0.9964229611551035,-1.3594214692270926e-21
833280,0.0,2.6233020988385506e-42,9959.330658162842,0.9964229611551036,-1.3591597823487331e-21
833340,0.0,2.6235079712987535e-42,9959.330658162831,0.9964229611551038,-1.3588980024079698e-21
833400,0.0,2.6237132281087957e-42,9959.33065816282,0.9964229611551039,-1.3586361294048025e-21
833460,0.0,2.6239178692686783e-42,9959.33065816281,0.996422961155104,-1.3583741633392314e-21
833520,0.0,2.6241218947784017e-42,9959.330658162798,0.9964229611551041,-1.3581121042112565e-21
833580,0.0,2.6243253046379647e-42,9959.330658162788,0.9964229611551043,-1.3578499520208774e-21
833640,0.0,2.6245280988473677e-42,9959.330658162777,0.9964229611551044,-1.3575877067680946e-21
833700,0.0,2.6247302774066113e-42,9959.330658162766,0.9964229611551045,-1.3573253684529077e-21
833760,0.0,2.624931840315695e-42,9959.330658162753,0.9964229611551046,-1.357062937075317e-21
833820,0.0,2.6251327875746184e-42,9959.330658162742,0.9964229611551048,-1.3568004126353223e-21
833880,0.0,2.6253331191833828e-42,9959.330658162731,0.9964229611551049,-1.3565377951329235e-21
833940,0.0,2.6255328351419866e-42,9959.33065816272,0.996422961155105,-1.3562750845681214e-21
834000,0.0,2.6257319354504306e-42,9959.33065816271,0.9964229611551051,-1.3560122809409146e-21
834060,0.0,2.6259304201087155e-42,9959.330658162698,0.9964229611551052,-1.3557493842513045e-21
834120,0.0,2.6261282891168398e-42,9959.330658162688,0.9964229611551053,-1.3554863944992903e-21
834180,0.0,2.6263255424748043e-42,9959.330658162677,0.9964229611551054,-1.3552233116848722e-21
834240,0.0,2.626522180182609e-42,9959.330658162666,0.9964229611551055,-1.3549601358080502e-21
834300,0.0,2.6267182022402545e-42,9959.330658162655,0.9964229611551056,-1.354696866868824e-21
834360,0.0,2.6269136086477396e-42,9959.330658162642,0.9964229611551058,-1.3544335048671945e-21
834420,0.0,2.6271083994050655e-42,9959.330658162631,0.9964229611551059,-1.3541700498031607e-21
834480,0.0,2.6273025745122308e-42,9959.33065816262,0.996422961155106,-1.353906501676723e-21
834540,0.0,2.6274961339692363e-42,9959.33065816261,0.9964229611551061,-1.3536428604878813e-21
834600,0.0,2.6276890777760828e-42,9959.330658162598,0.9964229611551062,-1.3533791262366358e-21
834660,0.0,2.6278814059327686e-42,9959.330658162587,0.9964229611551063,-1.3531152989229866e-21
834720,0.0,2.6280731184392946e-42,9959.330658162577,0.9964229611551064,-1.352851378546933e-21
834780,0.0,2.6282642152956606e-42,9959.330658162564,0.9964229611551065,-1.3525873651084758e-21
834840,0.0,2.6284546965018675e-42,9959.330658162553,0.9964229611551066,-1.3523232586076148e-21
834900,0.0,2.628644562057914e-42,9959.330658162542,0.9964229611551069,-1.3520590590443496e-21
834960,0.0,2.628833811963801e-42,9959.330658162531,0.996422961155107,-1.3517947664186807e-21
835020,0.0,2.6290224462195283e-42,9959.33065816252,0.9964229611551071,-1.3515303807306077e-21
835080,0.0,2.6292104648250954e-42,9959.33065816251,0.9964229611551072,-1.3512659019801307e-21
835140,0.0,2.629397867780503e-42,9959.330658162498,0.9964229611551073,-1.3510013301672503e-21
835200,0.0,2.6295846550857507e-42,9959.330658162487,0.9964229611551074,-1.3507366652919653e-21
835260,0.0,2.629770826740838e-42,9959.330658162475,0.9964229611551075,-1.3504719073542768e-21
835320,0.0,2.6299563827457664e-42,9959.330658162464,0.9964229611551076,-1.3502070563541846e-21
835380,0.0,2.6301413231005342e-42,9959.330658162453,0.9964229611551078,-1.3499421122916882e-21
835440,0.0,2.6303256478051423e-42,9959.330658162442,0.9964229611551079,-1.349677075166788e-21
835500,0.0,2.6305093568595903e-42,9959.330658162431,0.996422961155108,-1.3494119449794835e-21
835560,0.0,2.6306924502638793e-42,9959.33065816242,0.9964229611551081,-1.3491467217297756e-21
835620,0.0,2.630874928018008e-42,9959.330658162407,0.9964229611551082,-1.3488814054176636e-21
835680,0.0,2.6310567901219764e-42,9959.330658162397,0.9964229611551083,-1.3486159960431475e-21
835740,0.0,2.631238036575786e-42,9959.330658162386,0.9964229611551084,-1.3483504936062278e-21
835800,0.0,2.631418667379435e-42,9959.330658162375,0.9964229611551085,-1.348084898106904e-21
835860,0.0,2.631598682532924e-42,9959.330658162364,0.9964229611551086,-1.3478192095451763e-21
835920,0.0,2.631778082036254e-42,9959.330658162353,0.9964229611551088,-1.3475534279210446e-21
835980,0.0,2.6319568658894236e-42,9959.33065816234,0.996422961155109,-1.347287553234509e-21
836040,0.0,2.6321350340924337e-42,9959.33065816233,0.9964229611551091,-1.3470215854855699e-21
836100,0.0,2.632312586645284e-42,9959.330658162318,0.9964229611551092,-1.3467555246742262e-21
836160,0.0,2.6324895235479737e-42,9959.330658162307,0.9964229611551093,-1.346489370800479e-21
836220,0.0,2.6326658448005037e-42,9959.330658162296,0.9964229611551094,-1.346223123864328e-21
836280,0.0,2.6328415504028747e-42,9959.330658162284,0.9964229611551095,-1.3459567838657729e-21
836340,0.0,2.6330166403550853e-42,9959.330658162273,0.9964229611551096,-1.3456903508048138e-21
836400,0.0,2.633191114657136e-42,9959.330658162262,0.9964229611551098,-1.3454238246814509e-21
836460,0.0,2.6333649733090274e-42,9959.330658162251,0.9964229611551099,-1.3451572054956842e-21
836520,0.0,2.6335382163107582e-42,9959.33065816224,0.99642296115511,-1.3448904932475135e-21
836580,0.0,2.6337108436623296e-42,9959.33065816223,0.9964229611551101,-1.3446236879369387e-21
836640,0.0,2.6338828553637416e-42,9959.330658162216,0.9964229611551102,-1.3443567895639602e-21
836700,0.0,2.634054251414993e-42,9959.330658162206,0.9964229611551103,-1.3440897981285777e-21
836760,0.0,2.634225031816085e-42,9959.330658162195,0.9964229611551104,-1.3438227136307915e-21
836820,0.0,2.634395196567017e-42,9959.330658162184,0.9964229611551105,-1.343555536070601e-21
836880,0.0,2.6345647456677887e-42,9959.330658162173,0.9964229611551106,-1.3432882654480069e-21
836940,0.0,2.6347336791184008e-42,9959.33065816216,0.9964229611551108,-1.343020901763009e-21
837000,0.0,2.6349019969188538e-42,9959.33065816215,0.996422961155111,-1.3427534450156068e-21
837060,0.0,2.6350696990691465e-42,9959.330658162138,0.9964229611551111,-1.3424858952058008e-21
837120,0.0,2.635236785569279e-42,9959.330658162127,0.9964229611551112,-1.3422182523335909e-21
837180,0.0,2.6354032564192526e-42,9959.330658162115,0.9964229611551113,-1.3419505163989771e-21
837240,0.0,2.6355691116190654e-42,9959.330658162104,0.9964229611551114,-1.3416826874019597e-21
837300,0.0,2.6357343511687185e-42,9959.330658162093,0.9964229611551115,-1.3414147653425378e-21
837360,0.0,2.6358989750682125e-42,9959.330658162082,0.9964229611551116,-1.3411467502207124e-21
837420,0.0,2.636062983317546e-42,9959.33065816207,0.9964229611551118,-1.340878642036483e-21
837480,0.0,2.63622637591672e-42,9959.330658162058,0.9964229611551119,-1.3406104407898497e-21
837540,0.0,2.636389152865734e-42,9959.330658162047,0.996422961155112,-1.3403421464808125e-21
837600,0.0,2.6365513141645878e-42,9959.330658162036,0.9964229611551121,-1.3400737591093713e-21
837660,0.0,2.636712859813282e-42,9959.330658162025,0.9964229611551122,-1.3398052786755263e-21
837720,0.0,2.636873789811817e-42,9959.330658162013,0.9964229611551123,-1.3395367051792773e-21
837780,0.0,2.6370341041601913e-42,9959.330658162002,0.9964229611551124,-1.3392680386206243e-21
837840,0.0,2.637193802858406e-42,9959.33065816199,0.9964229611551125,-1.3389992789995677e-21
837900,0.0,2.6373528859064615e-42,9959.33065816198,0.9964229611551128,-1.3387304263161069e-21
837960,0.0,2.6375113533043563e-42,9959.330658161969,0.9964229611551129,-1.3384614805702423e-21
838020,0.0,2.6376692050520915e-42,9959.330658161956,0.996422961155113,-1.3381924417619735e-21
838080,0.0,2.6378264411496675e-42,9959.330658161945,0.9964229611551131,-1.337923309891301e-21
838140,0.0,2.637983061597083e-42,9959.330658161934,0.9964229611551132,-1.337654084958225e-21
838200,0.0,2.6381390663943385e-42,9959.330658161924,0.9964229611551133,-1.3373847669627442e-21
838260,0.0,2.638294455541435e-42,9959.33065816191,0.9964229611551134,-1.3371153559048602e-21
838320,0.0,2.638449229038371e-42,9959.3306581619,0.9964229611551135,-1.3368458517845721e-21
838380,0.0,2.6386033868851467e-42,9959.330658161889,0.9964229611551136,-1.33657625460188e-21
838440,0.0,2.6387569290817638e-42,9959.330658161878,0.9964229611551138,-1.3363065643567842e-21
838500,0.0,2.6389098556282202e-42,9959.330658161865,0.9964229611551139,-1.3360367810492842e-21
838560,0.0,2.6390621665245168e-42,9959.330658161854,0.996422961155114,-1.3357669046793805e-21
838620,0.0,2.639213861770654e-42,9959.330658161844,0.9964229611551141,-1.335496935247073e-21
838680,0.0,2.6393649413666313e-42,9959.33065816183,0.9964229611551142,-1.3352268727523612e-21
838740,0.0,2.639515405312448e-42,9959.33065816182,0.9964229611551144,-1.334956717195246e-21
838800,0.0,2.6396652536081062e-42,9959.330658161809,0.9964229611551145,-1.3346864685757263e-21
838860,0.0,2.6398144862536036e-42,9959.330658161798,0.9964229611551146,-1.3344161268938032e-21
838920,0.0,2.6399631032489412e-42,9959.330658161785,0.9964229611551148,-1.3341456921494757e-21
838980,0.0,2.6401111045941195e-42,9959.330658161774,0.9964229611551149,-1.3338751643427446e-21
839040,0.0,2.6402584902891374e-42,9959.330658161763,0.996422961155115,-1.3336045434736098e-21
839100,0.0,2.6404052603339955e-42,9959.330658161753,0.9964229611551151,-1.3333338295420707e-21
839160,0.0,2.6405514147286943e-42,9959.33065816174,0.9964229611551152,-1.3330630225481278e-21
839220,0.0,2.6406969534732327e-42,9959.330658161729,0.9964229611551153,-1.3327921224917809e-21
839280,0.0,2.6408418765676114e-42,9959.330658161718,0.9964229611551154,-1.3325211293730302e-21
839340,0.0,2.6409861840118307e-42,9959.330658161705,0.9964229611551155,-1.3322500431918759e-21
839400,0.0,2.6411298758058896e-42,9959.330658161694,0.9964229611551156,-1.3319788639483168e-21
839460,0.0,2.6412729519497887e-42,9959.330658161683,0.9964229611551157,-1.3317075916423545e-21
839520,0.0,2.6414154124435285e-42,9959.330658161673,0.9964229611551159,-1.3314362262739883e-21
839580,0.0,2.641557257287108e-42,9959.33065816166,0.9964229611551161,-1.3311647678432178e-21
839640,0.0,2.6416984864805276e-42,9959.330658161649,0.9964229611551162,-1.3308932163500437e-21
839700,0.0,2.641839100023788e-42,9959.330658161638,0.9964229611551163,-1.3306215717944656e-21
839760,0.0,2.6419790979168878e-42,9959.330658161625,0.9964229611551164,-1.3303498341764836e-21
839820,0.0,2.642118480159828e-42,9959.330658161614,0.9964229611551165,-1.3300780034960975e-21
839880,0.0,2.6422572467526088e-42,9959.330658161603,0.9964229611551166,-1.3298060797533077e-21
839940,0.0,2.6423953976952293e-42,9959.33065816159,0.9964229611551167,-1.3295340629481142e-21
840000,0.0,2.6425329329876896e-42,9959.33065816158,0.9964229611551169,-1.3292619530805163e-21
840060,0.0,2.6426698526299913e-42,9959.330658161569,0.996422961155117,-1.3289897501505147e-21
840120,0.0,2.6428061566221322e-42,9959.330658161556,0.9964229611551171,-1.3287174541581091e-21
840180,0.0,2.642941844964113e-42,9959.330658161545,0.9964229611551172,-1.3284450651033e-21
840240,0.0,2.643076917655935e-42,9959.330658161534,0.9964229611551173,-1.3281725829860866e-21
840300,0.0,2.6432113746975963e-42,9959.330658161523,0.9964229611551175,-1.327900007806469e-21
840360,0.0,2.6433452160890977e-42,9959.33065816151,0.9964229611551176,-1.3276273395644483e-21
840420,0.0,2.6434784418304404e-42,9959.3306581615,0.9964229611551177,-1.327354578260023e-21
840480,0.0,2.643611051921622e-42,9959.330658161489,0.9964229611551179,-1.327081723893194e-21
840540,0.0,2.6437430463626442e-42,9959.330658161476,0.996422961155118,-1.3268087764639611e-21
840600,0.0,2.643874425153507e-42,9959.330658161465,0.9964229611551181,-1.3265357359723243e-21
840660,0.0,2.6440051882942095e-42,9959.330658161454,0.9964229611551182,-1.3262626024182837e-21
840720,0.0,2.644135335784752e-42,9959.330658161442,0.9964229611551183,-1.3259893758018391e-21
840780,0.0,2.6442648676251352e-42,9959.33065816143,0.9964229611551184,-1.3257160561229903e-21
840840,0.0,2.6443937838153582e-42,9959.33065816142,0.9964229611551185,-1.3254426433817381e-21
840900,0.0,2.644522084355421e-42,9959.330658161407,0.9964229611551186,-1.3251691375780815e-21
840960,0.0,2.644649769245325e-42,9959.330658161396,0.9964229611551187,-1.3248955387120215e-21
841020,0.0,2.6447768384850684e-42,9959.330658161385,0.996422961155119,-1.324621846783557e-21
841080,0.0,2.644903292074652e-42,9959.330658161372,0.9964229611551191,-1.324348061792689e-21
841140,0.0,2.6450291300140762e-42,9959.330658161361,0.9964229611551192,-1.3240741837394172e-21
841200,0.0,2.64515435230334e-42,9959.330658161349,0.9964229611551193,-1.3238002126237412e-21
841260,0.0,2.6452789589424444e-42,9959.330658161338,0.9964229611551194,-1.3235261484456614e-21
841320,0.0,2.645402949931389e-42,9959.330658161327,0.9964229611551195,-1.3232519912051775e-21
841380,0.0,2.6455263252701734e-42,9959.330658161314,0.9964229611551196,-1.3229777409022897e-21
841440,0.0,2.6456490849587982e-42,9959.330658161303,0.9964229611551197,-1.3227033975369984e-21
841500,0.0,2.6457712289972632e-42,9959.330658161292,0.9964229611551199,-1.3224289611093026e-21
841560,0.0,2.6458927573855682e-42,9959.33065816128,0.99642296115512,-1.3221544316192033e-21
841620,0.0,2.6460136701237135e-42,9959.330658161269,0.9964229611551201,-1.3218798090667e-21
841680,0.0,2.646133967211699e-42,9959.330658161258,0.9964229611551202,-1.3216050934517928e-21
841740,0.0,2.6462536486495242e-42,9959.330658161245,0.9964229611551204,-1.3213302847744815e-21
841800,0.0,2.64637271443719e-42,9959.330658161234,0.9964229611551205,-1.3210553830347665e-21
841860,0.0,2.646491164574696e-42,9959.330658161221,0.9964229611551206,-1.3207803882326476e-21
841920,0.0,2.646608999062042e-42,9959.33065816121,0.9964229611551207,-1.3205053003681245e-21
841980,0.0,2.6467262178992283e-42,9959.3306581612,0.9964229611551209,-1.3202301194411978e-21
842040,0.0,2.6468428210862548e-42,9959.330658161187,0.996422961155121,-1.3199548454518673e-21
842100,0.0,2.646958808623121e-42,9959.330658161176,0.9964229611551211,-1.3196794784001325e-21
842160,0.0,2.647074180509828e-42,9959.330658161165,0.9964229611551212,-1.319404018285994e-21
842220,0.0,2.647188936746375e-42,9959.330658161152,0.9964229611551213,-1.3191284651094515e-21
842280,0.0,2.647303077332762e-42,9959.330658161141,0.9964229611551214,-1.3188528188705052e-21
842340,0.0,2.6474166022689892e-42,9959.330658161129,0.9964229611551216,-1.318577079569155e-21
842400,0.0,2.6475295115550564e-42,9959.330658161118,0.9964229611551217,-1.3183012472054005e-21
842460,0.0,2.647641805190964e-42,9959.330658161107,0.9964229611551219,-1.3180253217792426e-21
842520,0.0,2.6477534831767118e-42,9959.330658161094,0.996422961155122,-1.3177493032906805e-21
842580,0.0,2.6478645455122998e-42,9959.330658161083,0.9964229611551221,-1.3174731917397146e-21
842640,0.0,2.6479749921977275e-42,9959.33065816107,0.9964229611551222,-1.3171969871263449e-21
842700,0.0,2.648084823232996e-42,9959.33065816106,0.9964229611551223,-1.316920689450571e-21
842760,0.0,2.6481940386181044e-42,9959.330658161049,0.9964229611551224,-1.3166442987123934e-21
842820,0.0,2.6483026383530526e-42,9959.330658161036,0.9964229611551225,-1.3163678149118118e-21
842880,0.0,2.6484106224378415e-42,9959.330658161025,0.9964229611551226,-1.3160912380488263e-21
842940,0.0,2.6485179908724705e-42,9959.330658161012,0.9964229611551227,-1.315814568123437e-21
843000,0.0,2.6486247436569393e-42,9959.330658161001,0.996422961155123,-1.3155378051356436e-21
843060,0.0,2.6487308807912486e-42,9959.33065816099,0.9964229611551231,-1.3152609490854464e-21
843120,0.0,2.648836402275398e-42,9959.330658160978,0.9964229611551232,-1.314983999972845e-21
843180,0.0,2.6489413081093874e-42,9959.330658160967,0.9964229611551233,-1.3147069577978401e-21
843240,0.0,2.6490455982932172e-42,9959.330658160954,0.9964229611551234,-1.3144298225604313e-21
843300,0.0,2.649149272826887e-42,9959.330658160943,0.9964229611551235,-1.3141525942606184e-21
843360,0.0,2.649252331710397e-42,9959.330658160932,0.9964229611551236,-1.3138752728984016e-21
843420,0.0,2.6493547749437474e-42,9959.33065816092,0.9964229611551237,-1.3135978584737806e-21
843480,0.0,2.6494566025269377e-42,9959.330658160909,0.9964229611551239,-1.313320350986756e-21
843540,0.0,2.649557814459968e-42,9959.330658160896,0.996422961155124,-1.3130427504373278e-21
843600,0.0,2.6496584107428388e-42,9959.330658160885,0.9964229611551242,-1.3127650568254949e-21
843660,0.0,2.64975839137555e-42,9959.330658160872,0.9964229611551243,-1.3124872701512587e-21
843720,0.0,2.6498577563581007e-42,9959.330658160861,0.9964229611551244,-1.3122093904146185e-21
843780,0.0,2.649956505690492e-42,9959.330658160849,0.9964229611551245,-1.3119314176155743e-21
843840,0.0,2.650054639372723e-42,9959.330658160838,0.9964229611551246,-1.3116533517541262e-21
843900,0.0,2.6501521574047946e-42,9959.330658160827,0.9964229611551247,-1.311375192830274e-21
843960,0.0,2.6502490597867064e-42,9959.330658160814,0.9964229611551249,-1.3110969408440182e-21
844020,0.0,2.6503453465184582e-42,9959.330658160803,0.996422961155125,-1.3108185957953582e-21
844080,0.0,2.6504410176000503e-42,9959.33065816079,0.9964229611551251,-1.3105401576842946e-21
844140,0.0,2.6505360730314824e-42,9959.33065816078,0.9964229611551252,-1.310261626510827e-21
844200,0.0,2.650630512812755e-42,9959.330658160767,0.9964229611551254,-1.3099830022749553e-21
844260,0.0,2.6507243369438673e-42,9959.330658160756,0.9964229611551255,-1.3097042849766799e-21
844320,0.0,2.65081754542482e-42,9959.330658160743,0.9964229611551256,-1.3094254746160004e-21
844380,0.0,2.650910138255613e-42,9959.330658160732,0.9964229611551257,-1.3091465711929172e-21
844440,0.0,2.6510021154362457e-42,9959.330658160721,0.9964229611551259,-1.3088675747074301e-21
844500,0.0,2.651093476966719e-42,9959.330658160708,0.996422961155126,-1.3085884851595385e-21
844560,0.0,2.651184222847032e-42,9959.330658160698,0.9964229611551261,-1.3083093025492438e-21
844620,0.0,2.6512743530771857e-42,9959.330658160685,0.9964229611551262,-1.3080300268765448e-21
844680,0.0,2.6513638676571793e-42,9959.330658160674,0.9964229611551263,-1.3077506581414417e-21
844740,0.0,2.651452766587013e-42,9959.330658160661,0.9964229611551265,-1.307471196343935e-21
844800,0.0,2.6515410498666873e-42,9959.33065816065,0.9964229611551266,-1.3071916414840242e-21
844860,0.0,2.6516287174962013e-42,9959.330658160638,0.9964229611551267,-1.3069119935617097e-21
844920,0.0,2.651715769475556e-42,9959.330658160627,0.9964229611551269,-1.3066322525769912e-21
844980,0.0,2.6518022058047503e-42,9959.330658160614,0.996422961155127,-1.3063524185298687e-21
845040,0.0,2.651888026483785e-42,9959.330658160603,0.9964229611551271,-1.3060724914203424e-21
845100,0.0,2.6519732315126594e-42,9959.33065816059,0.9964229611551272,-1.3057924712484121e-21
845160,0.0,2.6520578208913745e-42,9959.33065816058,0.9964229611551273,-1.305512358014078e-21
845220,0.0,2.65214179461993e-42,9959.330658160567,0.9964229611551274,-1.3052321517173397e-21
845280,0.0,2.652225152698325e-42,9959.330658160556,0.9964229611551276,-1.3049518523581978e-21
845340,0.0,2.6523078951265606e-42,9959.330658160543,0.9964229611551277,-1.304671459936652e-21
845400,0.0,2.6523900219046362e-42,9959.330658160532,0.9964229611551279,-1.304390974452702e-21
845460,0.0,2.652471533032552e-42,9959.33065816052,0.996422961155128,-1.3041103959063483e-21
845520,0.0,2.652552428510308e-42,9959.330658160508,0.9964229611551281,-1.3038297242975906e-21
845580,0.0,2.6526327083379043e-42,9959.330658160496,0.9964229611551282,-1.303548959626429e-21
845640,0.0,2.6527123725153407e-42,9959.330658160485,0.9964229611551283,-1.3032681018928637e-21
845700,0.0,2.652791421042617e-42,9959.330658160472,0.9964229611551284,-1.302987151096894e-21
845760,0.0,2.6528698539197336e-42,9959.330658160461,0.9964229611551285,-1.3027061072385208e-21
845820,0.0,2.65294767114669e-42,9959.330658160448,0.9964229611551287,-1.3024249703177437e-21
845880,0.0,2.6530248727234873e-42,9959.330658160437,0.9964229611551289,-1.3021437403345624e-21
845940,0.0,2.6531014586501244e-42,9959.330658160425,0.996422961155129,-1.3018624172889774e-21
846000,0.0,2.6531774289266015e-42,9959.330658160414,0.9964229611551291,-1.3015810011809883e-21
846060,0.0,2.653252783552919e-42,9959.330658160401,0.9964229611551292,-1.3012994920105955e-21
846120,0.0,2.653327522529077e-42,9959.33065816039,0.9964229611551293,-1.3010178897777985e-21
846180,0.0,2.6534016458550746e-42,9959.330658160377,0.9964229611551294,-1.300736194482598e-21
846240,0.0,2.6534751535309125e-42,9959.330658160367,0.9964229611551295,-1.3004544061249934e-21
846300,0.0,2.6535480455565906e-42,9959.330658160354,0.9964229611551296,-1.3001725247049848e-21
846360,0.0,2.653620321932109e-42,9959.330658160343,0.9964229611551298,-1.2998905502225724e-21
846420,0.0,2.6536919826574674e-42,9959.33065816033,0.99642296115513,-1.299608482677756e-21
846480,0.0,2.653763027732666e-42,9959.33065816032,0.9964229611551301,-1.2993263220705359e-21
846540,0.0,2.6538334571577046e-42,9959.330658160306,0.9964229611551302,-1.2990440684009117e-21
846600,0.0,2.6539032709325838e-42,9959.330658160296,0.9964229611551303,-1.2987617216688835e-21
846660,0.0,2.653972469057303e-42,9959.330658160283,0.9964229611551304,-1.2984792818744513e-21
846720,0.0,2.654041051531862e-42,9959.330658160272,0.9964229611551305,-1.2981967490176155e-21
846780,0.0,2.6541090183562617e-42,9959.33065816026,0.9964229611551306,-1.2979141230983759e-21
846840,0.0,2.6541763695305013e-42,9959.330658160246,0.9964229611551308,-1.2976314041167319e-21
846900,0.0,2.654243105054581e-42,9959.330658160236,0.996422961155131,-1.2973485920726843e-21
846960,0.0,2.6543092249285008e-42,9959.330658160223,0.9964229611551311,-1.2970656869662326e-21
847020,0.0,2.654374729152261e-42,9959.330658160212,0.9964229611551312,-1.2967826887973774e-21
847080,0.0,2.654439617725861e-42,9959.3306581602,0.9964229611551313,-1.2964995975661178e-21
847140,0.0,2.6545038906493018e-42,9959.330658160188,0.9964229611551314,-1.2962164132724546e-21
847200,0.0,2.6545675479225824e-42,9959.330658160176,0.9964229611551315,-1.2959331359163873e-21
847260,0.0,2.654630589545703e-42,9959.330658160165,0.9964229611551316,-1.2956497654979163e-21
847320,0.0,2.654693015518664e-42,9959.330658160152,0.9964229611551318,-1.295366302017041e-21
847380,0.0,2.654754825841465e-42,9959.33065816014,0.996422961155132,-1.2950827454737622e-21
847440,0.0,2.6548160205141062e-42,9959.330658160128,0.9964229611551321,-1.2947990958680793e-21
847500,0.0,2.654876599536588e-42,9959.330658160115,0.9964229611551322,-1.2945153531999925e-21
847560,0.0,2.6549365629089096e-42,9959.330658160105,0.9964229611551323,-1.2942315174695018e-21
847620,0.0,2.654995910631071e-42,9959.330658160092,0.9964229611551324,-1.2939475886766072e-21
847680,0.0,2.655054642703073e-42,9959.330658160081,0.9964229611551325,-1.2936635668213087e-21
847740,0.0,2.6551127591249153e-42,9959.330658160068,0.9964229611551326,-1.2933794519036064e-21
847800,0.0,2.6551702598965974e-42,9959.330658160057,0.9964229611551327,-1.2930952439234996e-21
847860,0.0,2.65522714501812e-42,9959.330658160045,0.996422961155133,-1.2928109428809895e-21
847920,0.0,2.6552834144894825e-42,9959.330658160032,0.9964229611551331,-1.2925265487760754e-21
847980,0.0,2.6553390683106852e-42,9959.33065816002,0.9964229611551332,-1.2922420616087571e-21
848040,0.0,2.655394106481728e-42,9959.330658160008,0.9964229611551333,-1.2919574813790352e-21
848100,0.0,2.6554485290026113e-42,9959.330658159997,0.9964229611551334,-1.2916728080869093e-21
848160,0.0,2.6555023358733344e-42,9959.330658159985,0.9964229611551335,-1.2913880417323794e-21
848220,0.0,2.655555527093898e-42,9959.330658159972,0.9964229611551336,-1.2911031823154455e-21
848280,0.0,2.6556081026643016e-42,9959.33065815996,0.9964229611551338,-1.290818229836108e-21
848340,0.0,2.655660062584545e-42,9959.330658159948,0.996422961155134,-1.2905331842943665e-21
848400,0.0,2.655711406854629e-42,9959.330658159937,0.9964229611551341,-1.290248045690221e-21
848460,0.0,2.6557621354745533e-42,9959.330658159924,0.9964229611551342,-1.2899628140236717e-21
848520,0.0,2.6558122484443172e-42,9959.330658159912,0.9964229611551343,-1.2896774892947181e-21
848580,0.0,2.6558617457639216e-42,9959.3306581599,0.9964229611551344,-1.2893920715033612e-21
848640,0.0,2.6559106274333663e-42,9959.330658159888,0.9964229611551345,-1.2891065606496e-21
848700,0.0,2.655958893452651e-42,9959.330658159877,0.9964229611551346,-1.288820956733435e-21
848760,0.0,2.656006543821776e-42,9959.330658159864,0.9964229611551348,-1.2885352597548658e-21
848820,0.0,2.6560535785407412e-42,9959.330658159852,0.996422961155135,-1.288249469713893e-21
848880,0.0,2.656099997609546e-42,9959.33065815984,0.9964229611551351,-1.2879635866105163e-21
848940,0.0,2.6561458010281918e-42,9959.330658159828,0.9964229611551352,-1.2876776104447356e-21
849000,0.0,2.6561909887966772e-42,9959.330658159817,0.9964229611551353,-1.2873915412165508e-21
849060,0.0,2.656235560915003e-42,9959.330658159804,0.9964229611551354,-1.2871053789259624e-21
849120,0.0,2.656279517383169e-42,9959.330658159792,0.9964229611551355,-1.28681912357297e-21
849180,0.0,2.656322858201175e-42,9959.33065815978,0.9964229611551356,-1.2865327751575735e-21
849240,0.0,2.656365583369021e-42,9959.330658159768,0.9964229611551358,-1.2862463336797733e-21
849300,0.0,2.6564076928867074e-42,9959.330658159757,0.996422961155136,-1.2859597991395692e-21
849360,0.0,2.656449186754234e-42,9959.330658159744,0.9964229611551361,-1.2856731715369612e-21
849420,0.0,2.6564900649716005e-42,9959.330658159732,0.9964229611551362,-1.285386450871949e-21
849480,0.0,2.6565303275388075e-42,9959.33065815972,0.9964229611551363,-1.2850996371445332e-21
849540,0.0,2.6565699744558547e-42,9959.330658159708,0.9964229611551364,-1.2848127303547134e-21
849600,0.0,2.6566090057227416e-42,9959.330658159695,0.9964229611551365,-1.2845257305024896e-21
849660,0.0,2.6566474213394694e-42,9959.330658159684,0.9964229611551367,-1.284238637587862e-21
849720,0.0,2.656685221306037e-42,9959.330658159672,0.9964229611551368,-1.2839514516108302e-21
849780,0.0,2.6567224056224442e-42,9959.330658159659,0.996422961155137,-1.283664172571395e-21
849840,0.0,2.6567589742886926e-42,9959.330658159648,0.9964229611551371,-1.2833768004695554e-21
849900,0.0,2.6567949273047805e-42,9959.330658159635,0.9964229611551372,-1.283089335305312e-21
849960,0.0,2.6568302646707084e-42,9959.330658159624,0.9964229611551373,-1.2828017770786648e-21
850020,0.0,2.656864986386477e-42,9959.330658159612,0.9964229611551374,-1.2825141257896137e-21
850080,0.0,2.6568990924520856e-42,9959.330658159599,0.9964229611551376,-1.2822263814381585e-21
850140,0.0,2.656932582867534e-42,9959.330658159588,0.9964229611551377,-1.2819385440242997e-21
850200,0.0,2.656965457632823e-42,9959.330658159575,0.9964229611551378,-1.2816506135480368e-21
850260,0.0,2.6569977167479523e-42,9959.330658159563,0.996422961155138,-1.2813625900093702e-21
850320,0.0,2.6570293602129212e-42,9959.330658159552,0.9964229611551381,-1.2810744734082992e-21
850380,0.0,2.6570603880277307e-42,9959.330658159539,0.9964229611551382,-1.2807862637448247e-21
850440,0.0,2.6570908001923802e-42,9959.330658159526,0.9964229611551383,-1.2804979610189462e-21
850500,0.0,2.6571205967068696e-42,9959.330658159515,0.9964229611551384,-1.2802095652306638e-21
850560,0.0,2.6571497775711996e-42,9959.330658159502,0.9964229611551386,-1.2799210763799775e-21
850620,0.0,2.65717834278537e-42,9959.33065815949,0.9964229611551387,-1.279632494466887e-21
850680,0.0,2.65720629234938e-42,9959.330658159479,0.9964229611551388,-1.279343819491393e-21
850740,0.0,2.6572336262632304e-42,9959.330658159466,0.996422961155139,-1.2790550514534951e-21
850800,0.0,2.6572603445269208e-42,9959.330658159453,0.9964229611551391,-1.2787661903531928e-21
850860,0.0,2.6572864471404513e-42,9959.330658159442,0.9964229611551392,-1.278477236190487e-21
850920,0.0,2.6573119341038223e-42,9959.33065815943,0.9964229611551393,-1.278188188965377e-21
850980,0.0,2.6573368054170333e-42,9959.330658159417,0.9964229611551395,-1.2778990486778636e-21
851040,0.0,2.6573610610800845e-42,9959.330658159406,0.9964229611551396,-1.2776098153279457e-21
851100,0.0,2.6573847010929757e-42,9959.330658159393,0.9964229611551397,-1.277320488915624e-21
851160,0.0,2.6574077254557076e-42,9959.33065815938,0.9964229611551398,-1.2770310694408987e-21
851220,0.0,2.657430134168279e-42,9959.330658159368,0.99642296115514,-1.2767415569037694e-21
851280,0.0,2.657451927230691e-42,9959.330658159357,0.9964229611551401,-1.2764519513042359e-21
851340,0.0,2.657473104642943e-42,9959.330658159344,0.9964229611551403,-1.2761622526422988e-21
851400,0.0,2.657493666405035e-42,9959.330658159332,0.9964229611551404,-1.2758724609179576e-21
851460,0.0,2.6575136125169672e-42,9959.33065815932,0.9964229611551405,-1.2755825761312127e-21
851520,0.0,2.65753294297874e-42,9959.330658159308,0.9964229611551406,-1.2752925982820636e-21
851580,0.0,2.6575516577903525e-42,9959.330658159295,0.9964229611551407,-1.2750025273705107e-21
851640,0.0,2.6575697569518052e-42,9959.330658159284,0.9964229611551408,-1.2747123633965541e-21
851700,0.0,2.6575872404630986e-42,9959.330658159271,0.996422961155141,-1.2744221063601932e-21
851760,0.0,2.6576041083242315e-42,9959.330658159259,0.9964229611551412,-1.2741317562614287e-21
851820,0.0,2.6576203605352048e-42,9959.330658159246,0.9964229611551413,-1.2738413131002601e-21
851880,0.0,2.6576359970960183e-42,9959.330658159235,0.9964229611551414,-1.2735507768766878e-21
851940,0.0,2.6576510180066717e-42,9959.330658159222,0.9964229611551415,-1.2732601475907112e-21
852000,0.0,2.6576654232671658e-42,9959.33065815921,0.9964229611551416,-1.272969425242331e-21
852060,0.0,2.6576792128774998e-42,9959.330658159199,0.9964229611551417,-1.2726786098315469e-21
852120,0.0,2.6576923868376738e-42,9959.330658159186,0.9964229611551418,-1.272387701358359e-21
852180,0.0,2.6577049451476884e-42,9959.330658159173,0.9964229611551421,-1.2720966998227668e-21
852240,0.0,2.657716887807543e-42,9959.33065815916,0.9964229611551422,-1.271805605224771e-21
852300,0.0,2.6577282148172374e-42,9959.33065815915,0.9964229611551423,-1.271514417564371e-21
852360,0.0,2.6577389261767722e-42,9959.330658159137,0.9964229611551424,-1.2712231368415674e-21
852420,0.0,2.6577490218861472e-42,9959.330658159124,0.9964229611551425,-1.2709317630563596e-21
852480,0.0,2.6577585019453622e-42,9959.330658159111,0.9964229611551426,-1.270640296208748e-21
852540,0.0,2.6577673663544178e-42,9959.3306581591,0.9964229611551427,-1.2703487362987326e-21
852600,0.0,2.6577756151133133e-42,9959.330658159088,0.996422961155143,-1.270057083326313e-21
852660,0.0,2.6577832482220485e-42,9959.330658159075,0.9964229611551431,-1.2697653372914898e-21
852720,0.0,2.6577902656806246e-42,9959.330658159064,0.9964229611551432,-1.2694734981942626e-21
852780,0.0,2.6577966674890406e-42,9959.330658159051,0.9964229611551433,-1.2691815660346316e-21
852840,0.0,2.6578024536472967e-42,9959.330658159039,0.9964229611551434,-1.2688895408125966e-21
852900,0.0,2.657807624155393e-42,9959.330658159026,0.9964229611551435,-1.2685974225281574e-21
852960,0.0,2.6578121790133295e-42,9959.330658159015,0.9964229611551437,-1.2683052111813148e-21
853020,0.0,2.657816118221106e-42,9959.330658159002,0.9964229611551438,-1.268012906772068e-21
853080,0.0,2.6578194417787228e-42,9959.33065815899,0.996422961155144,-1.2677205093004171e-21
853140,0.0,2.65782214968618e-42,9959.330658158977,0.9964229611551441,-1.2674280187663627e-21
853200,0.0,2.657824241943477e-42,9959.330658158966,0.9964229611551442,-1.267135435169904e-21
853260,0.0,2.6578257185506142e-42,9959.330658158953,0.9964229611551443,-1.2668427585110416e-21
853320,0.0,2.6578265795075917e-42,9959.33065815894,0.9964229611551445,-1.2665499887897752e-21
853380,0.0,2.6578268248144093e-42,9959.330658158928,0.9964229611551446,-1.2662571260061051e-21
853440,0.0,2.657826454471067e-42,9959.330658158917,0.9964229611551447,-1.2659641701600308e-21
853500,0.0,2.657825468477565e-42,9959.330658158904,0.9964229611551448,-1.2656711212515528e-21
853560,0.0,2.6578238668339032e-42,9959.330658158891,0.996422961155145,-1.2653779792806707e-21
853620,0.0,2.6578216495400815e-42,9959.330658158879,0.9964229611551451,-1.2650847442473849e-21
853680,0.0,2.6578188165961e-42,9959.330658158866,0.9964229611551452,-1.264791416151695e-21
853740,0.0,2.6578153680019583e-42,9959.330658158855,0.9964229611551454,-1.2644979949936013e-21
853800,0.0,2.657811303757657e-42,9959.330658158842,0.9964229611551455,-1.2642044807731034e-21
853860,0.0,2.6578066238631962e-42,9959.33065815883,0.9964229611551456,-1.2639108734902021e-21
853920,0.0,2.6578013283185753e-42,9959.330658158817,0.9964229611551457,-1.2636171731448967e-21
853980,0.0,2.6577954171237946e-42,9959.330658158806,0.9964229611551458,-1.2633233797371872e-21
854040,0.0,2.6577888902788542e-42,9959.330658158793,0.996422961155146,-1.2630294932670739e-21
854100,0.0,2.6577817477837534e-42,9959.33065815878,0.9964229611551462,-1.2627355137345568e-21
854160,0.0,2.6577739896384932e-42,9959.330658158768,0.9964229611551463,-1.2624414411396355e-21
854220,0.0,2.6577656158430733e-42,9959.330658158755,0.9964229611551464,-1.2621472754823104e-21
854280,0.0,2.6577566263974934e-42,9959.330658158744,0.9964229611551465,-1.2618530167625816e-21
854340,0.0,2.6577470213017537e-42,9959.330658158731,0.9964229611551466,-1.2615586649804487e-21
854400,0.0,2.6577368005558543e-42,9959.330658158719,0.9964229611551467,-1.2612642201359118e-21
854460,0.0,2.6577259641597946e-42,9959.330658158706,0.996422961155147,-1.2609696822289713e-21
854520,0.0,2.6577145121135754e-42,9959.330658158693,0.9964229611551471,-1.2606750512596266e-21
854580,0.0,2.6577024444171966e-42,9959.330658158682,0.9964229611551472,-1.260380327227878e-21
854640,0.0,2.6576897610706573e-42,9959.33065815867,0.9964229611551473,-1.2600855101337257e-21
854700,0.0,2.6576764620739587e-42,9959.330658158657,0.9964229611551474,-1.2597905999771692e-21
854760,0.0,2.6576625474271003e-42,9959.330658158644,0.9964229611551475,-1.259495596758209e-21
854820,0.0,2.6576480171300816e-42,9959.330658158631,0.9964229611551477,-1.2592005004768449e-21
854880,0.0,2.6576328711829034e-42,9959.33065815862,0.9964229611551478,-1.2589053111330769e-21
854940,0.0,2.6576171095855655e-42,9959.330658158608,0.996422961155148,-1.2586100287269048e-21
855000,0.0,2.6576007323380673e-42,9959.330658158595,0.9964229611551481,-1.2583146532583288e-21
855060,0.0,2.6575837394404097e-42,9959.330658158582,0.9964229611551482,-1.2580191847273492e-21
855120,0.0,2.6575661308925923e-42,9959.33065815857,0.9964229611551483,-1.2577236231339653e-21
855180,0.0,2.6575479066946146e-42,9959.330658158557,0.9964229611551485,-1.2574279684781777e-21
855240,0.0,2.6575290668464775e-42,9959.330658158546,0.9964229611551486,-1.2571322207599861e-21
855300,0.0,2.6575096113481806e-42,9959.330658158533,0.9964229611551487,-1.2568363799793905e-21
855360,0.0,2.6574895401997234e-42,9959.33065815852,0.9964229611551488,-1.2565404461363912e-21
855420,0.0,2.6574688534011068e-42,9959.330658158508,0.996422961155149,-1.256244419230988e-21
855480,0.0,2.65744755095233e-42,9959.330658158495,0.9964229611551491,-1.2559482992631808e-21
855540,0.0,2.6574256328533937e-42,9959.330658158482,0.9964229611551493,-1.2556520862329696e-21
855600,0.0,2.6574030991042973e-42,9959.330658158471,0.9964229611551494,-1.2553557801403546e-21
855660,0.0,2.6573799497050414e-42,9959.330658158458,0.9964229611551495,-1.2550593809853358e-21
855720,0.0,2.6573561846556252e-42,9959.330658158446,0.9964229611551496,-1.2547628887679126e-21
855780,0.0,2.6573318039560496e-42,9959.330658158433,0.9964229611551497,-1.254466303488086e-21
855840,0.0,2.657306807606314e-42,9959.33065815842,0.9964229611551498,-1.2541696251458551e-21
855900,0.0,2.6572811956064186e-42,9959.330658158407,0.99642296115515,-1.2538728537412205e-21
855960,0.0,2.6572549679563632e-42,9959.330658158397,0.9964229611551502,-1.2535759892741823e-21
856020,0.0,2.6572281246561483e-42,9959.330658158384,0.9964229611551503,-1.2532790317447397e-21
856080,0.0,2.657200665705773e-42,9959.330658158371,0.9964229611551504,-1.2529819811528932e-21
856140,0.0,2.6571725911052386e-42,9959.330658158358,0.9964229611551505,-1.2526848374986432e-21
856200,0.0,2.657143900854544e-42,9959.330658158346,0.9964229611551506,-1.252387600781989e-21
856260,0.0,2.6571145949536892e-42,9959.330658158333,0.9964229611551508,-1.2520902710029307e-21
856320,0.0,2.657084673402675e-42,9959.33065815832,0.9964229611551509,-1.2517928481614688e-21
856380,0.0,2.657054136201501e-42,9959.33065815831,0.996422961155151,-1.251495332257603e-21
856440,0.0,2.6570229833501668e-42,9959.330658158297,0.9964229611551512,-1.2511977232913331e-21
856500,0.0,2.6569912148486732e-42,9959.330658158284,0.9964229611551513,-1.2509000212626593e-21
856560,0.0,2.6569588306970196e-42,9959.330658158271,0.9964229611551515,-1.2506022261715818e-21
856620,0.0,2.656925830895206e-42,9959.330658158258,0.9964229611551516,-1.2503043380181001e-21
856680,0.0,2.656892215443233e-42,9959.330658158246,0.9964229611551517,-1.2500063568022147e-21
856740,0.0,2.6568579843410998e-42,9959.330658158233,0.9964229611551518,-1.2497082825239254e-21
856800,0.0,2.6568231375888066e-42,9959.33065815822,0.9964229611551519,-1.2494101151832321e-21
856860,0.0,2.656787675186354e-42,9959.33065815821,0.996422961155152,-1.2491118547801348e-21
856920,0.0,2.6567515971337414e-42,9959.330658158196,0.9964229611551523,-1.2488135013146335e-21
856980,0.0,2.6567149034309688e-42,9959.330658158184,0.9964229611551524,-1.2485150547867286e-21
857040,0.0,2.6566775940780367e-42,9959.330658158171,0.9964229611551525,-1.2482165151964197e-21
857100,0.0,2.6566396690749446e-42,9959.330658158158,0.9964229611551526,-1.2479178825437068e-21
857160,0.0,2.6566011284216924e-42,9959.330658158146,0.9964229611551527,-1.2476191568285901e-21
857220,0.0,2.6565619721182806e-42,9959.330658158133,0.9964229611551528,-1.2473203380510694e-21
857280,0.0,2.6565222001647093e-42,9959.33065815812,0.996422961155153,-1.2470214262111447e-21
857340,0.0,2.6564818125609776e-42,9959.330658158107,0.9964229611551532,-1.2467224213088164e-21
857400,0.0,2.6564408093070863e-42,9959.330658158096,0.9964229611551533,-1.2464233233440837e-21
857460,0.0,2.6563991904030352e-42,9959.330658158084,0.9964229611551534,-1.2461241323169475e-21
857520,0.0,2.656356955848824e-42,9959.330658158071,0.9964229611551535,-1.2458248482274072e-21
857580,0.0,2.6563141056444535e-42,9959.330658158058,0.9964229611551537,-1.245525471075463e-21
857640,0.0,2.656270639789923e-42,9959.330658158045,0.9964229611551538,-1.245226000861115e-21
857700,0.0,2.656226558285232e-42,9959.330658158033,0.9964229611551539,-1.244926437584363e-21
857760,0.0,2.656181861130382e-42,9959.33065815802,0.996422961155154,-1.2446267812452072e-21
857820,0.0,2.656136548325372e-42,9959.330658158007,0.9964229611551542,-1.2443270318436471e-21
857880,0.0,2.6560906198702017e-42,9959.330658157995,0.9964229611551543,-1.2440271893796836e-21
857940,0.0,2.656044075764872e-42,9959.330658157982,0.9964229611551545,-1.2437272538533158e-21
858000,0.0,2.6559969160093823e-42,9959.330658157969,0.9964229611551546,-1.2434272252645442e-21
858060,0.0,2.6559491406037327e-42,9959.330658157958,0.9964229611551547,-1.2431271036133689e-21
858120,0.0,2.6559007495479234e-42,9959.330658157945,0.9964229611551548,-1.2428268888997895e-21
858180,0.0,2.6558517428419543e-42,9959.330658157933,0.9964229611551549,-1.2425265811238061e-21
858240,0.0,2.6558021204858252e-42,9959.33065815792,0.9964229611551552,-1.242226180285419e-21
858300,0.0,2.6557518824795364e-42,9959.330658157907,0.9964229611551553,-1.2419256863846278e-21
858360,0.0,2.6557010288230878e-42,9959.330658157895,0.9964229611551554,-1.2416250994214328e-21
858420,0.0,2.6556495595164792e-42,9959.330658157882,0.9964229611551555,-1.2413244193958338e-21
858480,0.0,2.655597474559711e-42,9959.330658157869,0.9964229611551556,-1.241023646307831e-21
858540,0.0,2.6555447739527828e-42,9959.330658157856,0.9964229611551558,-1.2407227801574242e-21
858600,0.0,2.6554914576956947e-42,9959.330658157844,0.9964229611551559,-1.2404218209446134e-21
858660,0.0,2.655437525788447e-42,9959.33065815783,0.996422961155156,-1.240120768669399e-21
858720,0.0,2.6553829782310394e-42,9959.330658157818,0.9964229611551562,-1.2398196233317804e-21
858780,0.0,2.6553278150234718e-42,9959.330658157805,0.9964229611551563,-1.239518384931758e-21
858840,0.0,2.6552720361657445e-42,9959.330658157793,0.9964229611551564,-1.2392170534693317e-21
858900,0.0,2.6552156416578574e-42,9959.33065815778,0.9964229611551566,-1.2389156289445015e-21
858960,0.0,2.65515863149981e-42,9959.330658157767,0.9964229611551567,-1.2386141113572673e-21
859020,0.0,2.6551010056916035e-42,9959.330658157754,0.9964229611551568,-1.238312500707629e-21
859080,0.0,2.6550427642332367e-42,9959.330658157744,0.9964229611551569,-1.2380107969955872e-21
859140,0.0,2.65498390712471e-42,9959.33065815773,0.996422961155157,-1.2377090002211412e-21
859200,0.0,2.6549244343660238e-42,9959.330658157718,0.9964229611551573,-1.2374071103842913e-21
859260,0.0,2.6548643459571778e-42,9959.330658157705,0.9964229611551574,-1.2371051274850379e-21
859320,0.0,2.6548036418981714e-42,9959.330658157693,0.9964229611551575,-1.23680305152338e-21
859380,0.0,2.654742322189006e-42,9959.33065815768,0.9964229611551576,-1.2365008824993186e-21
859440,0.0,2.65468038682968e-42,9959.330658157667,0.9964229611551577,-1.2361986204128531e-21
859500,0.0,2.6546178358201945e-42,9959.330658157654,0.9964229611551579,-1.2358962652639837e-21
859560,0.0,2.6545546691605493e-42,9959.330658157642,0.996422961155158,-1.2355938170527104e-21
859620,0.0,2.6544908868507443e-42,9959.330658157629,0.9964229611551582,-1.2352912757790331e-21
859680,0.0,2.654426488890779e-42,9959.330658157616,0.9964229611551583,-1.234988641442952e-21
859740,0.0,2.654361475280654e-42,9959.330658157603,0.9964229611551584,-1.234685914044467e-21
859800,0.0,2.6542958460203693e-42,9959.33065815759,0.9964229611551586,-1.234383093583578e-21
859860,0.0,2.6542296011099247e-42,9959.330658157578,0.9964229611551587,-1.2340801800602854e-21
859920,0.0,2.6541627405493205e-42,9959.330658157565,0.9964229611551588,-1.2337771734745883e-21
859980,0.0,2.6540952643385565e-42,9959.330658157553,0.9964229611551589,-1.2334740738264878e-21
860040,0.0,2.654027172477632e-42,9959.33065815754,0.996422961155159,-1.2331708811159831e-21
860100,0.0,2.6539584649665483e-42,9959.330658157527,0.9964229611551593,-1.2328675953430746e-21
860160,0.0,2.6538891418053045e-42,9959.330658157514,0.9964229611551594,-1.2325642165077623e-21
860220,0.0,2.653819202993901e-42,9959.330658157502,0.9964229611551595,-1.2322607446100458e-21
860280,0.0,2.6537486485323377e-42,9959.330658157489,0.9964229611551596,-1.2319571796499255e-21
860340,0.0,2.6536774784206148e-42,9959.330658157476,0.9964229611551597,-1.2316535216274016e-21
860400,0.0,2.6536056926587314e-42,9959.330658157463,0.9964229611551599,-1.2313497705424734e-21
860460,0.0,2.6535332912466887e-42,9959.33065815745,0.99642296115516,-1.2310459263951415e-21
860520,0.0,2.653460274184486e-42,9959.330658157438,0.9964229611551602,-1.2307419891854054e-21
860580,0.0,2.6533866414721233e-42,9959.330658157425,0.9964229611551603,-1.2304379589132656e-21
860640,0.0,2.653312393109601e-42,9959.330658157412,0.9964229611551604,-1.2301338355787219e-21
860700,0.0,2.6532375290969188e-42,9959.3306581574,0.9964229611551606,-1.2298296191817742e-21
860760,0.0,2.6531620494340768e-42,9959.330658157387,0.9964229611551607,-1.2295253097224228e-21
860820,0.0,2.6530859541210747e-42,9959.330658157374,0.9964229611551608,-1.2292209072006673e-21
860880,0.0,2.653009243157913e-42,9959.330658157362,0.9964229611551609,-1.2289164116165079e-21
860940,0.0,2.6529319165445915e-42,9959.330658157349,0.996422961155161,-1.2286118229699447e-21
861000,0.0,2.6528539742811102e-42,9959.330658157336,0.9964229611551613,-1.2283071412609774e-21
861060,0.0,2.652775416367469e-42,9959.330658157323,0.9964229611551614,-1.2280023664896062e-21
861120,0.0,2.6526962428036676e-42,9959.33065815731,0.9964229611551615,-1.2276974986558312e-21
861180,0.0,2.652616453589707e-42,9959.330658157298,0.9964229611551616,-1.2273925377596524e-21
861240,0.0,2.652536048725586e-42,9959.330658157285,0.9964229611551617,-1.2270874838010695e-21
861300,0.0,2.6524550282113057e-42,9959.330658157272,0.9964229611551619,-1.2267823367800827e-21
861360,0.0,2.6523733920468654e-42,9959.33065815726,0.996422961155162,-1.2264770966966921e-21
861420,0.0,2.6522911402322652e-42,9959.330658157247,0.9964229611551622,-1.2261717635508975e-21
861480,0.0,2.652208272767505e-42,9959.330658157234,0.9964229611551623,-1.225866337342699e-21
861540,0.0,2.6521247896525852e-42,9959.330658157221,0.9964229611551624,-1.2255608180720965e-21
861600,0.0,2.652040690887505e-42,9959.330658157209,0.9964229611551626,-1.2252552057390903e-21
861660,0.0,2.6519559764722656e-42,9959.330658157196,0.9964229611551627,-1.2249495003436799e-21
861720,0.0,2.6518706464068664e-42,9959.330658157181,0.9964229611551628,-1.2246437018858657e-21
861780,0.0,2.6517847006913068e-42,9959.330658157169,0.9964229611551629,-1.2243378103656477e-21
861840,0.0,2.651698139325588e-42,9959.330658157156,0.996422961155163,-1.2240318257830257e-21
861900,0.0,2.6516109623097092e-42,9959.330658157143,0.9964229611551633,-1.2237257481379998e-21
861960,0.0,2.65152316964367e-42,9959.33065815713,0.9964229611551634,-1.22341957743057e-21
862020,0.0,2.6514347613274716e-42,9959.330658157118,0.9964229611551635,-1.2231133136607362e-21
862080,0.0,2.6513457373611135e-42,9959.330658157105,0.9964229611551636,-1.2228069568284985e-21
862140,0.0,2.651256097744595e-42,9959.330658157092,0.9964229611551637,-1.222500506933857e-21
862200,0.0,2.651165842477917e-42,9959.33065815708,0.9964229611551639,-1.2221939639768116e-21
862260,0.0,2.651074971561079e-42,9959.330658157067,0.996422961155164,-1.2218873279573622e-21
862320,0.0,2.6509834849940812e-42,9959.330658157054,0.9964229611551642,-1.221580598875509e-21
862380,0.0,2.6508913827769238e-42,9959.330658157041,0.9964229611551643,-1.2212737767312517e-21
862440,0.0,2.6507986649096063e-42,9959.330658157029,0.9964229611551644,-1.2209668615245906e-21
862500,0.0,2.6507053313921287e-42,9959.330658157016,0.9964229611551646,-1.2206598532555256e-21
862560,0.0,2.6506113822244918e-42,9959.330658157003,0.9964229611551647,-1.2203527519240567e-21
862620,0.0,2.650516817406695e-42,9959.33065815699,0.9964229611551648,-1.2200455575301836e-21
862680,0.0,2.650421636938738e-42,9959.330658156976,0.9964229611551649,-1.2197382700739071e-21
862740,0.0,2.6503258408206216e-42,9959.330658156963,0.9964229611551652,-1.2194308895552263e-21
862800,0.0,2.6502294290523452e-42,9959.33065815695,0.9964229611551653,-1.2191234159741416e-21
862860,0.0,2.6501324016339086e-42,9959.330658156938,0.9964229611551654,-1.2188158493306533e-21
862920,0.0,2.6500347585653127e-42,9959.330658156925,0.9964229611551655,-1.2185081896247608e-21
862980,0.0,2.6499364998465567e-42,9959.330658156912,0.9964229611551656,-1.2182004368564645e-21
863040,0.0,2.649837625477641e-42,9959.3306581569,0.9964229611551658,-1.2178925910257644e-21
863100,0.0,2.6497381354585653e-42,9959.330658156887,0.9964229611551659,-1.21758465213266e-21
863160,0.0,2.64963802978933e-42,9959.330658156874,0.996422961155166,-1.2172766201771522e-21
863220,0.0,2.6495373084699346e-42,9959.330658156861,0.9964229611551662,-1.2169684951592399e-21
863280,0.0,2.6494359715003797e-42,9959.330658156849,0.9964229611551663,-1.2166602770789241e-21
863340,0.0,2.6493340188806648e-42,9959.330658156834,0.9964229611551665,-1.2163519659362044e-21
863400,0.0,2.6492314506107898e-42,9959.330658156821,0.9964229611551666,-1.2160435617310805e-21
863460,0.0,2.6491282666907553e-42,9959.330658156809,0.9964229611551667,-1.215735064463553e-21
863520,0.0,2.649024467120561e-42,9959.330658156796,0.9964229611551668,-1.2154264741336214e-21
863580,0.0,2.6489200519002064e-42,9959.330658156783,0.996422961155167,-1.2151177907412859e-21
863640,0.0,2.6488150210296925e-42,9959.33065815677,0.9964229611551672,-1.2148090142865467e-21
863700,0.0,2.6487093745090185e-42,9959.330658156758,0.9964229611551673,-1.2145001447694034e-21
863760,0.0,2.6486031123381845e-42,9959.330658156745,0.9964229611551674,-1.214191182189856e-21
863820,0.0,2.6484962345171908e-42,9959.330658156732,0.9964229611551675,-1.2138821265479049e-21
863880,0.0,2.6483887410460377e-42,9959.33065815672,0.9964229611551677,-1.21357297784355e-21
863940,0.0,2.6482806319247242e-42,9959.330658156705,0.9964229611551678,-1.213263736076791e-21
864000,0.0,2.648171907153251e-42,9959.330658156692,0.9964229611551679,-1.2129544012476282e-21
864060,0.0,2.648062566731618e-42,9959.33065815668,0.996422961155168,-1.2126449733560614e-21
864120,0.0,2.647952610659825e-42,9959.330658156667,0.9964229611551682,-1.2123354524020907e-21
864180,0.0,2.6478420389378727e-42,9959.330658156654,0.9964229611551684,-1.212025838385716e-21
864240,0.0,2.6477308515657603e-42,9959.330658156641,0.9964229611551685,-1.2117161313069375e-21
864300,0.0,2.6476190485434878e-42,9959.330658156628,0.9964229611551686,-1.2114063311657553e-21
864360,0.0,2.6475066298710556e-42,9959.330658156614,0.9964229611551687,-1.211096437962169e-21
864420,0.0,2.6473935955484637e-42,9959.330658156601,0.9964229611551689,-1.2107864516961785e-21
864480,0.0,2.6472799455757117e-42,9959.330658156588,0.996422961155169,-1.2104763723677843e-21
864540,0.0,2.6471656799528004e-42,9959.330658156576,0.9964229611551692,-1.2101661999769865e-21
864600,0.0,2.647050798679729e-42,9959.330658156563,0.9964229611551693,-1.2098559345237845e-21
864660,0.0,2.6469353017564975e-42,9959.33065815655,0.9964229611551694,-1.2095455760081787e-21
864720,0.0,2.6468191891831063e-42,9959.330658156538,0.9964229611551696,-1.2092351244301687e-21
864780,0.0,2.6467024609595554e-42,9959.330658156523,0.9964229611551697,-1.208924579789755e-21
864840,0.0,2.6465851170858445e-42,9959.33065815651,0.9964229611551698,-1.2086139420869373e-21
864900,0.0,2.6464671575619738e-42,9959.330658156498,0.9964229611551699,-1.2083032113217158e-21
864960,0.0,2.6463485823879434e-42,9959.330658156485,0.9964229611551702,-1.2079923874940904e-21
865020,0.0,2.646229391563753e-42,9959.330658156472,0.9964229611551703,-1.207681470604061e-21
865080,0.0,2.6461095850894028e-42,9959.33065815646,0.9964229611551704,-1.2073704606516277e-21
865140,0.0,2.6459891629648932e-42,9959.330658156447,0.9964229611551705,-1.2070593576367905e-21
865200,0.0,2.645868125190223e-42,9959.330658156432,0.9964229611551707,-1.2067481615595494e-21
865260,0.0,2.6457464717653936e-42,9959.33065815642,0.9964229611551708,-1.2064368724199046e-21
865320,0.0,2.645624202690404e-42,9959.330658156407,0.9964229611551709,-1.2061254902178553e-21
865380,0.0,2.6455013179652545e-42,9959.330658156394,0.996422961155171,-1.2058140149534027e-21
865440,0.0,2.6453778175899453e-42,9959.330658156381,0.9964229611551711,-1.2055024466265458e-21
865500,0.0,2.6452537015644764e-42,9959.330658156368,0.9964229611551714,-1.2051907852372851e-21
865560,0.0,2.6451289698888475e-42,9959.330658156354,0.9964229611551715,-1.2048790307856207e-21
865620,0.0,2.645003622563059e-42,9959.330658156341,0.9964229611551716,-1.204567183271552e-21
865680,0.0,2.6448776595871105e-42,9959.330658156328,0.9964229611551717,-1.2042552426950797e-21
865740,0.0,2.644751080961002e-42,9959.330658156316,0.9964229611551719,-1.2039432090562032e-21
865800,0.0,2.6446238866847336e-42,9959.330658156303,0.996422961155172,-1.2036310823549231e-21
865860,0.0,2.6444960767583058e-42,9959.330658156288,0.9964229611551721,-1.2033188625912389e-21
865920,0.0,2.6443676511817182e-42,9959.330658156276,0.9964229611551723,-1.2030065497651508e-21
865980,0.0,2.6442386099549705e-42,9959.330658156263,0.9964229611551724,-1.2026941438766589e-21
866040,0.0,2.644108953078063e-42,9959.33065815625,0.9964229611551726,-1.202381644925763e-21
866100,0.0,2.643978680550995e-42,9959.330658156237,0.9964229611551727,-1.2020690529124632e-21
866160,0.0,2.6438477923737683e-42,9959.330658156225,0.9964229611551728,-1.2017563678367595e-21
866220,0.0,2.6437162885463815e-42,9959.33065815621,0.9964229611551729,-1.2014435896986516e-21
866280,0.0,2.6435841690688343e-42,9959.330658156197,0.9964229611551731,-1.2011307184981403e-21
866340,0.0,2.6434514339411276e-42,9959.330658156185,0.9964229611551733,-1.2008177542352248e-21
866400,0.0,2.643318083163261e-42,9959.330658156172,0.9964229611551734,-1.2005046969099054e-21
866460,0.0,2.643184116735235e-42,9959.330658156157,0.9964229611551735,-1.2001915465221823e-21
866520,0.0,2.643049534657049e-42,9959.330658156145,0.9964229611551737,-1.199878303072055e-21
866580,0.0,2.642914336928703e-42,9959.330658156132,0.9964229611551738,-1.1995649665595238e-21
866640,0.0,2.6427785235501964e-42,9959.33065815612,0.9964229611551739,-1.1992515369845889e-21
866700,0.0,2.6426420945215308e-42,9959.330658156106,0.996422961155174,-1.19893801434725e-21
866760,0.0,2.6425050498427058e-42,9959.330658156092,0.9964229611551743,-1.1986243986475072e-21
866820,0.0,2.6423673895137204e-42,9959.33065815608,0.9964229611551744,-1.1983106898853602e-21
866880,0.0,2.642229113534575e-42,9959.330658156066,0.9964229611551745,-1.1979968880608097e-21
866940,0.0,2.6420902219052702e-42,9959.330658156054,0.9964229611551746,-1.1976829931738551e-21
867000,0.0,2.641950714625805e-42,9959.330658156041,0.9964229611551747,-1.1973690052244967e-21
867060,0.0,2.6418105916961804e-42,9959.330658156026,0.9964229611551749,-1.1970549242127342e-21
867120,0.0,2.6416698531163964e-42,9959.330658156014,0.996422961155175,-1.1967407501385678e-21
867180,0.0,2.6415284988864514e-42,9959.330658156001,0.9964229611551751,-1.1964264830019976e-21
867240,0.0,2.641386529006347e-42,9959.330658155988,0.9964229611551753,-1.1961121228030234e-21
867300,0.0,2.6412439434760832e-42,9959.330658155974,0.9964229611551755,-1.1957976695416454e-21
867360,0.0,2.6411007422956597e-42,9959.330658155961,0.9964229611551756,-1.1954831232178634e-21
867420,0.0,2.640956925465076e-42,9959.330658155948,0.9964229611551757,-1.1951684838316775e-21
867480,0.0,2.640812492984332e-42,9959.330658155935,0.9964229611551758,-1.1948537513830877e-21
867540,0.0,2.6406674448534285e-42,9959.33065815592,0.996422961155176,-1.194538925872094e-21
867600,0.0,2.6405217810723654e-42,9959.330658155908,0.9964229611551761,-1.1942240072986962e-21
867660,0.0,2.6403755016411426e-42,9959.330658155895,0.9964229611551763,-1.1939089956628948e-21
867720,0.0,2.6402286065597598e-42,9959.330658155883,0.9964229611551764,-1.1935938909646892e-21
867780,0.0,2.640081095828217e-42,9959.330658155868,0.9964229611551766,-1.19327869320408e-21
867840,0.0,2.6399329694465143e-42,9959.330658155855,0.9964229611551767,-1.1929634023810666e-21
867900,0.0,2.639784227414652e-42,9959.330658155843,0.9964229611551768,-1.1926480184956495e-21
867960,0.0,2.6396348697326296e-42,9959.33065815583,0.9964229611551769,-1.1923325415478285e-21
868020,0.0,2.639484896400448e-42,9959.330658155815,0.9964229611551771,-1.1920169715376033e-21
868080,0.0,2.6393343074181056e-42,9959.330658155803,0.9964229611551773,-1.1917013084649744e-21
868140,0.0,2.6391831027856038e-42,9959.33065815579,0.9964229611551774,-1.1913855523299416e-21
868200,0.0,2.639031282502942e-42,9959.330658155777,0.9964229611551775,-1.191069703132505e-21
868260,0.0,2.638878846570121e-42,9959.330658155763,0.9964229611551777,-1.1907537608726643e-21
868320,0.0,2.63872579498714e-42,9959.33065815575,0.9964229611551778,-1.1904377255504194e-21
868380,0.0,2.6385721277539987e-42,9959.330658155737,0.9964229611551779,-1.1901215971657711e-21
868440,0.0,2.6384178448706976e-42,9959.330658155724,0.996422961155178,-1.1898053757187187e-21
868500,0.0,2.638262946337237e-42,9959.33065815571,0.9964229611551781,-1.1894890612092624e-21
868560,0.0,2.6381074321536164e-42,9959.330658155697,0.9964229611551784,-1.1891726536374021e-21
868620,0.0,2.637951302319836e-42,9959.330658155684,0.9964229611551785,-1.1888561530031379e-21
868680,0.0,2.6377945568358958e-42,9959.33065815567,0.9964229611551786,-1.1885395593064698e-21
868740,0.0,2.6376371957017957e-42,9959.330658155657,0.9964229611551787,-1.1882228725473979e-21
868800,0.0,2.637479218917536e-42,9959.330658155644,0.9964229611551789,-1.187906092725922e-21
868860,0.0,2.6373206264831164e-42,9959.330658155632,0.996422961155179,-1.1875892198420423e-21
868920,0.0,2.6371614183985368e-42,9959.330658155617,0.9964229611551791,-1.1872722538957584e-21
868980,0.0,2.637001594663797e-42,9959.330658155604,0.9964229611551793,-1.186955194887071e-21
869040,0.0,2.6368411552788976e-42,9959.330658155592,0.9964229611551795,-1.1866380428159794e-21
869100,0.0,2.6366801002438388e-42,9959.330658155577,0.9964229611551796,-1.186320797682484e-21
869160,0.0,2.63651842955862e-42,9959.330658155564,0.9964229611551797,-1.1860034594865846e-21
869220,0.0,2.6363561432232412e-42,9959.330658155552,0.9964229611551798,-1.1856860282282813e-21
869280,0.0,2.6361932412377026e-42,9959.330658155539,0.99642296115518,-1.185368503907574e-21
869340,0.0,2.636029723602004e-42,9959.330658155524,0.9964229611551801,-1.185050886524463e-21
869400,0.0,2.6358655903161457e-42,9959.330658155512,0.9964229611551803,-1.184733176078948e-21
869460,0.0,2.635700841380128e-42,9959.330658155499,0.9964229611551804,-1.1844153725710292e-21
869520,0.0,2.6355354767939496e-42,9959.330658155484,0.9964229611551806,-1.1840974760007062e-21
869580,0.0,2.6353694965576118e-42,9959.330658155472,0.9964229611551807,-1.1837794863679795e-21
869640,0.0,2.6352029006711142e-42,9959.330658155459,0.9964229611551808,-1.1834614036728487e-21
869700,0.0,2.635035689134457e-42,9959.330658155444,0.9964229611551809,-1.1831432279153142e-21
869760,0.0,2.63486786194764e-42,9959.330658155432,0.9964229611551811,-1.1828249590953758e-21
869820,0.0,2.634699419110663e-42,9959.330658155419,0.9964229611551813,-1.182506597213033e-21
869880,0.0,2.6345303606235252e-42,9959.330658155404,0.9964229611551814,-1.182188142268287e-21
869940,0.0,2.6343606864862287e-42,9959.330658155392,0.9964229611551815,-1.1818695942611367e-21
870000,0.0,2.6341903966987725e-42,9959.330658155379,0.9964229611551817,-1.1815509531915826e-21
870060,0.0,2.634019491261156e-42,9959.330658155364,0.9964229611551818,-1.1812322190596246e-21
870120,0.0,2.6338479701733797e-42,9959.330658155352,0.9964229611551819,-1.1809133918652624e-21
870180,0.0,2.6336758334354436e-42,9959.330658155339,0.996422961155182,-1.1805944716084966e-21
870240,0.0,2.6335030810473476e-42,9959.330658155324,0.9964229611551823,-1.1802754582893268e-21
870300,0.0,2.6333297130090918e-42,9959.330658155312,0.9964229611551824,-1.179956351907753e-21
870360,0.0,2.6331557293206766e-42,9959.330658155299,0.9964229611551825,-1.1796371524637757e-21
870420,0.0,2.6329811299821007e-42,9959.330658155284,0.9964229611551827,-1.1793178599573939e-21
870480,0.0,2.632805914993365e-42,9959.330658155272,0.9964229611551828,-1.1789984743886085e-21
870540,0.0,2.63263008435447e-42,9959.330658155259,0.9964229611551829,-1.178678995757419e-21
870600,0.0,2.6324536380654154e-42,9959.330658155244,0.996422961155183,-1.178359424063826e-21
870660,0.0,2.632276576126201e-42,9959.330658155232,0.9964229611551833,-1.1780397593078288e-21
870720,0.0,2.632098898536826e-42,9959.330658155219,0.9964229611551834,-1.1777200014894276e-21
870780,0.0,2.631920605297291e-42,9959.330658155204,0.9964229611551835,-1.1774001506086226e-21
870840,0.0,2.6317416964075973e-42,9959.330658155191,0.9964229611551836,-1.1770802066654138e-21
870900,0.0,2.631562171867743e-42,9959.330658155179,0.9964229611551838,-1.176760169659801e-21
870960,0.0,2.631382031677729e-42,9959.330658155164,0.9964229611551839,-1.1764400395917843e-21
871020,0.0,2.6312012758375552e-42,9959.330658155151,0.996422961155184,-1.1761198164613633e-21
871080,0.0,2.6310199043472214e-42,9959.330658155139,0.9964229611551841,-1.1757995002685388e-21
871140,0.0,2.630837917206728e-42,9959.330658155124,0.9964229611551844,-1.1754790910133104e-21
871200,0.0,2.6306553144160752e-42,9959.330658155111,0.9964229611551845,-1.1751585886956781e-21
871260,0.0,2.6304720959752622e-42,9959.330658155097,0.9964229611551846,-1.1748379933156417e-21
871320,0.0,2.6302882618842882e-42,9959.330658155084,0.9964229611551847,-1.1745173048732014e-21
871380,0.0,2.6301038121431555e-42,9959.330658155071,0.9964229611551849,-1.1741965233683571e-21
871440,0.0,2.6299187467518633e-42,9959.330658155057,0.996422961155185,-1.1738756488011093e-21
871500,0.0,2.629733065710411e-42,9959.330658155044,0.9964229611551851,-1.1735546811714572e-21
871560,0.0,2.6295467690187986e-42,9959.330658155031,0.9964229611551852,-1.1732336204794015e-21
871620,0.0,2.6293598566770263e-42,9959.330658155017,0.9964229611551855,-1.1729124667249414e-21
871680,0.0,2.629172328685094e-42,9959.330658155004,0.9964229611551856,-1.1725912199080778e-21
871740,0.0,2.6289841850430026e-42,9959.33065815499,0.9964229611551857,-1.1722698800288103e-21
871800,0.0,2.628795425750751e-42,9959.330658154977,0.9964229611551859,-1.1719484470871386e-21
871860,0.0,2.6286060508083393e-42,9959.330658154964,0.996422961155186,-1.1716269210830633e-21
871920,0.0,2.628416060215768e-42,9959.33065815495,0.9964229611551861,-1.1713053020165838e-21
871980,0.0,2.6282254539730368e-42,9959.330658154937,0.9964229611551862,-1.1709835898877005e-21
872040,0.0,2.6280342320801458e-42,9959.330658154924,0.9964229611551865,-1.1706617846964134e-21
872100,0.0,2.6278423945370954e-42,9959.33065815491,0.9964229611551866,-1.1703398864427225e-21
872160,0.0,2.627649941343885e-42,9959.330658154897,0.9964229611551867,-1.1700178951266273e-21
872220,0.0,2.6274568725005135e-42,9959.330658154882,0.9964229611551868,-1.1696958107481284e-21
872280,0.0,2.6272631880069833e-42,9959.33065815487,0.996422961155187,-1.1693736333072255e-21
872340,0.0,2.6270688878632936e-42,9959.330658154857,0.9964229611551871,-1.1690513628039188e-21
872400,0.0,2.6268739720694437e-42,9959.330658154842,0.9964229611551872,-1.168728999238208e-21
872460,0.0,2.6266784406254336e-42,9959.33065815483,0.9964229611551874,-1.1684065426100937e-21
872520,0.0,2.6264822935312642e-42,9959.330658154815,0.9964229611551876,-1.168083992919575e-21
872580,0.0,2.6262855307869344e-42,9959.330658154802,0.9964229611551877,-1.1677613501666526e-21
872640,0.0,2.6260881523924452e-42,9959.330658154788,0.9964229611551878,-1.1674386143513263e-21
872700,0.0,2.6258901583477963e-42,9959.330658154775,0.996422961155188,-1.1671157854735961e-21
872760,0.0,2.625691548652987e-42,9959.330658154762,0.9964229611551881,-1.166792863533462e-21
872820,0.0,2.625492323308018e-42,9959.330658154748,0.9964229611551882,-1.1664698485309238e-21
872880,0.0,2.6252924823128892e-42,9959.330658154735,0.9964229611551884,-1.1661467404659818e-21
872940,0.0,2.625092025667601e-42,9959.33065815472,0.9964229611551886,-1.165823539338636e-21
873000,0.0,2.624890953372153e-42,9959.330658154708,0.9964229611551887,-1.1655002451488863e-21
873060,0.0,2.6246892654265444e-42,9959.330658154695,0.9964229611551888,-1.1651768578967327e-21
873120,0.0,2.624486961830776e-42,9959.33065815468,0.9964229611551889,-1.164853377582175e-21
873180,0.0,2.6242840425848484e-42,9959.330658154668,0.9964229611551891,-1.1645298042052134e-21
873240,0.0,2.624080507688761e-42,9959.330658154653,0.9964229611551892,-1.164206137765848e-21
873300,0.0,2.6238763571425132e-42,9959.33065815464,0.9964229611551894,-1.1638823782640788e-21
873360,0.0,2.623671590946106e-42,9959.330658154626,0.9964229611551896,-1.1635585256999054e-21
873420,0.0,2.6234662090995385e-42,9959.330658154613,0.9964229611551897,-1.1632345800733282e-21
873480,0.0,2.6232602116028116e-42,9959.330658154598,0.9964229611551898,-1.162910541384347e-21
873540,0.0,2.6230535984559252e-42,9959.330658154586,0.9964229611551899,-1.1625864096329622e-21
873600,0.0,2.6228463696588785e-42,9959.330658154573,0.9964229611551901,-1.1622621848191731e-21
873660,0.0,2.6226385252116715e-42,9959.330658154558,0.9964229611551902,-1.1619378669429803e-21
873720,0.0,2.622430065114305e-42,9959.330658154546,0.9964229611551904,-1.1616134560043835e-21
873780,0.0,2.6222209893667788e-42,9959.330658154531,0.9964229611551905,-1.1612889520033827e-21
873840,0.0,2.6220112979690932e-42,9959.330658154518,0.9964229611551907,-1.1609643549399783e-21
873900,0.0,2.6218009909212475e-42,9959.330658154504,0.9964229611551908,-1.1606396648141698e-21
873960,0.0,2.6215900682232415e-42,9959.330658154491,0.9964229611551909,-1.1603148816259576e-21
874020,0.0,2.6213785298750754e-42,9959.330658154477,0.9964229611551911,-1.159990005375341e-21
874080,0.0,2.6211663758767506e-42,9959.330658154464,0.9964229611551912,-1.1596650360623209e-21
874140,0.0,2.6209536062282654e-42,9959.33065815445,0.9964229611551914,-1.1593399736868967e-21
874200,0.0,2.6207402209296202e-42,9959.330658154437,0.9964229611551915,-1.1590148182490688e-21
874260,0.0,2.6205262199808155e-42,9959.330658154422,0.9964229611551917,-1.1586895697488367e-21
874320,0.0,2.6203116033818505e-42,9959.33065815441,0.9964229611551918,-1.1583642281862009e-21
874380,0.0,2.620096371132726e-42,9959.330658154397,0.9964229611551919,-1.158038793561161e-21
874440,0.0,2.619880523233442e-42,9959.330658154382,0.996422961155192,-1.1577132658737173e-21
874500,0.0,2.6196640596839978e-42,9959.33065815437,0.9964229611551922,-1.1573876451238697e-21
874560,0.0,2.6194469804843933e-42,9959.330658154355,0.9964229611551924,-1.1570619313116184e-21
874620,0.0,2.6192292856346293e-42,9959.330658154342,0.9964229611551925,-1.1567361244369627e-21
874680,0.0,2.619010975134706e-42,9959.330658154327,0.9964229611551927,-1.1564102244999034e-21
874740,0.0,2.6187920489846226e-42,9959.330658154315,0.9964229611551928,-1.1560842315004401e-21
874800,0.0,2.618572507184379e-42,9959.3306581543,0.9964229611551929,-1.155758145438573e-21
874860,0.0,2.618352349733976e-42,9959.330658154287,0.996422961155193,-1.155431966314302e-21
874920,0.0,2.6181315766334128e-42,9959.330658154273,0.9964229611551932,-1.1551056941276268e-21
874980,0.0,2.61791018788269e-42,9959.33065815426,0.9964229611551934,-1.154779328878548e-21
875040,0.0,2.6176881834818075e-42,9959.330658154246,0.9964229611551935,-1.1544528705670652e-21
875100,0.0,2.6174655634307645e-42,9959.330658154233,0.9964229611551937,-1.1541263191931783e-21
875160,0.0,2.6172423277295618e-42,9959.330658154218,0.9964229611551938,-1.1537996747568878e-21
875220,0.0,2.6170184763781996e-42,9959.330658154206,0.9964229611551939,-1.153472937258193e-21
875280,0.0,2.616794009376678e-42,9959.330658154191,0.996422961155194,-1.1531461066970947e-21
875340,0.0,2.616568926724996e-42,9959.330658154178,0.9964229611551942,-1.1528191830735922e-21
875400,0.0,2.6163432284231542e-42,9959.330658154164,0.9964229611551944,-1.152492166387686e-21
875460,0.0,2.6161169144711522e-42,9959.330658154151,0.9964229611551945,-1.1521650566393757e-21
875520,0.0,2.6158899848689914e-42,9959.330658154136,0.9964229611551947,-1.1518378538286616e-21
875580,0.0,2.61566243961667e-42,9959.330658154124,0.9964229611551948,-1.1515105579555435e-21
875640,0.0,2.615434278714189e-42,9959.33065815411,0.9964229611551949,-1.1511831690200215e-21
875700,0.0,2.615205502161548e-42,9959.330658154096,0.996422961155195,-1.1508556870220957e-21
875760,0.0,2.6149761099587472e-42,9959.330658154082,0.9964229611551952,-1.1505281119617658e-21
875820,0.0,2.6147461021057866e-42,9959.33065815407,0.9964229611551954,-1.150200443839032e-21
875880,0.0,2.6145154786026662e-42,9959.330658154055,0.9964229611551955,-1.1498726826538945e-21
875940,0.0,2.6142842394493864e-42,9959.330658154042,0.9964229611551957,-1.149544828406353e-21
876000,0.0,2.614052384645946e-42,9959.330658154027,0.9964229611551958,-1.1492168810964075e-21
876060,0.0,2.6138199141923457e-42,9959.330658154013,0.9964229611551959,-1.1488888407240583e-21
876120,0.0,2.613586828088586e-42,9959.330658154,0.996422961155196,-1.1485607072893048e-21
876180,0.0,2.6133531263346667e-42,9959.330658153985,0.9964229611551962,-1.1482324807921478e-21
876240,0.0,2.6131188089305876e-42,9959.330658153973,0.9964229611551964,-1.1479041612325866e-21
876300,0.0,2.6128838758763482e-42,9959.330658153958,0.9964229611551965,-1.1475757486106218e-21
876360,0.0,2.6126483271719484e-42,9959.330658153945,0.9964229611551967,-1.1472472429262528e-21
876420,0.0,2.61241216281739e-42,9959.330658153931,0.9964229611551968,-1.14691864417948e-21
876480,0.0,2.6121753828126713e-42,9959.330658153918,0.9964229611551969,-1.1465899523703032e-21
876540,0.0,2.6119379871577926e-42,9959.330658153904,0.996422961155197,-1.1462611674987226e-21
876600,0.0,2.6116999758527543e-42,9959.33065815389,0.9964229611551972,-1.145932289564738e-21
876660,0.0,2.611461348897556e-42,9959.330658153876,0.9964229611551974,-1.1456033185683495e-21
876720,0.0,2.6112221062921977e-42,9959.330658153864,0.9964229611551975,-1.145274254509557e-21
876780,0.0,2.6109822480366802e-42,9959.330658153849,0.9964229611551977,-1.1449450973883609e-21
876840,0.0,2.6107417741310026e-42,9959.330658153835,0.9964229611551978,-1.1446158472047605e-21
876900,0.0,2.610500684575164e-42,9959.330658153822,0.9964229611551979,-1.1442865039587566e-21
876960,0.0,2.6102589793691666e-42,9959.330658153807,0.9964229611551981,-1.1439570676503484e-21
877020,0.0,2.61001665851301e-42,9959.330658153795,0.9964229611551982,-1.1436275382795363e-21
877080,0.0,2.6097737220066927e-42,9959.33065815378,0.9964229611551984,-1.1432979158463205e-21
877140,0.0,2.609530169850216e-42,9959.330658153767,0.9964229611551985,-1.1429682003507008e-21
877200,0.0,2.609286002043579e-42,9959.330658153753,0.9964229611551987,-1.1426383917926772e-21
877260,0.0,2.6090412185867824e-42,9959.330658153738,0.9964229611551988,-1.1423084901722495e-21
877320,0.0,2.6087958194798257e-42,9959.330658153725,0.9964229611551989,-1.1419784954894179e-21
877380,0.0,2.60854980472271e-42,9959.33065815371,0.9964229611551991,-1.1416484077441826e-21
877440,0.0,2.6083031743154332e-42,9959.330658153698,0.9964229611551992,-1.1413182269365431e-21
877500,0.0,2.6080559282579974e-42,9959.330658153684,0.9964229611551993,-1.1409879530665e-21
877560,0.0,2.6078080665504015e-42,9959.33065815367,0.9964229611551996,-1.1406575861340528e-21
877620,0.0,2.607559589192646e-42,9959.330658153656,0.9964229611551997,-1.1403271261392015e-21
877680,0.0,2.607310496184731e-42,9959.330658153642,0.9964229611551998,-1.1399965730819466e-21
877740,0.0,2.6070607875266552e-42,9959.330658153629,0.9964229611551999,-1.1396659269622877e-21
877800,0.0,2.6068104632184198e-42,9959.330658153614,0.9964229611552001,-1.139335187780225e-21
877860,0.0,2.606559523260025e-42,9959.330658153602,0.9964229611552002,-1.1390043555357581e-21
877920,0.0,2.6063079676514704e-42,9959.330658153587,0.9964229611552003,-1.1386734302288874e-21
877980,0.0,2.606055796392756e-42,9959.330658153573,0.9964229611552006,-1.1383424118596129e-21
878040,0.0,2.6058030094838815e-42,9959.33065815356,0.9964229611552007,-1.1380113004279344e-21
878100,0.0,2.6055496069248465e-42,9959.330658153545,0.9964229611552008,-1.137680095933852e-21
878160,0.0,2.6052955887156528e-42,9959.330658153533,0.996422961155201,-1.1373487983773657e-21
878220,0.0,2.605040954856299e-42,9959.330658153518,0.9964229611552011,-1.1370174077584754e-21
878280,0.0,2.6047857053467854e-42,9959.330658153503,0.9964229611552012,-1.1366859240771813e-21
878340,0.0,2.6045298401871115e-42,9959.33065815349,0.9964229611552013,-1.1363543473334834e-21
878400,0.0,2.604273359377278e-42,9959.330658153476,0.9964229611552016,-1.1360226775273814e-21
878460,0.0,2.6040162629172845e-42,9959.330658153463,0.9964229611552017,-1.1356909146588755e-21
878520,0.0,2.6037585508071318e-42,9959.330658153449,0.9964229611552018,-1.1353590587279657e-21
878580,0.0,2.603500223046819e-42,9959.330658153434,0.996422961155202,-1.135027109734652e-21
878640,0.0,2.603241279636346e-42,9959.330658153422,0.9964229611552021,-1.1346950676789344e-21
878700,0.0,2.6029817205757126e-42,9959.330658153407,0.9964229611552022,-1.1343629325608129e-21
878760,0.0,2.6027215458649207e-42,9959.330658153394,0.9964229611552025,-1.1340307043802875e-21
878820,0.0,2.6024607555039683e-42,9959.33065815338,0.9964229611552026,-1.133698383137358e-21
878880,0.0,2.602199349492856e-42,9959.330658153365,0.9964229611552027,-1.1333659688320248e-21
878940,0.0,2.6019373278315842e-42,9959.330658153352,0.9964229611552028,-1.1330334614642876e-21
879000,0.0,2.6016746905201524e-42,9959.330658153338,0.996422961155203,-1.1327008610341466e-21
879060,0.0,2.6014114375585605e-42,9959.330658153323,0.9964229611552031,-1.1323681675416017e-21
879120,0.0,2.6011475689468095e-42,9959.33065815331,0.9964229611552032,-1.1320353809866527e-21
879180,0.0,2.6008830846848976e-42,9959.330658153296,0.9964229611552035,-1.1317025013692997e-21
879240,0.0,2.6006179847728265e-42,9959.330658153282,0.9964229611552036,-1.1313695286895431e-21
879300,0.0,2.6003522692105955e-42,9959.330658153269,0.9964229611552037,-1.1310364629473825e-21
879360,0.0,2.600085937998205e-42,9959.330658153254,0.9964229611552039,-1.130703304142818e-21
879420,0.0,2.5998189911356544e-42,9959.330658153242,0.996422961155204,-1.1303700522758493e-21
879480,0.0,2.599551428622944e-42,9959.330658153227,0.9964229611552041,-1.130036707346477e-21
879540,0.0,2.599283250460073e-42,9959.330658153212,0.9964229611552043,-1.1297032693547007e-21
879600,0.0,2.599014456647043e-42,9959.3306581532,0.9964229611552045,-1.1293697383005205e-21
879660,0.0,2.598745047183853e-42,9959.330658153185,0.9964229611552046,-1.1290361141839364e-21
879720,0.0,2.5984750220705033e-42,9959.33065815317,0.9964229611552047,-1.1287023970049482e-21
879780,0.0,2.5982043813069935e-42,9959.330658153158,0.9964229611552049,-1.1283685867635564e-21
879840,0.0,2.5979331248933242e-42,9959.330658153143,0.996422961155205,-1.1280346834597604e-21
879900,0.0,2.5976612528294946e-42,9959.330658153129,0.9964229611552051,-1.1277006870935607e-21
879960,0.0,2.5973887651155056e-42,9959.330658153116,0.9964229611552053,-1.127366597664957e-21
880020,0.0,2.597115661751357e-42,9959.330658153101,0.9964229611552055,-1.1270324151739494e-21
880080,0.0,2.5968419427370478e-42,9959.330658153087,0.9964229611552056,-1.1266981396205378e-21
880140,0.0,2.596567608072579e-42,9959.330658153074,0.9964229611552058,-1.1263637710047225e-21
880200,0.0,2.5962926577579504e-42,9959.33065815306,0.9964229611552059,-1.126029309326503e-21
880260,0.0,2.5960170917931624e-42,9959.330658153045,0.996422961155206,-1.12569475458588e-21
880320,0.0,2.595740910178214e-42,9959.330658153032,0.9964229611552062,-1.1253601067828525e-21
880380,0.0,2.595464112913106e-42,9959.330658153018,0.9964229611552063,-1.1250253659174217e-21
880440,0.0,2.5951866999978377e-42,9959.330658153003,0.9964229611552065,-1.1246905319895866e-21
880500,0.0,2.5949086714324105e-42,9959.33065815299,0.9964229611552067,-1.1243556049993477e-21
880560,0.0,2.594630027216823e-42,9959.330658152976,0.9964229611552068,-1.1240205849467048e-21
880620,0.0,2.5943507673510754e-42,9959.330658152961,0.9964229611552069,-1.1236854718316581e-21
880680,0.0,2.5940708918351684e-42,9959.330658152949,0.996422961155207,-1.1233502656542075e-21
880740,0.0,2.593790400669101e-42,9959.330658152934,0.9964229611552072,-1.123014966414353e-21
880800,0.0,2.5935092938528743e-42,9959.33065815292,0.9964229611552073,-1.1226795741120945e-21
880860,0.0,2.593227571386488e-42,9959.330658152905,0.9964229611552075,-1.1223440887474322e-21
880920,0.0,2.5929452332699416e-42,9959.330658152892,0.9964229611552077,-1.1220085103203657e-21
880980,0.0,2.5926622795032344e-42,9959.330658152878,0.9964229611552078,-1.1216728388308955e-21
881040,0.0,2.5923787100863684e-42,9959.330658152863,0.9964229611552079,-1.1213370742790214e-21
881100,0.0,2.5920945250193427e-42,9959.33065815285,0.9964229611552081,-1.1210012166647435e-21
881160,0.0,2.591809724302157e-42,9959.330658152836,0.9964229611552082,-1.1206652659880614e-21
881220,0.0,2.5915243079348112e-42,9959.330658152821,0.9964229611552083,-1.1203292222489755e-21
881280,0.0,2.5912382759173056e-42,9959.330658152809,0.9964229611552086,-1.1199930854474857e-21
881340,0.0,2.59095162824964e-42,9959.330658152794,0.9964229611552087,-1.1196568555835922e-21
881400,0.0,2.5906643649318148e-42,9959.33065815278,0.9964229611552088,-1.1193205326572945e-21
881460,0.0,2.59037648596383e-42,9959.330658152765,0.996422961155209,-1.1189841166685931e-21
881520,0.0,2.5900879913456848e-42,9959.330658152752,0.9964229611552091,-1.1186476076174874e-21
881580,0.0,2.5897988810773803e-42,9959.330658152738,0.9964229611552092,-1.1183110055039782e-21
881640,0.0,2.5895091551589155e-42,9959.330658152723,0.9964229611552095,-1.1179743103280649e-21
881700,0.0,2.5892188135902913e-42,9959.33065815271,0.9964229611552096,-1.1176375220897477e-21
881760,0.0,2.5889278563715073e-42,9959.330658152696,0.9964229611552097,-1.1173006407890267e-21
881820,0.0,2.5886362835025633e-42,9959.330658152681,0.9964229611552099,-1.1169636664259016e-21
881880,0.0,2.5883440949834587e-42,9959.330658152667,0.99642296115521,-1.1166265990003728e-21
881940,0.0,2.5880512908141952e-42,9959.330658152654,0.9964229611552101,-1.1162894385124398e-21
882000,0.0,2.587757870994772e-42,9959.33065815264,0.9964229611552103,-1.1159521849621033e-21
882060,0.0,2.5874638355251885e-42,9959.330658152625,0.9964229611552105,-1.1156148383493625e-21
882120,0.0,2.5871691844054453e-42,9959.33065815261,0.9964229611552106,-1.1152773986742179e-21
882180,0.0,2.5868739176355423e-42,9959.330658152598,0.9964229611552107,-1.1149398659366695e-21
882240,0.0,2.5865780352154793e-42,9959.330658152583,0.9964229611552109,-1.1146022401367171e-21
882300,0.0,2.5862815371452565e-42,9959.330658152569,0.996422961155211,-1.1142645212743609e-21
882360,0.0,2.5859844234248744e-42,9959.330658152554,0.9964229611552111,-1.1139267093496007e-21
882420,0.0,2.5856866940543315e-42,9959.330658152541,0.9964229611552113,-1.1135888043624363e-21
882480,0.0,2.585388349033629e-42,9959.330658152527,0.9964229611552115,-1.1132508063128685e-21
882540,0.0,2.585089388362767e-42,9959.330658152512,0.9964229611552116,-1.1129127152008965e-21
882600,0.0,2.5847898120417456e-42,9959.330658152498,0.9964229611552118,-1.1125745310265207e-21
882660,0.0,2.584489620070564e-42,9959.330658152485,0.9964229611552119,-1.1122362537897408e-21
882720,0.0,2.584188812449222e-42,9959.33065815247,0.996422961155212,-1.1118978834905572e-21
882780,0.0,2.5838873891777203e-42,9959.330658152456,0.9964229611552122,-1.1115594201289696e-21
882840,0.0,2.5835853502560594e-42,9959.330658152441,0.9964229611552123,-1.1112208637049781e-21
882900,0.0,2.5832826956842385e-42,9959.330658152428,0.9964229611552124,-1.1108822142185827e-21
882960,0.0,2.582979425462257e-42,9959.330658152414,0.9964229611552127,-1.1105434716697834e-21
883020,0.0,2.5826755395901164e-42,9959.3306581524,0.9964229611552128,-1.11020463605858e-21
883080,0.0,2.582371038067816e-42,9959.330658152385,0.9964229611552129,-1.109865707384973e-21
883140,0.0,2.5820659208953555e-42,9959.330658152372,0.9964229611552131,-1.1095266856489617e-21
883200,0.0,2.5817601880727356e-42,9959.330658152358,0.9964229611552132,-1.1091875708505468e-21
883260,0.0,2.5814538395999557e-42,9959.330658152343,0.9964229611552133,-1.108848362989728e-21
883320,0.0,2.581146875477015e-42,9959.330658152328,0.9964229611552136,-1.1085090620665051e-21
883380,0.0,2.5808392957039154e-42,9959.330658152316,0.9964229611552137,-1.1081696680808782e-21
883440,0.0,2.5805311002806562e-42,9959.330658152301,0.9964229611552138,-1.1078301810328478e-21
883500,0.0,2.5802222892072368e-42,9959.330658152287,0.996422961155214,-1.107490600922413e-21
883560,0.0,2.5799128624836572e-42,9959.330658152272,0.9964229611552141,-1.1071509277495748e-21
883620,0.0,2.5796028201099183e-42,9959.330658152257,0.9964229611552142,-1.1068111615143321e-21
883680,0.0,2.5792921620860187e-42,9959.330658152245,0.9964229611552144,-1.106471302216686e-21
883740,0.0,2.5789808884119603e-42,9959.33065815223,0.9964229611552146,-1.1061313498566357e-21
883800,0.0,2.578668999087742e-42,9959.330658152216,0.9964229611552147,-1.1057913044341816e-21
883860,0.0,2.5783564941133635e-42,9959.330658152201,0.9964229611552149,-1.1054511659493237e-21
883920,0.0,2.578043373488825e-42,9959.330658152187,0.996422961155215,-1.1051109344020616e-21
883980,0.0,2.5777296372141267e-42,9959.330658152174,0.9964229611552151,-1.1047706097923957e-21
884040,0.0,2.577415285289269e-42,9959.33065815216,0.9964229611552153,-1.104430192120326e-21
884100,0.0,2.5771003177142517e-42,9959.330658152145,0.9964229611552154,-1.1040896813858525e-21
884160,0.0,2.576784734489074e-42,9959.33065815213,0.9964229611552156,-1.1037490775889747e-21
884220,0.0,2.576468535613736e-42,9959.330658152116,0.9964229611552158,-1.1034083807296932e-21
884280,0.0,2.5761517210882388e-42,9959.330658152103,0.9964229611552159,-1.1030675908080079e-21
884340,0.0,2.575834290912582e-42,9959.330658152088,0.996422961155216,-1.1027267078239185e-21
884400,0.0,2.575516245086765e-42,9959.330658152074,0.9964229611552162,-1.1023857317774252e-21
884460,0.0,2.5751975836107883e-42,9959.33065815206,0.9964229611552163,-1.102044662668528e-21
884520,0.0,2.5748783064846516e-42,9959.330658152045,0.9964229611552164,-1.101703500497227e-21
884580,0.0,2.574558413708355e-42,9959.330658152032,0.9964229611552167,-1.101362245263522e-21
884640,0.0,2.5742379052818987e-42,9959.330658152017,0.9964229611552168,-1.101020896967413e-21
884700,0.0,2.573916781205283e-42,9959.330658152003,0.9964229611552169,-1.1006794556089002e-21
884760,0.0,2.5735950414785065e-42,9959.330658151988,0.9964229611552171,-1.1003379211879835e-21
884820,0.0,2.5732726861015706e-42,9959.330658151974,0.9964229611552172,-1.099996293704663e-21
884880,0.0,2.5729497150744752e-42,9959.33065815196,0.9964229611552173,-1.0996545731589383e-21
884940,0.0,2.57262612839722e-42,9959.330658151946,0.9964229611552176,-1.09931275955081e-21
885000,0.0,2.5723019260698046e-42,9959.330658151932,0.9964229611552177,-1.0989708528802776e-21
885060,0.0,2.5719771080922294e-42,9959.330658151917,0.9964229611552178,-1.0986288531473414e-21
885120,0.0,2.571651674464494e-42,9959.330658151903,0.996422961155218,-1.0982867603520008e-21
885180,0.0,2.5713256251865996e-42,9959.330658151888,0.9964229611552181,-1.0979445744942568e-21
885240,0.0,2.570998960258545e-42,9959.330658151874,0.9964229611552182,-1.0976022955741088e-21
885300,0.0,2.5706716796803305e-42,9959.330658151861,0.9964229611552184,-1.097259923591557e-21
885360,0.0,2.570343783451956e-42,9959.330658151846,0.9964229611552186,-1.096917458546601e-21
885420,0.0,2.570015271573422e-42,9959.330658151832,0.9964229611552188,-1.0965749004392412e-21
885480,0.0,2.569686144044728e-42,9959.330658151817,0.9964229611552189,-1.0962322492694776e-21
885540,0.0,2.5693564008658747e-42,9959.330658151803,0.996422961155219,-1.09588950503731e-21
885600,0.0,2.569026042036861e-42,9959.330658151788,0.9964229611552192,-1.0955466677427385e-21
885660,0.0,2.568695067557687e-42,9959.330658151774,0.9964229611552193,-1.095203737385763e-21
885720,0.0,2.5683634774283535e-42,9959.33065815176,0.9964229611552194,-1.0948607139663837e-21
885780,0.0,2.5680312716488604e-42,9959.330658151746,0.9964229611552197,-1.0945175974846005e-21
885840,0.0,2.5676984502192078e-42,9959.330658151732,0.9964229611552198,-1.0941743879404132e-21
885900,0.0,2.5673650131393952e-42,9959.330658151717,0.9964229611552199,-1.0938310853338222e-21
885960,0.0,2.5670309604094222e-42,9959.330658151703,0.9964229611552201,-1.0934876896648273e-21
886020,0.0,2.5666962920292892e-42,9959.330658151688,0.9964229611552202,-1.0931442009334283e-21
886080,0.0,2.5663610079989974e-42,9959.330658151674,0.9964229611552203,-1.0928006191396254e-21
886140,0.0,2.5660251083185453e-42,9959.33065815166,0.9964229611552206,-1.0924569442834188e-21
886200,0.0,2.565688592987933e-42,9959.330658151646,0.9964229611552207,-1.0921131763648081e-21
886260,0.0,2.5653514620071615e-42,9959.330658151632,0.9964229611552208,-1.0917693153837936e-21
886320,0.0,2.5650137153762295e-42,9959.330658151617,0.996422961155221,-1.091425361340375e-21
886380,0.0,2.5646753530951382e-42,9959.330658151603,0.9964229611552211,-1.0910813142345527e-21
886440,0.0,2.564336375163887e-42,9959.330658151588,0.9964229611552212,-1.0907371740663264e-21
886500,0.0,2.563996781582476e-42,9959.330658151574,0.9964229611552214,-1.0903929408356962e-21
886560,0.0,2.5636565723509044e-42,9959.330658151559,0.9964229611552216,-1.0900486145426623e-21
886620,0.0,2.5633157474691735e-42,9959.330658151546,0.9964229611552217,-1.089704195187224e-21
886680,0.0,2.5629743069372832e-42,9959.330658151532,0.9964229611552219,-1.089359682769382e-21
886740,0.0,2.562632250755233e-42,9959.330658151517,0.996422961155222,-1.0890150772891362e-21
886800,0.0,2.5622895789230225e-42,9959.330658151503,0.9964229611552222,-1.0886703787464867e-21
886860,0.0,2.5619462914406524e-42,9959.330658151488,0.9964229611552223,-1.0883255871414328e-21
886920,0.0,2.5616023883081222e-42,9959.330658151473,0.9964229611552224,-1.0879807024739753e-21
886980,0.0,2.5612578695254323e-42,9959.330658151459,0.9964229611552227,-1.0876357247441137e-21
887040,0.0,2.560912735092583e-42,9959.330658151444,0.9964229611552228,-1.0872906539518484e-21
887100,0.0,2.560566985009573e-42,9959.33065815143,0.9964229611552229,-1.086945490097179e-21
887160,0.0,2.5602206192764037e-42,9959.330658151415,0.9964229611552231,-1.0866002331801058e-21
887220,0.0,2.5598736378930746e-42,9959.330658151403,0.9964229611552232,-1.0862548832006285e-21
887280,0.0,2.5595260408595857e-42,9959.330658151388,0.9964229611552233,-1.0859094401587475e-21
887340,0.0,2.559177828175937e-42,9959.330658151373,0.9964229611552236,-1.0855639040544626e-21
887400,0.0,2.5588289998421283e-42,9959.330658151359,0.9964229611552237,-1.0852182748877736e-21
887460,0.0,2.5584795558581593e-42,9959.330658151344,0.9964229611552238,-1.0848725526586809e-21
887520,0.0,2.5581294962240313e-42,9959.33065815133,0.996422961155224,-1.0845267373671841e-21
887580,0.0,2.5577788209397432e-42,9959.330658151315,0.9964229611552241,-1.0841808290132836e-21
887640,0.0,2.557427530005295e-42,9959.3306581513,0.9964229611552242,-1.0838348275969788e-21
887700,0.0,2.5570756234206872e-42,9959.330658151286,0.9964229611552244,-1.0834887331182705e-21
887760,0.0,2.5567231011859193e-42,9959.330658151272,0.9964229611552246,-1.0831425455771581e-21
887820,0.0,2.5563699633009916e-42,9959.330658151257,0.9964229611552248,-1.0827962649736417e-21
887880,0.0,2.5560162097659043e-42,9959.330658151242,0.9964229611552249,-1.0824498913077216e-21
887940,0.0,2.5556618405806575e-42,9959.330658151228,0.996422961155225,-1.0821034245793974e-21
888000,0.0,2.55530685574525e-42,9959.330658151215,0.9964229611552252,-1.0817568647886694e-21
888060,0.0,2.5549512552596832e-42,9959.3306581512,0.9964229611552253,-1.0814102119355376e-21
888120,0.0,2.5545950391239563e-42,9959.330658151186,0.9964229611552254,-1.0810634660200016e-21
888180,0.0,2.5542382073380704e-42,9959.330658151172,0.9964229611552257,-1.0807166270420618e-21
888240,0.0,2.553880759902024e-42,9959.330658151157,0.9964229611552258,-1.080369695001718e-21
888300,0.0,2.5535226968158176e-42,9959.330658151142,0.9964229611552259,-1.0800226698989706e-21
888360,0.0,2.5531640180794512e-42,9959.330658151128,0.9964229611552261,-1.079675551733819e-21
888420,0.0,2.5528047236929257e-42,9959.330658151113,0.9964229611552262,-1.0793283405062636e-21
888480,0.0,2.5524448136562398e-42,9959.330658151099,0.9964229611552263,-1.0789810362163044e-21
888540,0.0,2.5520842879693942e-42,9959.330658151084,0.9964229611552265,-1.0786336388639412e-21
888600,0.0,2.551723146632389e-42,9959.33065815107,0.9964229611552267,-1.078286148449174e-21
888660,0.0,2.5513613896452235e-42,9959.330658151055,0.9964229611552269,-1.077938564972003e-21
888720,0.0,2.5509990170078984e-42,9959.33065815104,0.996422961155227,-1.0775908884324279e-21
888780,0.0,2.550636028720414e-42,9959.330658151026,0.9964229611552271,-1.077243118830449e-21
888840,0.0,2.5502724247827694e-42,9959.330658151011,0.9964229611552273,-1.076895256166066e-21
888900,0.0,2.5499082051949642e-42,9959.330658150997,0.9964229611552274,-1.0765473004392796e-21
888960,0.0,2.549543369957e-42,9959.330658150982,0.9964229611552275,-1.0761992516500887e-21
889020,0.0,2.549177919068876e-42,9959.330658150968,0.9964229611552278,-1.0758511097984943e-21
889080,0.0,2.548811852530592e-42,9959.330658150953,0.9964229611552279,-1.0755028748844958e-21
889140,0.0,2.548445170342148e-42,9959.330658150939,0.996422961155228,-1.0751545469080935e-21
889200,0.0,2.5480778725035444e-42,9959.330658150924,0.9964229611552282,-1.074806125869287e-21
889260,0.0,2.5477099590147805e-42,9959.33065815091,0.9964229611552283,-1.074457611768077e-21
889320,0.0,2.5473414298758572e-42,9959.330658150895,0.9964229611552285,-1.0741090046044628e-21
889380,0.0,2.5469722850867745e-42,9959.33065815088,0.9964229611552287,-1.0737603043784449e-21
889440,0.0,2.5466025246475308e-42,9959.330658150866,0.9964229611552288,-1.0734115110900228e-21
889500,0.0,2.5462321485581277e-42,9959.330658150853,0.996422961155229,-1.0730626247391971e-21
889560,0.0,2.5458611568185652e-42,9959.330658150839,0.9964229611552291,-1.0727136453259672e-21
889620,0.0,2.5454895494288426e-42,9959.330658150824,0.9964229611552292,-1.0723645728503335e-21
889680,0.0,2.5451173263889606e-42,9959.33065815081,0.9964229611552294,-1.072015407312296e-21
889740,0.0,2.5447444876989183e-42,9959.330658150795,0.9964229611552295,-1.0716661487118543e-21
889800,0.0,2.5443710333587156e-42,9959.33065815078,0.9964229611552298,-1.071316797049009e-21
889860,0.0,2.5439969633683538e-42,9959.330658150766,0.9964229611552299,-1.0709673523237597e-21
889920,0.0,2.5436222777278323e-42,9959.330658150751,0.99642296115523,-1.0706178145361064e-21
889980,0.0,2.5432469764371508e-42,9959.330658150737,0.9964229611552302,-1.0702681836860493e-21
890040,0.0,2.5428710594963092e-42,9959.330658150722,0.9964229611552303,-1.0699184597735882e-21
890100,0.0,2.5424945269053082e-42,9959.330658150708,0.9964229611552304,-1.0695686427987233e-21
890160,0.0,2.5421173786641468e-42,9959.330658150693,0.9964229611552307,-1.0692187327614545e-21
890220,0.0,2.541739614772826e-42,9959.330658150679,0.9964229611552308,-1.0688687296617816e-21
890280,0.0,2.5413612352313456e-42,9959.330658150664,0.9964229611552309,-1.0685186334997049e-21
890340,0.0,2.5409822400397044e-42,9959.33065815065,0.9964229611552311,-1.0681684442752241e-21
890400,0.0,2.540602629197904e-42,9959.330658150633,0.9964229611552312,-1.0678181619883398e-21
890460,0.0,2.540222402705944e-42,9959.330658150619,0.9964229611552314,-1.0674677866390512e-21
890520,0.0,2.539841560563824e-42,9959.330658150604,0.9964229611552315,-1.0671173182273589e-21
890580,0.0,2.539460102771544e-42,9959.33065815059,0.9964229611552317,-1.0667667567532625e-21
890640,0.0,2.5390780293291043e-42,9959.330658150575,0.9964229611552319,-1.0664161022167624e-21
890700,0.0,2.538695340236504e-42,9959.33065815056,0.996422961155232,-1.0660653546178582e-21
890760,0.0,2.5383120354937452e-42,9959.330658150546,0.9964229611552321,-1.0657145139565502e-21
890820,0.0,2.537928115100826e-42,9959.330658150531,0.9964229611552323,-1.0653635802328382e-21
890880,0.0,2.5375435790577466e-42,9959.330658150517,0.9964229611552324,-1.0650125534467225e-21
890940,0.0,2.5371584273645078e-42,9959.330658150502,0.9964229611552327,-1.0646614335982027e-21
891000,0.0,2.536772660021109e-42,9959.330658150488,0.9964229611552328,-1.0643102206872791e-21
891060,0.0,2.5363862770275502e-42,9959.330658150473,0.9964229611552329,-1.0639589147139515e-21
891120,0.0,2.5359992783838323e-42,9959.330658150458,0.9964229611552331,-1.06360751567822e-21
891180,0.0,2.535611664089954e-42,9959.330658150444,0.9964229611552332,-1.0632560235800845e-21
891240,0.0,2.5352234341459154e-42,9959.33065815043,0.9964229611552333,-1.0629044384195451e-21
891300,0.0,2.5348345885517174e-42,9959.330658150415,0.9964229611552335,-1.062552760196602e-21
891360,0.0,2.53444512730736e-42,9959.3306581504,0.9964229611552337,-1.0622009889112549e-21
891420,0.0,2.5340550504128424e-42,9959.330658150386,0.9964229611552339,-1.0618491245635037e-21
891480,0.0,2.533664357868165e-42,9959.330658150371,0.996422961155234,-1.0614971671533487e-21
891540,0.0,2.5332730496733276e-42,9959.330658150357,0.9964229611552341,-1.0611451166807899e-21
891600,0.0,2.53288112582833e-42,9959.330658150342,0.9964229611552343,-1.060792973145827e-21
891660,0.0,2.5324885863331733e-42,9959.330658150328,0.9964229611552344,-1.0604407365484604e-21
891720,0.0,2.5320954311878565e-42,9959.330658150313,0.9964229611552345,-1.0600884068886896e-21
891780,0.0,2.53170166039238e-42,9959.330658150298,0.9964229611552348,-1.0597359841665153e-21
891840,0.0,2.5313072739467435e-42,9959.330658150284,0.9964229611552349,-1.0593834683819365e-21
891900,0.0,2.530912271850947e-42,9959.330658150267,0.9964229611552351,-1.0590308595349542e-21
891960,0.0,2.530516654104991e-42,9959.330658150253,0.9964229611552352,-1.058678157625568e-21
892020,0.0,2.5301204207088753e-42,9959.330658150238,0.9964229611552353,-1.0583253626537777e-21
892080,0.0,2.5297235716625996e-42,9959.330658150224,0.9964229611552355,-1.0579724746195837e-21
892140,0.0,2.5293261069661635e-42,9959.33065815021,0.9964229611552357,-1.0576194935229856e-21
892200,0.0,2.528928026619568e-42,9959.330658150195,0.9964229611552359,-1.0572664193639838e-21
892260,0.0,2.528529330622813e-42,9959.33065815018,0.996422961155236,-1.0569132521425779e-21
892320,0.0,2.528130018975898e-42,9959.330658150166,0.9964229611552361,-1.0565599918587682e-21
892380,0.0,2.5277300916788228e-42,9959.330658150151,0.9964229611552363,-1.0562066385125545e-21
892440,0.0,2.527329548731588e-42,9959.330658150137,0.9964229611552364,-1.0558531921039369e-21
892500,0.0,2.5269283901341933e-42,9959.330658150122,0.9964229611552365,-1.0554996526329154e-21
892560,0.0,2.5265266158866388e-42,9959.330658150107,0.9964229611552368,-1.0551460200994899e-21
892620,0.0,2.526124225988925e-42,9959.330658150091,0.9964229611552369,-1.0547922945036606e-21
892680,0.0,2.5257212204410503e-42,9959.330658150076,0.9964229611552371,-1.0544384758454275e-21
892740,0.0,2.5253175992430163e-42,9959.330658150062,0.9964229611552372,-1.0540845641247902e-21
892800,0.0,2.5249133623948226e-42,9959.330658150047,0.9964229611552373,-1.053730559341749e-21
892860,0.0,2.524508509896469e-42,9959.330658150033,0.9964229611552375,-1.0533764614963044e-21
892920,0.0,2.5241030417479557e-42,9959.330658150018,0.9964229611552377,-1.0530222705884554e-21
892980,0.0,2.5236969579492825e-42,9959.330658150004,0.9964229611552379,-1.0526679866182025e-21
893040,0.0,2.5232902585004486e-42,9959.33065814999,0.996422961155238,-1.0523136095855458e-21
893100,0.0,2.5228829434014562e-42,9959.330658149975,0.9964229611552381,-1.0519591394904853e-21
893160,0.0,2.5224750126523032e-42,9959.33065814996,0.9964229611552383,-1.0516045763330208e-21
893220,0.0,2.5220664662529905e-42,9959.330658149944,0.9964229611552384,-1.0512499201131522e-21
893280,0.0,2.521657304203518e-42,9959.33065814993,0.9964229611552385,-1.0508951708308799e-21
893340,0.0,2.5212475265038855e-42,9959.330658149915,0.9964229611552388,-1.0505403284862035e-21
893400,0.0,2.5208371331540936e-42,9959.3306581499,0.9964229611552389,-1.0501853930791234e-21
893460,0.0,2.520426124154142e-42,9959.330658149885,0.9964229611552391,-1.0498303646096394e-21
893520,0.0,2.52001449950403e-42,9959.330658149871,0.9964229611552392,-1.0494752430777513e-21
893580,0.0,2.519602259203758e-42,9959.330658149856,0.9964229611552393,-1.0491200284834593e-21
893640,0.0,2.5191894032533264e-42,9959.330658149842,0.9964229611552395,-1.0487647208267634e-21
893700,0.0,2.518775931652735e-42,9959.330658149825,0.9964229611552397,-1.0484093201076636e-21
893760,0.0,2.5183618444019843e-42,9959.330658149811,0.9964229611552399,-1.04805382632616e-21
893820,0.0,2.517947141501073e-42,9959.330658149796,0.99642296115524,-1.0476982394822525e-21
893880,0.0,2.5175318229500024e-42,9959.330658149782,0.9964229611552401,-1.047342559575941e-21
893940,0.0,2.517115888748771e-42,9959.330658149767,0.9964229611552403,-1.0469867866072255e-21
894000,0.0,2.516699338897381e-42,9959.330658149753,0.9964229611552404,-1.0466309205761063e-21
894060,0.0,2.5162821733958308e-42,9959.330658149738,0.9964229611552406,-1.046274961482583e-21
894120,0.0,2.5158643922441202e-42,9959.330658149724,0.9964229611552408,-1.0459189093266557e-21
894180,0.0,2.5154459954422503e-42,9959.330658149707,0.9964229611552409,-1.0455627641083247e-21
894240,0.0,2.5150269829902203e-42,9959.330658149693,0.9964229611552411,-1.0452065258275897e-21
894300,0.0,2.514607354888031e-42,9959.330658149678,0.9964229611552412,-1.044850194484451e-21
894360,0.0,2.5141871111356815e-42,9959.330658149664,0.9964229611552414,-1.0444937700789081e-21
894420,0.0,2.5137662517331724e-42,9959.330658149649,0.9964229611552415,-1.0441372526109615e-21
894480,0.0,2.5133447766805025e-42,9959.330658149634,0.9964229611552416,-1.0437806420806109e-21
894540,0.0,2.5129226859776736e-42,9959.33065814962,0.9964229611552419,-1.0434239384878562e-21
894600,0.0,2.512499979624685e-42,9959.330658149604,0.996422961155242,-1.0430671418326978e-21
894660,0.0,2.5120766576215363e-42,9959.330658149589,0.9964229611552422,-1.0427102521151354e-21
894720,0.0,2.511652719968228e-42,9959.330658149574,0.9964229611552423,-1.0423532693351692e-21
894780,0.0,2.511228166664759e-42,9959.33065814956,0.9964229611552424,-1.041996193492799e-21
894840,0.0,2.5108029977111312e-42,9959.330658149545,0.9964229611552426,-1.0416390245880249e-21
894900,0.0,2.510377213107343e-42,9959.33065814953,0.9964229611552428,-1.0412817626208468e-21
894960,0.0,2.5099508128533957e-42,9959.330658149514,0.996422961155243,-1.040924407591265e-21
895020,0.0,2.5095237969492874e-42,9959.3306581495,0.9964229611552431,-1.0405669594992791e-21
895080,0.0,2.50909616539502e-42,9959.330658149485,0.9964229611552432,-1.0402094183448894e-21
895140,0.0,2.5086679181905925e-42,9959.33065814947,0.9964229611552434,-1.0398517841280956e-21
895200,0.0,2.5082390553360057e-42,9959.330658149456,0.9964229611552435,-1.0394940568488981e-21
895260,0.0,2.5078095768312585e-42,9959.33065814944,0.9964229611552438,-1.0391362365072966e-21
895320,0.0,2.5073794826763515e-42,9959.330658149425,0.9964229611552439,-1.0387783231032912e-21
895380,0.0,2.5069487728712845e-42,9959.33065814941,0.996422961155244,-1.0384203166368819e-21
895440,0.0,2.506517447416058e-42,9959.330658149396,0.9964229611552442,-1.0380622171080686e-21
895500,0.0,2.506085506310672e-42,9959.330658149382,0.9964229611552443,-1.0377040245168515e-21
895560,0.0,2.505652949555126e-42,9959.330658149367,0.9964229611552445,-1.0373457388632302e-21
895620,0.0,2.5052197771494197e-42,9959.33065814935,0.9964229611552446,-1.0369873601472055e-21
895680,0.0,2.504785989093553e-42,9959.330658149336,0.9964229611552448,-1.0366288883687764e-21
895740,0.0,2.5043515853875278e-42,9959.330658149322,0.996422961155245,-1.0362703235279437e-21
895800,0.0,2.5039165660313424e-42,9959.330658149307,0.9964229611552451,-1.035911665624707e-21
895860,0.0,2.503480931024997e-42,9959.330658149293,0.9964229611552453,-1.0355529146590665e-21
895920,0.0,2.5030446803684916e-42,9959.330658149276,0.9964229611552454,-1.0351940706310218e-21
895980,0.0,2.5026078140618264e-42,9959.330658149262,0.9964229611552455,-1.0348351335405735e-21
896040,0.0,2.5021703321050018e-42,9959.330658149247,0.9964229611552458,-1.034476103387721e-21
896100,0.0,2.501732234498017e-42,9959.330658149232,0.9964229611552459,-1.0341169801724648e-21
896160,0.0,2.5012935212408728e-42,9959.330658149218,0.9964229611552461,-1.0337577638948045e-21
896220,0.0,2.5008541923335677e-42,9959.330658149202,0.9964229611552462,-1.0333984545547406e-21
896280,0.0,2.5004142477761036e-42,9959.330658149187,0.9964229611552463,-1.0330390521522724e-21
896340,0.0,2.4999736875684798e-42,9959.330658149172,0.9964229611552465,-1.0326795566874005e-21
896400,0.0,2.499532511710696e-42,9959.330658149158,0.9964229611552466,-1.0323199681601247e-21
896460,0.0,2.4990907202027522e-42,9959.330658149142,0.9964229611552469,-1.031960286570445e-21
896520,0.0,2.4986483130446486e-42,9959.330658149127,0.996422961155247,-1.0316005119183612e-21
896580,0.0,2.4982052902363852e-42,9959.330658149112,0.9964229611552471,-1.0312406442038738e-21
896640,0.0,2.4977616517779618e-42,9959.330658149098,0.9964229611552473,-1.0308806834269821e-21
896700,0.0,2.4973173976693792e-42,9959.330658149083,0.9964229611552474,-1.030520629587687e-21
896760,0.0,2.4968725279106357e-42,9959.330658149067,0.9964229611552476,-1.0301604826859875e-21
896820,0.0,2.496427042501733e-42,9959.330658149052,0.9964229611552478,-1.0298002427218842e-21
896880,0.0,2.4959809414426705e-42,9959.330658149038,0.9964229611552479,-1.0294399096953772e-21
896940,0.0,2.4955342247334484e-42,9959.330658149023,0.9964229611552481,-1.029079483606466e-21
897000,0.0,2.495086892374066e-42,9959.330658149007,0.9964229611552482,-1.028718964455151e-21
897060,0.0,2.494638944364524e-42,9959.330658148992,0.9964229611552484,-1.0283583522414322e-21
897120,0.0,2.4941903807048217e-42,9959.330658148978,0.9964229611552485,-1.0279976469653094e-21
897180,0.0,2.49374120139496e-42,9959.330658148963,0.9964229611552488,-1.0276368486267828e-21
897240,0.0,2.4932914064349387e-42,9959.330658148947,0.9964229611552489,-1.027275957225852e-21
897300,0.0,2.492840995824757e-42,9959.330658148932,0.996422961155249,-1.0269149727625176e-21
897360,0.0,2.492389969564416e-42,9959.330658148918,0.9964229611552492,-1.0265538952367792e-21
897420,0.0,2.491938327653915e-42,9959.330658148903,0.9964229611552493,-1.0261927246486368e-21
897480,0.0,2.4914860700932537e-42,9959.330658148887,0.9964229611552495,-1.0258314609980906e-21
897540,0.0,2.491033196882433e-42,9959.330658148872,0.9964229611552496,-1.0254701042851401e-21
897600,0.0,2.4905797080214528e-42,9959.330658148858,0.9964229611552498,-1.0251086545097861e-21
897660,0.0,2.4901256035103118e-42,9959.330658148843,0.99642296115525,-1.024747111672028e-21
897720,0.0,2.4896708833490114e-42,9959.330658148827,0.9964229611552501,-1.0243854757718662e-21
897780,0.0,2.4892155475375516e-42,9959.330658148812,0.9964229611552503,-1.0240237468093004e-21
897840,0.0,2.4887595960759318e-42,9959.330658148798,0.9964229611552504,-1.0236619247843306e-21
897900,0.0,2.4883030289641522e-42,9959.330658148783,0.9964229611552505,-1.0233000096969569e-21
897960,0.0,2.4878458462022126e-42,9959.330658148767,0.9964229611552508,-1.0229380015471794e-21
898020,0.0,2.4873880477901126e-42,9959.330658148752,0.9964229611552509,-1.022575900334998e-21
898080,0.0,2.4869296337278536e-42,9959.330658148738,0.9964229611552511,-1.0222137060604125e-21
898140,0.0,2.4864706040154345e-42,9959.330658148721,0.9964229611552512,-1.021851418723423e-21
898200,0.0,2.4860109586528556e-42,9959.330658148707,0.9964229611552514,-1.02148903832403e-21
898260,0.0,2.4855506976401168e-42,9959.330658148692,0.9964229611552515,-1.0211265648622327e-21
898320,0.0,2.4850898209772182e-42,9959.330658148678,0.9964229611552516,-1.0207639983380318e-21
898380,0.0,2.4846283286641595e-42,9959.330658148661,0.9964229611552519,-1.0204013387514268e-21
898440,0.0,2.4841662207009418e-42,9959.330658148647,0.996422961155252,-1.0200385861024179e-21
898500,0.0,2.4837034970875637e-42,9959.330658148632,0.9964229611552522,-1.019675740391005e-21
898560,0.0,2.4832401578240253e-42,9959.330658148616,0.9964229611552523,-1.0193128016171885e-21
898620,0.0,2.4827762029103274e-42,9959.330658148601,0.9964229611552524,-1.0189497697809678e-21
898680,0.0,2.48231163234647e-42,9959.330658148587,0.9964229611552526,-1.0185866448823435e-21
898740,0.0,2.4818464461324525e-42,9959.330658148572,0.9964229611552528,-1.0182234269213148e-21
898800,0.0,2.4813806442682752e-42,9959.330658148556,0.996422961155253,-1.0178601158978825e-21
898860,0.0,2.480914226753938e-42,9959.330658148541,0.9964229611552531,-1.0174967118120462e-21
898920,0.0,2.480447193589441e-42,9959.330658148527,0.9964229611552533,-1.017133214663806e-21
898980,0.0,2.4799795447747844e-42,9959.33065814851,0.9964229611552534,-1.016769624453162e-21
899040,0.0,2.4795112803099682e-42,9959.330658148496,0.9964229611552535,-1.016405941180114e-21
899100,0.0,2.4790424001949913e-42,9959.330658148481,0.9964229611552538,-1.016042164844662e-21
899160,0.0,2.4785729044298546e-42,9959.330658148465,0.9964229611552539,-1.0156782954468063e-21
899220,0.0,2.4781027930145585e-42,9959.33065814845,0.9964229611552541,-1.0153143329865464e-21
899280,0.0,2.477632065949103e-42,9959.330658148436,0.9964229611552542,-1.0149502774638828e-21
899340,0.0,2.4771607232334872e-42,9959.33065814842,0.9964229611552544,-1.0145861288788151e-21
899400,0.0,2.4766887648677114e-42,9959.330658148405,0.9964229611552545,-1.0142218872313437e-21
899460,0.0,2.4762161908517755e-42,9959.33065814839,0.9964229611552546,-1.0138575525214684e-21
899520,0.0,2.47574300118568e-42,9959.330658148374,0.9964229611552549,-1.0134931247491888e-21
899580,0.0,2.4752691958694254e-42,9959.33065814836,0.996422961155255,-1.0131286039145059e-21
899640,0.0,2.4747947749030106e-42,9959.330658148345,0.9964229611552552,-1.0127639900174185e-21
899700,0.0,2.4743197382864355e-42,9959.33065814833,0.9964229611552553,-1.0123992830579275e-21
899760,0.0,2.473844086019701e-42,9959.330658148314,0.9964229611552555,-1.0120344830360326e-21
899820,0.0,2.4733678181028064e-42,9959.3306581483,0.9964229611552556,-1.0116695899517338e-21
899880,0.0,2.472890934535752e-42,9959.330658148285,0.9964229611552557,-1.011304603805031e-21
899940,0.0,2.4724134353185383e-42,9959.330658148268,0.996422961155256,-1.0109395245959242e-21
900000,0.0,2.471935320451164e-42,9959.330658148254,0.9964229611552561,-1.0105743523244136e-21
900060,0.0,2.47145658993363e-42,9959.330658148237,0.9964229611552563,-1.010209086990499e-21
900120,0.0,2.4709772437659363e-42,9959.330658148223,0.9964229611552564,-1.0098437285941806e-21
900180,0.0,2.4704972819480834e-42,9959.330658148208,0.9964229611552566,-1.0094782771354584e-21
900240,0.0,2.47001670448007e-42,9959.330658148192,0.9964229611552567,-1.0091127326143318e-21
900300,0.0,2.4695355113618967e-42,9959.330658148177,0.9964229611552569,-1.0087470950308018e-21
900360,0.0,2.4690537025935633e-42,9959.330658148163,0.9964229611552571,-1.0083813643848678e-21
900420,0.0,2.468571278175071e-42,9959.330658148147,0.9964229611552572,-1.0080155406765298e-21
900480,0.0,2.468088238106418e-42,9959.330658148132,0.9964229611552574,-1.0076496239057877e-21
900540,0.0,2.4676045823876055e-42,9959.330658148117,0.9964229611552575,-1.007283614072642e-21
900600,0.0,2.4671203110186332e-42,9959.330658148101,0.9964229611552577,-1.006917511177092e-21
900660,0.0,2.466635423999501e-42,9959.330658148087,0.9964229611552579,-1.0065513152191386e-21
900720,0.0,2.4661499213302088e-42,9959.330658148072,0.996422961155258,-1.006185026198781e-21
900780,0.0,2.4656638030107574e-42,9959.330658148056,0.9964229611552582,-1.0058186441160196e-21
900840,0.0,2.465177069041146e-42,9959.330658148041,0.9964229611552583,-1.0054521689708541e-21
900900,0.0,2.4646897194213737e-42,9959.330658148025,0.9964229611552585,-1.0050856007632849e-21
900960,0.0,2.4642017541514424e-42,9959.33065814801,0.9964229611552586,-1.0047189394933116e-21
901020,0.0,2.4637131732313517e-42,9959.330658147996,0.9964229611552589,-1.0043521851609345e-21
901080,0.0,2.4632239766611007e-42,9959.33065814798,0.996422961155259,-1.0039853377661535e-21
901140,0.0,2.4627341644406896e-42,9959.330658147965,0.9964229611552591,-1.0036183973089684e-21
901200,0.0,2.462243736570119e-42,9959.33065814795,0.9964229611552593,-1.0032513637893795e-21
901260,0.0,2.4617526930493883e-42,9959.330658147934,0.9964229611552594,-1.0028842372073869e-21
901320,0.0,2.461261033878498e-42,9959.33065814792,0.9964229611552596,-1.00251701756299e-21
901380,0.0,2.4607687590574484e-42,9959.330658147903,0.9964229611552597,-1.0021497048561895e-21
901440,0.0,2.4602758685862377e-42,9959.330658147888,0.99642296115526,-1.0017822990869848e-21
901500,0.0,2.459782362464868e-42,9959.330658147874,0.9964229611552601,-1.0014148002553763e-21
901560,0.0,2.459288240693338e-42,9959.330658147857,0.9964229611552602,-1.001047208361364e-21
901620,0.0,2.4587935032716486e-42,9959.330658147843,0.9964229611552604,-1.0006795234049477e-21
901680,0.0,2.4582981501997997e-42,9959.330658147826,0.9964229611552605,-1.0003117453861278e-21
901740,0.0,2.4578021814777904e-42,9959.330658147812,0.9964229611552607,-9.999438743049035e-22
901800,0.0,2.4573055971056208e-42,9959.330658147797,0.9964229611552609,-9.995759101612756e-22
901860,0.0,2.456808397083292e-42,9959.330658147781,0.9964229611552611,-9.992078529552437e-22
901920,0.0,2.4563105814108036e-42,9959.330658147766,0.9964229611552612,-9.98839702686808e-22
901980,0.0,2.455812150088155e-42,9959.33065814775,0.9964229611552614,-9.98471459355968e-22
902040,0.0,2.455313103115347e-42,9959.330658147735,0.9964229611552615,-9.981031229627243e-22
902100,0.0,2.4548134404923786e-42,9959.33065814772,0.9964229611552616,-9.977346935070768e-22
902160,0.0,2.4543131622192503e-42,9959.330658147705,0.9964229611552619,-9.973661709890254e-22
902220,0.0,2.4538122682959625e-42,9959.33065814769,0.996422961155262,-9.9699755540857e-22
902280,0.0,2.453310758722515e-42,9959.330658147674,0.9964229611552622,-9.966288467657108e-22
902340,0.0,2.4528086334989073e-42,9959.330658147659,0.9964229611552623,-9.962600450604474e-22
902400,0.0,2.4523058926251398e-42,9959.330658147644,0.9964229611552625,-9.958911502927803e-22
902460,0.0,2.4518025361012125e-42,9959.330658147628,0.9964229611552626,-9.955221624627093e-22
902520,0.0,2.4512985639271258e-42,9959.330658147614,0.9964229611552629,-9.951530815702343e-22
902580,0.0,2.450793976102879e-42,9959.330658147597,0.996422961155263,-9.947839076153554e-22
902640,0.0,2.450288772628472e-42,9959.330658147583,0.9964229611552631,-9.944146405980726e-22
902700,0.0,2.4497829535039053e-42,9959.330658147566,0.9964229611552633,-9.940452805183858e-22
902760,0.0,2.449276518729179e-42,9959.330658147552,0.9964229611552634,-9.936758273762955e-22
902820,0.0,2.448769468304293e-42,9959.330658147537,0.9964229611552636,-9.933062811718009e-22
902880,0.0,2.448261802229247e-42,9959.33065814752,0.9964229611552637,-9.929366419049025e-22
902940,0.0,2.4477535205040408e-42,9959.330658147506,0.996422961155264,-9.925669095756e-22
903000,0.0,2.447244623128675e-42,9959.33065814749,0.9964229611552641,-9.921970841838937e-22
903060,0.0,2.4467351101031496e-42,9959.330658147475,0.9964229611552643,-9.918271657297835e-22
903120,0.0,2.4462249814274644e-42,9959.330658147459,0.9964229611552644,-9.914571542132695e-22
903180,0.0,2.4457142371016192e-42,9959.330658147444,0.9964229611552645,-9.910870496343515e-22
903240,0.0,2.4452028771256136e-42,9959.330658147428,0.9964229611552647,-9.907168519930295e-22
903300,0.0,2.444690901499449e-42,9959.330658147413,0.9964229611552649,-9.903465612893037e-22
903360,0.0,2.4441783102231245e-42,9959.330658147399,0.9964229611552651,-9.89976177523174e-22
903420,0.0,2.44366510329664e-42,9959.330658147383,0.9964229611552652,-9.896057006946404e-22
903480,0.0,2.4431512807199956e-42,9959.330658147368,0.9964229611552654,-9.892351308037028e-22
903540,0.0,2.4426368424931914e-42,9959.330658147352,0.9964229611552655,-9.888644678503612e-22
903600,0.0,2.4421217886162268e-42,9959.330658147337,0.9964229611552657,-9.884937118346158e-22
903660,0.0,2.441606119089103e-42,9959.33065814732,0.9964229611552659,-9.881228627564665e-22
903720,0.0,2.4410898339118194e-42,9959.330658147306,0.996422961155266,-9.877519206159133e-22
903780,0.0,2.4405729330843757e-42,9959.33065814729,0.9964229611552662,-9.873808854129562e-22
903840,0.0,2.4400554166067725e-42,9959.330658147275,0.9964229611552663,-9.870097571475952e-22
903900,0.0,2.439537284479009e-42,9959.330658147259,0.9964229611552665,-9.866385358198303e-22
903960,0.0,2.439018536701086e-42,9959.330658147244,0.9964229611552666,-9.862672214296613e-22
904020,0.0,2.4384991732730034e-42,9959.330658147228,0.9964229611552669,-9.858958139770886e-22
904080,0.0,2.4379791941947607e-42,9959.330658147213,0.996422961155267,-9.85524313462112e-22
904140,0.0,2.4374585994663576e-42,9959.330658147197,0.9964229611552672,-9.851527198847313e-22
904200,0.0,2.4369373890877952e-42,9959.330658147182,0.9964229611552673,-9.847810332449466e-22
904260,0.0,2.4364155630590733e-42,9959.330658147166,0.9964229611552674,-9.844092535427583e-22
904320,0.0,2.435893121380191e-42,9959.330658147152,0.9964229611552676,-9.84037380778166e-22
904380,0.0,2.435370064051149e-42,9959.330658147135,0.9964229611552677,-9.836654149511698e-22
904440,0.0,2.4348463910719474e-42,9959.33065814712,0.996422961155268,-9.832933560617695e-22
904500,0.0,2.4343221024425857e-42,9959.330658147106,0.9964229611552681,-9.829212041099656e-22
904560,0.0,2.4337971981630643e-42,9959.33065814709,0.9964229611552683,-9.825489590957575e-22
904620,0.0,2.4332716782333834e-42,9959.330658147075,0.9964229611552684,-9.821766210191456e-22
904680,0.0,2.432745542653542e-42,9959.330658147059,0.9964229611552686,-9.818041898801297e-22
904740,0.0,2.432218791423541e-42,9959.330658147044,0.9964229611552687,-9.8143166567871e-22
904800,0.0,2.4316914245433802e-42,9959.330658147028,0.996422961155269,-9.810590484148863e-22
904860,0.0,2.43116344201306e-42,9959.330658147013,0.9964229611552691,-9.806863380886587e-22
904920,0.0,2.4306348438325794e-42,9959.330658146997,0.9964229611552692,-9.803135347000272e-22
904980,0.0,2.430105630001939e-42,9959.33065814698,0.9964229611552694,-9.79940638248992e-22
905040,0.0,2.4295758005211384e-42,9959.330658146966,0.9964229611552695,-9.795676487355526e-22
905100,0.0,2.429045355390179e-42,9959.33065814695,0.9964229611552697,-9.791945661597094e-22
905160,0.0,2.428514294609059e-42,9959.330658146935,0.9964229611552698,-9.788213905214623e-22
905220,0.0,2.4279826181777794e-42,9959.330658146919,0.9964229611552701,-9.784481218208113e-22
905280,0.0,2.42745032609634e-42,9959.330658146904,0.9964229611552702,-9.780747600577564e-22
905340,0.0,2.4269174183647405e-42,9959.330658146888,0.9964229611552704,-9.777013052322974e-22
905400,0.0,2.4263838949829817e-42,9959.330658146873,0.9964229611552705,-9.773277573444345e-22
905460,0.0,2.4258497559510628e-42,9959.330658146857,0.9964229611552707,-9.76954116394168e-22
905520,0.0,2.425315001268984e-42,9959.330658146842,0.9964229611552708,-9.765803823814974e-22
905580,0.0,2.424779630936745e-42,9959.330658146826,0.9964229611552711,-9.762065553064228e-22
905640,0.0,2.4242436449543467e-42,9959.330658146811,0.9964229611552712,-9.758326351689442e-22
905700,0.0,2.4237070433217882e-42,9959.330658146795,0.9964229611552713,-9.754586219690619e-22
905760,0.0,2.4231698260390707e-42,9959.33065814678,0.9964229611552715,-9.750845157067757e-22
905820,0.0,2.4226319931061925e-42,9959.330658146764,0.9964229611552716,-9.747103163820855e-22
905880,0.0,2.422093544523155e-42,9959.33065814675,0.9964229611552718,-9.743360239949915e-22
905940,0.0,2.4215544802899565e-42,9959.330658146733,0.996422961155272,-9.739616385454933e-22
906000,0.0,2.4210148004065995e-42,9959.330658146719,0.9964229611552722,-9.735871600335915e-22
906060,0.0,2.4204745048730823e-42,9959.330658146702,0.9964229611552723,-9.732125884592857e-22
906120,0.0,2.4199335936894052e-42,9959.330658146686,0.9964229611552725,-9.728379238225761e-22
906180,0.0,2.419392066855568e-42,9959.330658146671,0.9964229611552726,-9.724631661234623e-22
906240,0.0,2.4188499243715713e-42,9959.330658146655,0.9964229611552728,-9.720883153619447e-22
906300,0.0,2.4183071662374147e-42,9959.33065814664,0.996422961155273,-9.717133715380233e-22
906360,0.0,2.4177637924530986e-42,9959.330658146624,0.9964229611552732,-9.71338334651698e-22
906420,0.0,2.4172198030186222e-42,9959.33065814661,0.9964229611552733,-9.709632047029686e-22
906480,0.0,2.4166751979339854e-42,9959.330658146593,0.9964229611552734,-9.705879816918356e-22
906540,0.0,2.4161299771991895e-42,9959.330658146579,0.9964229611552736,-9.702126656182982e-22
906600,0.0,2.4155841408142342e-42,9959.330658146562,0.9964229611552737,-9.698372564823573e-22
906660,0.0,2.4150376887791186e-42,9959.330658146546,0.996422961155274,-9.694617542840123e-22
906720,0.0,2.414490621093843e-42,9959.330658146531,0.9964229611552741,-9.690861590232635e-22
906780,0.0,2.4139429377584075e-42,9959.330658146515,0.9964229611552743,-9.687104707001106e-22
906840,0.0,2.4133946387728124e-42,9959.3306581465,0.9964229611552744,-9.68334689314554e-22
906900,0.0,2.4128457241370575e-42,9959.330658146484,0.9964229611552746,-9.679588148665933e-22
906960,0.0,2.412296193851143e-42,9959.33065814647,0.9964229611552747,-9.675828473562288e-22
907020,0.0,2.411746047915068e-42,9959.330658146453,0.996422961155275,-9.672067867834604e-22
907080,0.0,2.4111952863288333e-42,9959.330658146437,0.9964229611552751,-9.668306331482881e-22
907140,0.0,2.410643909092439e-42,9959.330658146422,0.9964229611552753,-9.664543864507118e-22
907200,0.0,2.410091916205885e-42,9959.330658146406,0.9964229611552754,-9.660780466907318e-22
907260,0.0,2.4095393076691712e-42,9959.330658146391,0.9964229611552756,-9.657016138683475e-22
907320,0.0,2.4089860834822973e-42,9959.330658146375,0.9964229611552757,-9.653250879835596e-22
907380,0.0,2.408432243645263e-42,9959.330658146358,0.9964229611552758,-9.649484690363677e-22
907440,0.0,2.40787778815807e-42,9959.330658146344,0.9964229611552761,-9.645717570267718e-22
907500,0.0,2.4073227170207167e-42,9959.330658146328,0.9964229611552762,-9.641949519547721e-22
907560,0.0,2.4067670302332036e-42,9959.330658146313,0.9964229611552764,-9.638180538203684e-22
907620,0.0,2.4062107277955304e-42,9959.330658146297,0.9964229611552765,-9.63441062623561e-22
907680,0.0,2.4056538097076975e-42,9959.33065814628,0.9964229611552767,-9.630639783643494e-22
907740,0.0,2.405096275969705e-42,9959.330658146266,0.9964229611552768,-9.62686801042734e-22
907800,0.0,2.4045381265815523e-42,9959.33065814625,0.9964229611552771,-9.623095306587146e-22
907860,0.0,2.4039793615432405e-42,9959.330658146235,0.9964229611552772,-9.619321672122915e-22
907920,0.0,2.4034199808547678e-42,9959.330658146218,0.9964229611552774,-9.615547107034643e-22
907980,0.0,2.4028599845161357e-42,9959.330658146202,0.9964229611552775,-9.611771611322334e-22
908040,0.0,2.4022993725273438e-42,9959.330658146187,0.9964229611552777,-9.607995184985983e-22
908100,0.0,2.4017381448883925e-42,9959.330658146171,0.9964229611552778,-9.604217828025595e-22
908160,0.0,2.401176301599281e-42,9959.330658146157,0.9964229611552781,-9.600439540441168e-22
908220,0.0,2.4006138426600095e-42,9959.33065814614,0.9964229611552782,-9.5966603222327e-22
908280,0.0,2.400050768070578e-42,9959.330658146124,0.9964229611552784,-9.592880173400195e-22
908340,0.0,2.3994870778309873e-42,9959.33065814611,0.9964229611552785,-9.58909909394365e-22
908400,0.0,2.3989227719412365e-42,9959.330658146093,0.9964229611552787,-9.585317083863064e-22
908460,0.0,2.3983578504013256e-42,9959.330658146077,0.9964229611552788,-9.581534143158442e-22
908520,0.0,2.3977923132112553e-42,9959.330658146062,0.9964229611552791,-9.577750271829779e-22
908580,0.0,2.3972261603710246e-42,9959.330658146046,0.9964229611552792,-9.573965469877079e-22
908640,0.0,2.3966593918806345e-42,9959.330658146031,0.9964229611552793,-9.570179737300335e-22
908700,0.0,2.396092007740085e-42,9959.330658146015,0.9964229611552795,-9.566393074099557e-22
908760,0.0,2.395524007949375e-42,9959.330658145998,0.9964229611552796,-9.562605480274738e-22
908820,0.0,2.3949553925085047e-42,9959.330658145984,0.9964229611552798,-9.55881695582588e-22
908880,0.0,2.3943861614174754e-42,9959.330658145967,0.99642296115528,-9.555027500752982e-22
908940,0.0,2.3938163146762864e-42,9959.330658145951,0.9964229611552802,-9.551237115056046e-22
909000,0.0,2.393245852284937e-42,9959.330658145936,0.9964229611552803,-9.54744579873507e-22
909060,0.0,2.392674774243428e-42,9959.33065814592,0.9964229611552805,-9.543653551790056e-22
909120,0.0,2.392103080551759e-42,9959.330658145904,0.9964229611552806,-9.539860374221002e-22
909180,0.0,2.3915307712099302e-42,9959.33065814589,0.9964229611552808,-9.53606626602791e-22
909240,0.0,2.3909578462179416e-42,9959.330658145873,0.996422961155281,-9.532271227210776e-22
909300,0.0,2.3903843055757936e-42,9959.330658145858,0.9964229611552812,-9.528475257769606e-22
909360,0.0,2.3898101492834853e-42,9959.330658145842,0.9964229611552813,-9.524678357704395e-22
909420,0.0,2.3892353773410172e-42,9959.330658145826,0.9964229611552815,-9.520880527015147e-22
909480,0.0,2.388659989748389e-42,9959.330658145811,0.9964229611552816,-9.517081765701857e-22
909540,0.0,2.3880839865056015e-42,9959.330658145795,0.9964229611552818,-9.513282073764529e-22
909600,0.0,2.3875073676126543e-42,9959.330658145778,0.996422961155282,-9.509481451203162e-22
909660,0.0,2.386930133069547e-42,9959.330658145764,0.9964229611552822,-9.505679898017756e-22
909720,0.0,2.3863522828762793e-42,9959.330658145747,0.9964229611552823,-9.501877414208311e-22
909780,0.0,2.3857738170328522e-42,9959.330658145731,0.9964229611552825,-9.498073999774827e-22
909840,0.0,2.3851947355392654e-42,9959.330658145716,0.9964229611552826,-9.494269654717302e-22
909900,0.0,2.384615038395519e-42,9959.3306581457,0.9964229611552828,-9.49046437903574e-22
909960,0.0,2.3840347256016123e-42,9959.330658145684,0.996422961155283,-9.48665817273014e-22
910020,0.0,2.3834537971575457e-42,9959.330658145667,0.9964229611552832,-9.482851035800498e-22
910080,0.0,2.3828722530633194e-42,9959.330658145653,0.9964229611552833,-9.47904296824682e-22
910140,0.0,2.3822900933189333e-42,9959.330658145636,0.9964229611552835,-9.475233970069099e-22
910200,0.0,2.381707317924388e-42,9959.33065814562,0.9964229611552836,-9.471424041267342e-22
910260,0.0,2.3811239268796817e-42,9959.330658145605,0.9964229611552837,-9.467613181841543e-22
910320,0.0,2.380539920184816e-42,9959.330658145589,0.996422961155284,-9.463801391791708e-22
910380,0.0,2.3799552978397906e-42,9959.330658145573,0.9964229611552841,-9.459988671117832e-22
910440,0.0,2.379370059844606e-42,9959.330658145558,0.9964229611552843,-9.456175019819917e-22
910500,0.0,2.3787842061992608e-42,9959.330658145542,0.9964229611552844,-9.452360437897964e-22
910560,0.0,2.3781977369037557e-42,9959.330658145525,0.9964229611552846,-9.44854492535197e-22
910620,0.0,2.3776106519580906e-42,9959.33065814551,0.9964229611552847,-9.44472848218194e-22
910680,0.0,2.3770229513622664e-42,9959.330658145494,0.996422961155285,-9.440911108387868e-22
910740,0.0,2.376434635116282e-42,9959.330658145478,0.9964229611552851,-9.437092803969757e-22
910800,0.0,2.3758457032201378e-42,9959.330658145462,0.9964229611552853,-9.433273568927608e-22
910860,0.0,2.3752561556738335e-42,9959.330658145447,0.9964229611552854,-9.429453403261419e-22
910920,0.0,2.3746659924773697e-42,9959.33065814543,0.9964229611552856,-9.425632306971192e-22
910980,0.0,2.374075213630746e-42,9959.330658145414,0.9964229611552857,-9.421810280056924e-22
911040,0.0,2.3734838191339627e-42,9959.3306581454,0.996422961155286,-9.417987322518619e-22
911100,0.0,2.372891808987019e-42,9959.330658145383,0.9964229611552861,-9.414163434356274e-22
911160,0.0,2.3722991831899155e-42,9959.330658145367,0.9964229611552863,-9.41033861556989e-22
911220,0.0,2.3717059417426525e-42,9959.33065814535,0.9964229611552864,-9.406512866159467e-22
911280,0.0,2.3711120846452298e-42,9959.330658145336,0.9964229611552866,-9.402686186125005e-22
911340,0.0,2.370517611897647e-42,9959.33065814532,0.9964229611552867,-9.398858575466502e-22
911400,0.0,2.3699225234999045e-42,9959.330658145303,0.996422961155287,-9.395030034183962e-22
911460,0.0,2.369326819452002e-42,9959.330658145289,0.9964229611552871,-9.39120056227738e-22
911520,0.0,2.3687304997539393e-42,9959.330658145273,0.9964229611552873,-9.38737015974676e-22
911580,0.0,2.3681335644057176e-42,9959.330658145256,0.9964229611552874,-9.383538826592105e-22
911640,0.0,2.3675360134073356e-42,9959.33065814524,0.9964229611552876,-9.379706562813405e-22
911700,0.0,2.3669378467587938e-42,9959.330658145225,0.9964229611552877,-9.37587336841067e-22
911760,0.0,2.366339064460092e-42,9959.330658145209,0.996422961155288,-9.372039243383894e-22
911820,0.0,2.3657396665112308e-42,9959.330658145193,0.9964229611552881,-9.36820418773308e-22
911880,0.0,2.3651396529122095e-42,9959.330658145176,0.9964229611552883,-9.364368201458226e-22
911940,0.0,2.3645390236630285e-42,9959.330658145162,0.9964229611552884,-9.360531284559334e-22
912000,0.0,2.363937778763687e-42,9959.330658145145,0.9964229611552886,-9.3566934370364e-22
912060,0.0,2.3633359182141864e-42,9959.330658145129,0.9964229611552887,-9.35285465888943e-22
912120,0.0,2.362733442014526e-42,9959.330658145112,0.9964229611552889,-9.34901495011842e-22
912180,0.0,2.3621303501647057e-42,9959.330658145098,0.996422961155289,-9.345174310723372e-22
912240,0.0,2.3615266426647254e-42,9959.330658145082,0.9964229611552893,-9.341332740704282e-22
912300,0.0,2.360922319514585e-42,9959.330658145065,0.9964229611552894,-9.337490240061153e-22
912360,0.0,2.3603173807142848e-42,9959.330658145049,0.9964229611552896,-9.333646808793987e-22
912420,0.0,2.3597118262638254e-42,9959.330658145034,0.9964229611552897,-9.329802446902783e-22
912480,0.0,2.359105656163206e-42,9959.330658145018,0.9964229611552899,-9.325957154387537e-22
912540,0.0,2.3584988704124267e-42,9959.330658145002,0.99642296115529,-9.322110931248252e-22
912600,0.0,2.357891469011487e-42,9959.330658144985,0.9964229611552903,-9.318263777484928e-22
912660,0.0,2.357283451960388e-42,9959.33065814497,0.9964229611552904,-9.314415693097567e-22
912720,0.0,2.356674819259129e-42,9959.330658144954,0.9964229611552906,-9.310566678086165e-22
912780,0.0,2.3560655709077104e-42,9959.330658144938,0.9964229611552907,-9.306716732450724e-22
912840,0.0,2.3554557069061317e-42,9959.330658144921,0.9964229611552909,-9.302865856191244e-22
912900,0.0,2.3548452272543932e-42,9959.330658144905,0.996422961155291,-9.299014049307725e-22
912960,0.0,2.3542341319524946e-42,9959.33065814489,0.9964229611552913,-9.295161311800167e-22
913020,0.0,2.3536224210004367e-42,9959.330658144874,0.9964229611552914,-9.29130764366857e-22
913080,0.0,2.3530100943982187e-42,9959.330658144858,0.9964229611552916,-9.287453044912933e-22
913140,0.0,2.352397152145841e-42,9959.330658144841,0.9964229611552917,-9.283597515533258e-22
913200,0.0,2.3517835942433032e-42,9959.330658144827,0.9964229611552919,-9.279741055529544e-22
913260,0.0,2.3511694206906057e-42,9959.33065814481,0.996422961155292,-9.27588366490179e-22
913320,0.0,2.3505546314877485e-42,9959.330658144794,0.9964229611552923,-9.272025343649996e-22
913380,0.0,2.3499392266347316e-42,9959.330658144778,0.9964229611552924,-9.268166091774165e-22
913440,0.0,2.3493232061315543e-42,9959.330658144761,0.9964229611552926,-9.264305909274292e-22
913500,0.0,2.3487065699782176e-42,9959.330658144747,0.9964229611552927,-9.260444796150383e-22
913560,0.0,2.3480893181747208e-42,9959.33065814473,0.9964229611552929,-9.256582752402434e-22
913620,0.0,2.3474714507210643e-42,9959.330658144714,0.996422961155293,-9.252719778030445e-22
913680,0.0,2.3468529676172485e-42,9959.330658144698,0.9964229611552933,-9.248855873034418e-22
913740,0.0,2.3462338688632722e-42,9959.330658144681,0.9964229611552934,-9.244991037414349e-22
913800,0.0,2.3456141544591356e-42,9959.330658144667,0.9964229611552936,-9.241125271170245e-22
913860,0.0,2.34499382440484e-42,9959.33065814465,0.9964229611552937,-9.237258574302098e-22
913920,0.0,2.3443728787003845e-42,9959.330658144634,0.9964229611552939,-9.233390946809915e-22
913980,0.0,2.343751317345769e-42,9959.330658144618,0.996422961155294,-9.229522388693692e-22
914040,0.0,2.343129140340994e-42,9959.330658144601,0.9964229611552943,-9.22565289995343e-22
914100,0.0,2.3425063476860586e-42,9959.330658144587,0.9964229611552944,-9.221782480589129e-22
914160,0.0,2.3418829393809634e-42,9959.33065814457,0.9964229611552946,-9.217911130600787e-22
914220,0.0,2.3412589154257087e-42,9959.330658144554,0.9964229611552947,-9.214038849988408e-22
914280,0.0,2.3406342758202943e-42,9959.330658144538,0.9964229611552949,-9.21016563875199e-22
914340,0.0,2.3400090205647195e-42,9959.330658144521,0.996422961155295,-9.206291496891529e-22
914400,0.0,2.339383149658985e-42,9959.330658144505,0.9964229611552953,-9.202416424407033e-22
914460,0.0,2.3387566631030908e-42,9959.33065814449,0.9964229611552954,-9.198540421298496e-22
914520,0.0,2.3381295608970372e-42,9959.330658144474,0.9964229611552956,-9.194663487565922e-22
914580,0.0,2.3375018430408235e-42,9959.330658144458,0.9964229611552957,-9.190785623209306e-22
914640,0.0,2.3368735095344498e-42,9959.330658144441,0.9964229611552959,-9.186906828228652e-22
914700,0.0,2.3362445603779157e-42,9959.330658144425,0.9964229611552962,-9.18302710262396e-22
914760,0.0,2.335614995571223e-42,9959.330658144409,0.9964229611552963,-9.179146446395229e-22
914820,0.0,2.3349848151143697e-42,9959.330658144394,0.9964229611552965,-9.175264859542457e-22
914880,0.0,2.3343540190073565e-42,9959.330658144378,0.9964229611552966,-9.171382342065647e-22
914940,0.0,2.3337226072501835e-42,9959.330658144361,0.9964229611552968,-9.167498893964797e-22
915000,0.0,2.3330905798428508e-42,9959.330658144345,0.9964229611552969,-9.163614515239909e-22
915060,0.0,2.3324579367853584e-42,9959.330658144328,0.9964229611552972,-9.15972920589098e-22
915120,0.0,2.3318246780777066e-42,9959.330658144312,0.9964229611552973,-9.155842965918015e-22
915180,0.0,2.331190803719894e-42,9959.330658144296,0.9964229611552975,-9.151955795321009e-22
915240,0.0,2.3305563137119218e-42,9959.330658144281,0.9964229611552976,-9.148067694099964e-22
915300,0.0,2.32992120805379e-42,9959.330658144265,0.9964229611552978,-9.144178662254878e-22
915360,0.0,2.3292854867454985e-42,9959.330658144248,0.9964229611552979,-9.140288699785756e-22
915420,0.0,2.328649149787047e-42,9959.330658144232,0.9964229611552982,-9.136397806692594e-22
915480,0.0,2.3280121971784356e-42,9959.330658144216,0.9964229611552983,-9.132505982975391e-22
915540,0.0,2.3273746289196645e-42,9959.3306581442,0.9964229611552985,-9.128613228634151e-22
915600,0.0,2.326736445010733e-42,9959.330658144183,0.9964229611552986,-9.124719543668872e-22
915660,0.0,2.3260976454516423e-42,9959.330658144168,0.9964229611552988,-9.120824928079552e-22
915720,0.0,2.3254582302423916e-42,9959.330658144152,0.9964229611552989,-9.116929381866194e-22
915780,0.0,2.3248181993829812e-42,9959.330658144136,0.9964229611552992,-9.113032905028797e-22
915840,0.0,2.3241775528734108e-42,9959.33065814412,0.9964229611552993,-9.10913549756736e-22
915900,0.0,2.3235362907136803e-42,9959.330658144103,0.9964229611552995,-9.105237159481886e-22
915960,0.0,2.3228944129037904e-42,9959.330658144087,0.9964229611552996,-9.101337890772371e-22
916020,0.0,2.3222519194437408e-42,9959.33065814407,0.9964229611552998,-9.097437691438818e-22
916080,0.0,2.3216088103335312e-42,9959.330658144054,0.9964229611552999,-9.093536561481224e-22
916140,0.0,2.3209650855731612e-42,9959.330658144037,0.9964229611553002,-9.089634500899593e-22
916200,0.0,2.3203207451626317e-42,9959.330658144023,0.9964229611553003,-9.085731509693922e-22
916260,0.0,2.319675789101943e-42,9959.330658144007,0.9964229611553005,-9.081827587864211e-22
916320,0.0,2.319030217391094e-42,9959.33065814399,0.9964229611553006,-9.077922735410462e-22
916380,0.0,2.318384030030085e-42,9959.330658143974,0.9964229611553008,-9.074016952332673e-22
916440,0.0,2.3177372270189162e-42,9959.330658143957,0.996422961155301,-9.070110238630845e-22
916500,0.0,2.3170898083575878e-42,9959.330658143941,0.9964229611553012,-9.06620259430498e-22
916560,0.0,2.3164417740460994e-42,9959.330658143925,0.9964229611553014,-9.062294019355072e-22
916620,0.0,2.3157931240844513e-42,9959.330658143908,0.9964229611553015,-9.05838451378113e-22
916680,0.0,2.3151438584726428e-42,9959.330658143892,0.9964229611553017,-9.054474077583144e-22
916740,0.0,2.314493977210675e-42,9959.330658143877,0.9964229611553018,-9.05056271076112e-22
916800,0.0,2.3138434802985472e-42,9959.330658143861,0.996422961155302,-9.04665041331506e-22
916860,0.0,2.3131923677362602e-42,9959.330658143845,0.9964229611553022,-9.042737185244956e-22
916920,0.0,2.3125406395238125e-42,9959.330658143828,0.9964229611553024,-9.038823026550815e-22
916980,0.0,2.3118882956612054e-42,9959.330658143812,0.9964229611553025,-9.034907937232638e-22
917040,0.0,2.311235336148438e-42,9959.330658143796,0.9964229611553027,-9.030991917290416e-22
917100,0.0,2.3105817609855113e-42,9959.33065814378,0.9964229611553028,-9.027074966724159e-22
917160,0.0,2.3099275701724247e-42,9959.330658143763,0.996422961155303,-9.023157085533862e-22
917220,0.0,2.309272763709178e-42,9959.330658143746,0.9964229611553032,-9.019238273719526e-22
917280,0.0,2.3086173415957717e-42,9959.33065814373,0.9964229611553034,-9.01531853128115e-22
917340,0.0,2.3079613038322053e-42,9959.330658143714,0.9964229611553035,-9.011397858218737e-22
917400,0.0,2.307304650418479e-42,9959.330658143697,0.9964229611553037,-9.007476254532281e-22
917460,0.0,2.3066473813545932e-42,9959.330658143681,0.9964229611553038,-9.003553720221788e-22
917520,0.0,2.305989496640548e-42,9959.330658143666,0.996422961155304,-8.999630255287258e-22
917580,0.0,2.305330996276342e-42,9959.33065814365,0.9964229611553043,-8.995705859728686e-22
917640,0.0,2.3046718802619763e-42,9959.330658143634,0.9964229611553044,-8.991780533546076e-22
917700,0.0,2.3040121485974512e-42,9959.330658143617,0.9964229611553046,-8.987854276739426e-22
917760,0.0,2.3033518012827664e-42,9959.3306581436,0.9964229611553047,-8.983927089308739e-22
917820,0.0,2.3026908383179215e-42,9959.330658143585,0.9964229611553049,-8.97999897125401e-22
917880,0.0,2.3020292597029166e-42,9959.330658143568,0.996422961155305,-8.976069922575245e-22
917940,0.0,2.3013670654377517e-42,9959.330658143552,0.9964229611553053,-8.972139943272439e-22
918000,0.0,2.3007042555224276e-42,9959.330658143535,0.9964229611553054,-8.968209033345593e-22
918060,0.0,2.3000408299569433e-42,9959.330658143519,0.9964229611553056,-8.964277192794709e-22
918120,0.0,2.2993767887412994e-42,9959.330658143503,0.9964229611553057,-8.960344421619786e-22
918180,0.0,2.2987121318754953e-42,9959.330658143486,0.9964229611553059,-8.956410719820822e-22
918240,0.0,2.2980468593595314e-42,9959.33065814347,0.996422961155306,-8.952476087397822e-22
918300,0.0,2.2973809711934078e-42,9959.330658143454,0.9964229611553063,-8.948540524350782e-22
918360,0.0,2.2967144673771248e-42,9959.330658143437,0.9964229611553064,-8.944604030679702e-22
918420,0.0,2.2960473479106817e-42,9959.33065814342,0.9964229611553066,-8.940666606384581e-22
918480,0.0,2.295379612794078e-42,9959.330658143404,0.9964229611553068,-8.936728251465425e-22
918540,0.0,2.294711262027315e-42,9959.330658143388,0.9964229611553069,-8.932788965922227e-22
918600,0.0,2.2940422956103926e-42,9959.330658143372,0.9964229611553072,-8.92884874975499e-22
918660,0.0,2.29337271354331e-42,9959.330658143355,0.9964229611553073,-8.924907602963716e-22
918720,0.0,2.2927025158260676e-42,9959.330658143339,0.9964229611553075,-8.920965525548401e-22
918780,0.0,2.2920317024586653e-42,9959.330658143323,0.9964229611553076,-8.917022517509047e-22
918840,0.0,2.291360273441103e-42,9959.330658143306,0.9964229611553078,-8.913078578845654e-22
918900,0.0,2.2906882287733813e-42,9959.330658143292,0.9964229611553079,-8.909133709558223e-22
918960,0.0,2.2900155684554998e-42,9959.330658143275,0.9964229611553082,-8.905187909646753e-22
919020,0.0,2.289342292487458e-42,9959.330658143259,0.9964229611553083,-8.901241179111242e-22
919080,0.0,2.2886684008692563e-42,9959.330658143243,0.9964229611553085,-8.897293517951693e-22
919140,0.0,2.287993893600895e-42,9959.330658143226,0.9964229611553086,-8.893344926168102e-22
919200,0.0,2.287318770682374e-42,9959.33065814321,0.9964229611553088,-8.889395403760476e-22
919260,0.0,2.2866430321136933e-42,9959.330658143193,0.996422961155309,-8.885444950728809e-22
919320,0.0,2.2859666778948525e-42,9959.330658143177,0.9964229611553092,-8.881493567073104e-22
919380,0.0,2.2852897080258513e-42,9959.33065814316,0.9964229611553094,-8.877541252793359e-22
919440,0.0,2.284612122506691e-42,9959.330658143144,0.9964229611553095,-8.873588007889574e-22
919500,0.0,2.283933921337371e-42,9959.330658143128,0.9964229611553097,-8.869633832361753e-22
919560,0.0,2.283255104517891e-42,9959.330658143112,0.9964229611553098,-8.865678726209888e-22
919620,0.0,2.2825756720482508e-42,9959.330658143095,0.99642296115531,-8.861722689433987e-22
919680,0.0,2.281895623928451e-42,9959.330658143079,0.9964229611553101,-8.857765722034045e-22
919740,0.0,2.2812149601584914e-42,9959.330658143062,0.9964229611553104,-8.853807824010066e-22
919800,0.0,2.2805336807383718e-42,9959.330658143046,0.9964229611553105,-8.849848995362049e-22
919860,0.0,2.279851785668093e-42,9959.33065814303,0.9964229611553107,-8.84588923608999e-22
919920,0.0,2.2791692749476534e-42,9959.330658143013,0.9964229611553108,-8.841928546193892e-22
919980,0.0,2.2784861485770543e-42,9959.330658142997,0.996422961155311,-8.837966925673757e-22
920040,0.0,2.2778024065562955e-42,9959.33065814298,0.9964229611553113,-8.834004374529582e-22
920100,0.0,2.2771180488853772e-42,9959.330658142962,0.9964229611553114,-8.830040892761366e-22
920160,0.0,2.2764330755642986e-42,9959.330658142946,0.9964229611553116,-8.826076480369113e-22
920220,0.0,2.2757474865930603e-42,9959.33065814293,0.9964229611553117,-8.822111137352821e-22
920280,0.0,2.275061281971662e-42,9959.330658142913,0.9964229611553119,-8.818144863712488e-22
920340,0.0,2.2743744617001042e-42,9959.330658142897,0.996422961155312,-8.814177659448118e-22
920400,0.0,2.2736870257783864e-42,9959.33065814288,0.9964229611553123,-8.810209524559708e-22
920460,0.0,2.272998974206509e-42,9959.330658142864,0.9964229611553124,-8.806240459047259e-22
920520,0.0,2.2723103069844713e-42,9959.330658142848,0.9964229611553126,-8.802270462910769e-22
920580,0.0,2.271621024112274e-42,9959.330658142831,0.9964229611553127,-8.798299536150243e-22
920640,0.0,2.2709311255899166e-42,9959.330658142815,0.9964229611553129,-8.794327678765675e-22
920700,0.0,2.2702406114174002e-42,9959.330658142799,0.9964229611553131,-8.79035489075707e-22
920760,0.0,2.2695494815947234e-42,9959.330658142782,0.9964229611553133,-8.786381172124424e-22
920820,0.0,2.2688577361218863e-42,9959.330658142766,0.9964229611553135,-8.782406522867742e-22
920880,0.0,2.2681653749988897e-42,9959.33065814275,0.9964229611553136,-8.778430942987018e-22
920940,0.0,2.2674723982257337e-42,9959.330658142733,0.9964229611553138,-8.774454432482256e-22
921000,0.0,2.2667788058024177e-42,9959.330658142717,0.9964229611553139,-8.770476991353454e-22
921060,0.0,2.2660845977289416e-42,9959.3306581427,0.9964229611553141,-8.766498619600613e-22
921120,0.0,2.2653897740053055e-42,9959.330658142684,0.9964229611553143,-8.762519317223733e-22
921180,0.0,2.26469433463151e-42,9959.330658142668,0.9964229611553145,-8.758539084222815e-22
921240,0.0,2.2639982796075545e-42,9959.330658142651,0.9964229611553146,-8.754557920597855e-22
921300,0.0,2.2633016089334395e-42,9959.330658142635,0.9964229611553148,-8.750575826348859e-22
921360,0.0,2.262604322609164e-42,9959.330658142619,0.996422961155315,-8.746592801475822e-22
921420,0.0,2.261906420634729e-42,9959.330658142602,0.9964229611553151,-8.742608845978746e-22
921480,0.0,2.261207903010134e-42,9959.330658142584,0.9964229611553154,-8.738623959857634e-22
921540,0.0,2.2605087697353793e-42,9959.330658142568,0.9964229611553155,-8.73463814311248e-22
921600,0.0,2.259809020810465e-42,9959.330658142551,0.9964229611553157,-8.730651395743287e-22
921660,0.0,2.2591086562353908e-42,9959.330658142535,0.9964229611553158,-8.726663717750054e-22
921720,0.0,2.2584076760101562e-42,9959.330658142519,0.996422961155316,-8.722675109132784e-22
921780,0.0,2.257706080134762e-42,9959.330658142502,0.9964229611553161,-8.718685569891473e-22
921840,0.0,2.2570038686092087e-42,9959.330658142486,0.9964229611553164,-8.714695100026125e-22
921900,0.0,2.256301041433495e-42,9959.33065814247,0.9964229611553166,-8.710703699536736e-22
921960,0.0,2.2555975986076214e-42,9959.330658142453,0.9964229611553167,-8.70671136842331e-22
922020,0.0,2.254893540131588e-42,9959.330658142437,0.9964229611553169,-8.70271810668584e-22
922080,0.0,2.254188866005395e-42,9959.33065814242,0.996422961155317,-8.698723914324336e-22
922140,0.0,2.2534835762290418e-42,9959.330658142404,0.9964229611553173,-8.69472879133879e-22
922200,0.0,2.2527776708025294e-42,9959.330658142386,0.9964229611553174,-8.690732737729206e-22
922260,0.0,2.2520711497258563e-42,9959.33065814237,0.9964229611553176,-8.686735753495583e-22
922320,0.0,2.2513640129990238e-42,9959.330658142353,0.9964229611553177,-8.682737838637922e-22
922380,0.0,2.2506562606220312e-42,9959.330658142337,0.9964229611553179,-8.67873899315622e-22
922440,0.0,2.2499478925948796e-42,9959.33065814232,0.9964229611553181,-8.67473921705048e-22
922500,0.0,2.2492389089175673e-42,9959.330658142304,0.9964229611553183,-8.670738510320701e-22
922560,0.0,2.2485293095900956e-42,9959.330658142288,0.9964229611553185,-8.666736872966882e-22
922620,0.0,2.2478190946124635e-42,9959.330658142271,0.9964229611553186,-8.662734304989023e-22
922680,0.0,2.2471082639846723e-42,9959.330658142255,0.9964229611553188,-8.658730806387128e-22
922740,0.0,2.2463968177067208e-42,9959.330658142238,0.9964229611553189,-8.65472637716119e-22
922800,0.0,2.2456847557786095e-42,9959.33065814222,0.9964229611553191,-8.650721017311215e-22
922860,0.0,2.2449720782003385e-42,9959.330658142204,0.9964229611553193,-8.6467147268372e-22
922920,0.0,2.2442587849719078e-42,9959.330658142188,0.9964229611553195,-8.642707505739146e-22
922980,0.0,2.243544876093317e-42,9959.330658142171,0.9964229611553197,-8.638699354017053e-22
923040,0.0,2.242830351564567e-42,9959.330658142155,0.9964229611553198,-8.634690271670922e-22
923100,0.0,2.2421152113856563e-42,9959.330658142138,0.99642296115532,-8.630680258700752e-22
923160,0.0,2.2413994555565858e-42,9959.330658142122,0.9964229611553201,-8.62666931510654e-22
923220,0.0,2.2406830840773555e-42,9959.330658142106,0.9964229611553204,-8.622657440888291e-22
923280,0.0,2.239966096947966e-42,9959.330658142087,0.9964229611553205,-8.618644636046004e-22
923340,0.0,2.2392484941684164e-42,9959.330658142071,0.9964229611553207,-8.614630900579676e-22
923400,0.0,2.238530275738707e-42,9959.330658142055,0.9964229611553209,-8.610616234489308e-22
923460,0.0,2.2378114416588374e-42,9959.330658142038,0.996422961155321,-8.606600637774903e-22
923520,0.0,2.2370919919288078e-42,9959.330658142022,0.9964229611553213,-8.602584110436457e-22
923580,0.0,2.2363719265486192e-42,9959.330658142006,0.9964229611553214,-8.598566652473975e-22
923640,0.0,2.2356512455182702e-42,9959.33065814199,0.9964229611553216,-8.594548263887451e-22
923700,0.0,2.2349299488377614e-42,9959.330658141973,0.9964229611553217,-8.59052894467689e-22
923760,0.0,2.2342080365070927e-42,9959.330658141955,0.9964229611553219,-8.586508694842287e-22
923820,0.0,2.2334855085262645e-42,9959.330658141938,0.9964229611553221,-8.582487514383647e-22
923880,0.0,2.2327623648952763e-42,9959.330658141922,0.9964229611553223,-8.578465403300967e-22
923940,0.0,2.2320386056141283e-42,9959.330658141906,0.9964229611553225,-8.574442361594247e-22
924000,0.0,2.2313142306828206e-42,9959.33065814189,0.9964229611553226,-8.570418389263491e-22
924060,0.0,2.2305892401013523e-42,9959.330658141873,0.9964229611553228,-8.566393486308693e-22
924120,0.0,2.229863633869725e-42,9959.330658141855,0.9964229611553229,-8.562367652729857e-22
924180,0.0,2.2291374119879377e-42,9959.330658141838,0.9964229611553231,-8.558340888526983e-22
924240,0.0,2.2284105744559905e-42,9959.330658141822,0.9964229611553233,-8.554313193700067e-22
924300,0.0,2.2276831212738832e-42,9959.330658141806,0.9964229611553235,-8.550284568249114e-22
924360,0.0,2.2269550524416166e-42,9959.33065814179,0.9964229611553237,-8.54625501217412e-22
924420,0.0,2.2262263679591895e-42,9959.330658141773,0.9964229611553238,-8.54222452547509e-22
924480,0.0,2.225497067826603e-42,9959.330658141755,0.996422961155324,-8.538193108152017e-22
924540,0.0,2.224767152043857e-42,9959.330658141738,0.9964229611553241,-8.534160760204909e-22
924600,0.0,2.2240366206109504e-42,9959.330658141722,0.9964229611553244,-8.530127481633758e-22
924660,0.0,2.2233054735278842e-42,9959.330658141705,0.9964229611553245,-8.526093272438572e-22
924720,0.0,2.2225737107946582e-42,9959.33065814169,0.9964229611553247,-8.522058132619343e-22
924780,0.0,2.221841332411273e-42,9959.330658141673,0.9964229611553249,-8.518022062176077e-22
924840,0.0,2.221108338377727e-42,9959.330658141655,0.996422961155325,-8.51398506110877e-22
924900,0.0,2.220374728694022e-42,9959.330658141638,0.9964229611553252,-8.509947129417425e-22
924960,0.0,2.2196405033601562e-42,9959.330658141622,0.9964229611553254,-8.50590826710204e-22
925020,0.0,2.2189056623761316e-42,9959.330658141605,0.9964229611553256,-8.50186847416262e-22
925080,0.0,2.2181702057419466e-42,9959.330658141589,0.9964229611553257,-8.497827750599157e-22
925140,0.0,2.2174341334576017e-42,9959.33065814157,0.9964229611553259,-8.493786096411656e-22
925200,0.0,2.2166974455230973e-42,9959.330658141555,0.9964229611553261,-8.489743511600115e-22
925260,0.0,2.2159601419384328e-42,9959.330658141538,0.9964229611553262,-8.485699996164536e-22
925320,0.0,2.2152222227036083e-42,9959.330658141522,0.9964229611553265,-8.481655550104916e-22
925380,0.0,2.214483687818624e-42,9959.330658141505,0.9964229611553266,-8.477610173421257e-22
925440,0.0,2.2137445372834808e-42,9959.330658141489,0.9964229611553268,-8.473563866113561e-22
925500,0.0,2.2130047710981765e-42,9959.33065814147,0.9964229611553269,-8.469516628181825e-22
925560,0.0,2.2122643892627128e-42,9959.330658141454,0.9964229611553271,-8.465468459626049e-22
925620,0.0,2.2115233917770894e-42,9959.330658141438,0.9964229611553274,-8.461419360446235e-22
925680,0.0,2.2107817786413065e-42,9959.330658141422,0.9964229611553275,-8.457369330642382e-22
925740,0.0,2.2100395498553633e-42,9959.330658141404,0.9964229611553277,-8.453318370214489e-22
925800,0.0,2.2092967054192604e-42,9959.330658141387,0.9964229611553278,-8.449266479162558e-22
925860,0.0,2.208553245332997e-42,9959.33065814137,0.996422961155328,-8.445213657486585e-22
925920,0.0,2.207809169596575e-42,9959.330658141354,0.9964229611553282,-8.441159905186577e-22
925980,0.0,2.2070644782099923e-42,9959.330658141338,0.9964229611553284,-8.437105222262526e-22
926040,0.0,2.2063191711732502e-42,9959.33065814132,0.9964229611553286,-8.433049608714439e-22
926100,0.0,2.205573248486348e-42,9959.330658141304,0.9964229611553287,-8.428993064542311e-22
926160,0.0,2.204826710149286e-42,9959.330658141287,0.9964229611553289,-8.424935589746145e-22
926220,0.0,2.204079556162064e-42,9959.33065814127,0.996422961155329,-8.420877184325938e-22
926280,0.0,2.203331786524683e-42,9959.330658141253,0.9964229611553292,-8.416817848281695e-22
926340,0.0,2.2025834012371414e-42,9959.330658141236,0.9964229611553295,-8.41275758161341e-22
926400,0.0,2.20183440029944e-42,9959.33065814122,0.9964229611553296,-8.408696384321088e-22
926460,0.0,2.2010847837115788e-42,9959.330658141203,0.9964229611553298,-8.404634256404725e-22
926520,0.0,2.2003345514735582e-42,9959.330658141187,0.9964229611553299,-8.400571197864324e-22
926580,0.0,2.1995837035853773e-42,9959.330658141169,0.9964229611553301,-8.396507208699883e-22
926640,0.0,2.1988322400470366e-42,9959.330658141153,0.9964229611553302,-8.392442288911403e-22
926700,0.0,2.1980801608585362e-42,9959.330658141136,0.9964229611553305,-8.388376438498885e-22
926760,0.0,2.1973274660198758e-42,9959.33065814112,0.9964229611553307,-8.384309657462327e-22
926820,0.0,2.1965741555310556e-42,9959.330658141102,0.9964229611553308,-8.380241945801729e-22
926880,0.0,2.195820229392076e-42,9959.330658141085,0.996422961155331,-8.376173303517094e-22
926940,0.0,2.1950656876029358e-42,9959.330658141069,0.9964229611553311,-8.372103730608418e-22
927000,0.0,2.194310530163636e-42,9959.330658141052,0.9964229611553314,-8.368033227075705e-22
927060,0.0,2.1935547570741768e-42,9959.330658141034,0.9964229611553316,-8.36396179291895e-22
927120,0.0,2.1927983683345577e-42,9959.330658141018,0.9964229611553317,-8.359889428138159e-22
927180,0.0,2.1920413639447785e-42,9959.330658141002,0.9964229611553319,-8.355816132733326e-22
927240,0.0,2.1912837439048397e-42,9959.330658140985,0.996422961155332,-8.351741906704455e-22
927300,0.0,2.1905255082147404e-42,9959.330658140967,0.9964229611553322,-8.347666750051546e-22
927360,0.0,2.1897666568744818e-42,9959.33065814095,0.9964229611553325,-8.343590662774595e-22
927420,0.0,2.1890071898840634e-42,9959.330658140934,0.9964229611553326,-8.339513644873607e-22
927480,0.0,2.188247107243485e-42,9959.330658140916,0.9964229611553328,-8.335435696348579e-22
927540,0.0,2.187486408952747e-42,9959.3306581409,0.9964229611553329,-8.331356817199513e-22
927600,0.0,2.186725095011849e-42,9959.330658140883,0.9964229611553331,-8.327277007426408e-22
927660,0.0,2.185963165420791e-42,9959.330658140867,0.9964229611553332,-8.323196267029262e-22
927720,0.0,2.1852006201795735e-42,9959.330658140849,0.9964229611553335,-8.319114596008078e-22
927780,0.0,2.1844374592881965e-42,9959.330658140832,0.9964229611553337,-8.315031994362856e-22
927840,0.0,2.1836736827466588e-42,9959.330658140816,0.9964229611553338,-8.310948462093594e-22
927900,0.0,2.1829092905549613e-42,9959.3306581408,0.996422961155334,-8.306863999200293e-22
927960,0.0,2.1821442827131045e-42,9959.330658140781,0.9964229611553341,-8.302778605682951e-22
928020,0.0,2.181378659221088e-42,9959.330658140765,0.9964229611553344,-8.298692281541572e-22
928080,0.0,2.1806124200789113e-42,9959.330658140749,0.9964229611553346,-8.2946050267761535e-22
928140,0.0,2.1798455652865747e-42,9959.33065814073,0.9964229611553347,-8.290516841386697e-22
928200,0.0,2.179078094844078e-42,9959.330658140714,0.9964229611553349,-8.286427725373199e-22
928260,0.0,2.1783100087514222e-42,9959.330658140698,0.996422961155335,-8.282337678735663e-22
928320,0.0,2.177541307008606e-42,9959.33065814068,0.9964229611553352,-8.278246701474087e-22
928380,0.0,2.1767719896156305e-42,9959.330658140663,0.9964229611553355,-8.274154793588474e-22
928440,0.0,2.1760020565724946e-42,9959.330658140647,0.9964229611553356,-8.27006195507882e-22
928500,0.0,2.1752315078791993e-42,9959.33065814063,0.9964229611553358,-8.265968185945128e-22
928560,0.0,2.1744603435357436e-42,9959.330658140612,0.9964229611553359,-8.2618734861873945e-22
928620,0.0,2.1736885635421288e-42,9959.330658140596,0.9964229611553361,-8.257777855805624e-22
928680,0.0,2.172916167898354e-42,9959.33065814058,0.9964229611553362,-8.253681294799814e-22
928740,0.0,2.1721431566044188e-42,9959.330658140561,0.9964229611553365,-8.249583803169965e-22
928800,0.0,2.171369529660324e-42,9959.330658140545,0.9964229611553367,-8.245485380916077e-22
928860,0.0,2.17059528706607e-42,9959.330658140529,0.9964229611553368,-8.241386028038149e-22
928920,0.0,2.1698204288216553e-42,9959.33065814051,0.996422961155337,-8.237285744536183e-22
928980,0.0,2.1690449549270812e-42,9959.330658140494,0.9964229611553371,-8.233184530410178e-22
929040,0.0,2.168268865382347e-42,9959.330658140478,0.9964229611553374,-8.229082385660133e-22
929100,0.0,2.1674921601874532e-42,9959.33065814046,0.9964229611553376,-8.224979310286049e-22
929160,0.0,2.1667148393423996e-42,9959.330658140443,0.9964229611553377,-8.220875304287925e-22
929220,0.0,2.1659369028471863e-42,9959.330658140427,0.9964229611553379,-8.216770367665764e-22
929280,0.0,2.1651583507018127e-42,9959.330658140409,0.996422961155338,-8.212664500419562e-22
929340,0.0,2.1643791829062793e-42,9959.330658140392,0.9964229611553382,-8.208557702549321e-22
929400,0.0,2.1635993994605865e-42,9959.330658140376,0.9964229611553385,-8.204449974055042e-22
929460,0.0,2.1628190003647334e-42,9959.330658140358,0.9964229611553386,-8.200341314936722e-22
929520,0.0,2.162037985618721e-42,9959.330658140341,0.9964229611553388,-8.196231725194366e-22
929580,0.0,2.1612563552225482e-42,9959.330658140325,0.9964229611553389,-8.192121204827968e-22
929640,0.0,2.160474109176216e-42,9959.330658140307,0.9964229611553391,-8.188009753837533e-22
929700,0.0,2.1596912474797235e-42,9959.33065814029,0.9964229611553393,-8.183897372223057e-22
929760,0.0,2.1589077701330718e-42,9959.330658140274,0.9964229611553395,-8.179784059984542e-22
929820,0.0,2.15812367713626e-42,9959.330658140256,0.9964229611553397,-8.175669817121988e-22
929880,0.0,2.1573389684892884e-42,9959.33065814024,0.9964229611553398,-8.171554643635397e-22
929940,0.0,2.1565536441921562e-42,9959.330658140223,0.99642296115534,-8.167438539524764e-22
930000,0.0,2.1557677042448652e-42,9959.330658140205,0.9964229611553402,-8.163321504790095e-22
930060,0.0,2.154981148647414e-42,9959.330658140188,0.9964229611553403,-8.159203539431383e-22
930120,0.0,2.154193977399803e-42,9959.330658140172,0.9964229611553406,-8.155084643448635e-22
930180,0.0,2.153406190502032e-42,9959.330658140154,0.9964229611553407,-8.150964816841846e-22
930240,0.0,2.1526177879541014e-42,9959.330658140138,0.9964229611553409,-8.14684405961102e-22
930300,0.0,2.151828769756011e-42,9959.33065814012,0.9964229611553411,-8.142722371756153e-22
930360,0.0,2.151039135907761e-42,9959.330658140103,0.9964229611553412,-8.138599753277247e-22
930420,0.0,2.1502488864093505e-42,9959.330658140087,0.9964229611553415,-8.134476204174302e-22
930480,0.0,2.14945802126078e-42,9959.330658140068,0.9964229611553416,-8.1303517244473185e-22
930540,0.0,2.14866654046205e-42,9959.330658140052,0.9964229611553418,-8.126226314096295e-22
930600,0.0,2.1478744440131608e-42,9959.330658140036,0.996422961155342,-8.122099973121234e-22
930660,0.0,2.1470817319141113e-42,9959.330658140017,0.9964229611553421,-8.117972701522131e-22
930720,0.0,2.1462884041649017e-42,9959.330658140001,0.9964229611553423,-8.113844499298991e-22
930780,0.0,2.1454944607655327e-42,9959.330658139983,0.9964229611553425,-8.109715366451812e-22
930840,0.0,2.1446999017160036e-42,9959.330658139967,0.9964229611553427,-8.105585302980594e-22
930900,0.0,2.1439047270163145e-42,9959.33065813995,0.9964229611553429,-8.101454308885335e-22
930960,0.0,2.143108936666466e-42,9959.330658139932,0.996422961155343,-8.0973223841660385e-22
931020,0.0,2.1423125306664572e-42,9959.330658139916,0.9964229611553432,-8.093189528822702e-22
931080,0.0,2.141515509016289e-42,9959.3306581399,0.9964229611553435,-8.089055742855328e-22
931140,0.0,2.1407178717159606e-42,9959.330658139881,0.9964229611553436,-8.084921026263913e-22
931200,0.0,2.139919618765473e-42,9959.330658139865,0.9964229611553438,-8.08078537904846e-22
931260,0.0,2.1391207501648248e-42,9959.330658139846,0.9964229611553439,-8.076648801208966e-22
931320,0.0,2.138321265914017e-42,9959.33065813983,0.9964229611553441,-8.072511292745436e-22
931380,0.0,2.137521166013049e-42,9959.330658139814,0.9964229611553443,-8.068372853657864e-22
931440,0.0,2.1367204504619215e-42,9959.330658139796,0.9964229611553445,-8.064233483946254e-22
931500,0.0,2.135919119260635e-42,9959.33065813978,0.9964229611553447,-8.060093183610606e-22
931560,0.0,2.1351171724091875e-42,9959.330658139761,0.9964229611553448,-8.055951952650916e-22
931620,0.0,2.1343146099075808e-42,9959.330658139745,0.996422961155345,-8.0518097910671895e-22
931680,0.0,2.133511431755814e-42,9959.330658139726,0.9964229611553452,-8.047666698859422e-22
931740,0.0,2.1327076379538875e-42,9959.33065813971,0.9964229611553453,-8.043522676027618e-22
931800,0.0,2.131903228501801e-42,9959.330658139694,0.9964229611553456,-8.039377722571773e-22
931860,0.0,2.131098203399555e-42,9959.330658139676,0.9964229611553457,-8.035231838491888e-22
931920,0.0,2.1302925626471486e-42,9959.33065813966,0.9964229611553459,-8.031085023787965e-22
931980,0.0,2.1294863062445826e-42,9959.330658139641,0.9964229611553461,-8.026937278460003e-22
932040,0.0,2.1286794341918568e-42,9959.330658139625,0.9964229611553462,-8.022788602508002e-22
932100,0.0,2.1278719464889716e-42,9959.330658139608,0.9964229611553465,-8.018638995931962e-22
932160,0.0,2.127063843135926e-42,9959.33065813959,0.9964229611553467,-8.014488458731882e-22
932220,0.0,2.1262551241327208e-42,9959.330658139574,0.9964229611553468,-8.010336990907764e-22
932280,0.0,2.1254457894793555e-42,9959.330658139555,0.996422961155347,-8.006184592459606e-22
932340,0.0,2.1246358391758308e-42,9959.330658139539,0.9964229611553471,-8.00203126338741e-22
932400,0.0,2.123825273222146e-42,9959.33065813952,0.9964229611553473,-7.997877003691173e-22
932460,0.0,2.1230140916183015e-42,9959.330658139505,0.9964229611553476,-7.993721813370897e-22
932520,0.0,2.122202294364297e-42,9959.330658139486,0.9964229611553477,-7.989565692426583e-22
932580,0.0,2.1213898814601327e-42,9959.33065813947,0.9964229611553479,-7.985408640858231e-22
932640,0.0,2.1205768529058084e-42,9959.330658139454,0.996422961155348,-7.981250658665838e-22
932700,0.0,2.119763208701325e-42,9959.330658139435,0.9964229611553482,-7.977091745849407e-22
932760,0.0,2.118948948846681e-42,9959.330658139419,0.9964229611553485,-7.972931902408934e-22
932820,0.0,2.118134073341877e-42,9959.3306581394,0.9964229611553486,-7.968771128344426e-22
932880,0.0,2.1173185821869136e-42,9959.330658139384,0.9964229611553488,-7.964609423655876e-22
932940,0.0,2.1165024753817907e-42,9959.330658139366,0.996422961155349,-7.960446788343289e-22
933000,0.0,2.1156857529265074e-42,9959.33065813935,0.9964229611553491,-7.956283222406661e-22
933060,0.0,2.1148684148210647e-42,9959.330658139332,0.9964229611553493,-7.952118725845994e-22
933120,0.0,2.1140504610654617e-42,9959.330658139315,0.9964229611553495,-7.947953298661288e-22
933180,0.0,2.1132318916596992e-42,9959.330658139299,0.9964229611553497,-7.943786940852544e-22
933240,0.0,2.1124127066037767e-42,9959.33065813928,0.9964229611553499,-7.93961965241976e-22
933300,0.0,2.1115929058976948e-42,9959.330658139264,0.99642296115535,-7.935451433362938e-22
933360,0.0,2.1107724895414522e-42,9959.330658139246,0.9964229611553502,-7.931282283682074e-22
933420,0.0,2.1099514575350502e-42,9959.33065813923,0.9964229611553505,-7.927112203377173e-22
933480,0.0,2.1091298098784885e-42,9959.330658139212,0.9964229611553506,-7.922941192448233e-22
933540,0.0,2.1083075465717667e-42,9959.330658139195,0.9964229611553508,-7.918769250895253e-22
933600,0.0,2.1074846676148855e-42,9959.330658139177,0.9964229611553509,-7.914596378718235e-22
933660,0.0,2.1066611730078443e-42,9959.33065813916,0.9964229611553511,-7.9104225759171755e-22
933720,0.0,2.1058370627506427e-42,9959.330658139143,0.9964229611553513,-7.90624784249208e-22
933780,0.0,2.1050123368432817e-42,9959.330658139126,0.9964229611553514,-7.902072178442943e-22
933840,0.0,2.1041869952857613e-42,9959.330658139108,0.9964229611553517,-7.897895583769769e-22
933900,0.0,2.1033610380780806e-42,9959.330658139092,0.9964229611553518,-7.893718058472555e-22
933960,0.0,2.10253446522024e-42,9959.330658139073,0.996422961155352,-7.889539602551301e-22
934020,0.0,2.10170727671224e-42,9959.330658139057,0.9964229611553522,-7.885360216006008e-22
934080,0.0,2.1008794725540797e-42,9959.330658139039,0.9964229611553523,-7.881179898836677e-22
934140,0.0,2.1000510527457597e-42,9959.330658139022,0.9964229611553526,-7.876998651043306e-22
934200,0.0,2.0992220172872803e-42,9959.330658139004,0.9964229611553528,-7.872816472625897e-22
934260,0.0,2.0983923661786403e-42,9959.330658138988,0.9964229611553529,-7.868633363584446e-22
934320,0.0,2.0975620994198408e-42,9959.33065813897,0.9964229611553531,-7.864449323918959e-22
934380,0.0,2.0967312170108813e-42,9959.330658138953,0.9964229611553532,-7.860264353629431e-22
934440,0.0,2.0958997189517627e-42,9959.330658138935,0.9964229611553534,-7.856078452715866e-22
934500,0.0,2.0950676052424834e-42,9959.330658138919,0.9964229611553537,-7.85189162117826e-22
934560,0.0,2.0942348758830447e-42,9959.3306581389,0.9964229611553538,-7.847703859016615e-22
934620,0.0,2.0934015308734457e-42,9959.330658138884,0.996422961155354,-7.843515166230931e-22
934680,0.0,2.0925675702136875e-42,9959.330658138866,0.9964229611553542,-7.839325542821208e-22
934740,0.0,2.091732993903769e-42,9959.33065813885,0.9964229611553543,-7.835134988787446e-22
934800,0.0,2.090897801943691e-42,9959.330658138831,0.9964229611553546,-7.830943504129646e-22
934860,0.0,2.090061994333453e-42,9959.330658138815,0.9964229611553548,-7.826751088847804e-22
934920,0.0,2.0892255710730552e-42,9959.330658138797,0.9964229611553549,-7.822557742941926e-22
934980,0.0,2.0883885321624975e-42,9959.33065813878,0.9964229611553551,-7.818363466412006e-22
935040,0.0,2.0875508776017804e-42,9959.330658138762,0.9964229611553552,-7.81416825925805e-22
935100,0.0,2.086712607390903e-42,9959.330658138746,0.9964229611553554,-7.809972121480052e-22
935160,0.0,2.0858737215298654e-42,9959.330658138728,0.9964229611553557,-7.805775053078016e-22
935220,0.0,2.0850342200186684e-42,9959.330658138711,0.9964229611553558,-7.80157705405194e-22
935280,0.0,2.084194102857312e-42,9959.330658138693,0.996422961155356,-7.797378124401827e-22
935340,0.0,2.083353370045795e-42,9959.330658138675,0.9964229611553562,-7.793178264127673e-22
935400,0.0,2.0825120215841187e-42,9959.330658138659,0.9964229611553563,-7.78897747322948e-22
935460,0.0,2.0816700574722822e-42,9959.33065813864,0.9964229611553566,-7.784775751707248e-22
935520,0.0,2.080827477710286e-42,9959.330658138624,0.9964229611553567,-7.780573099560977e-22
935580,0.0,2.07998428229813e-42,9959.330658138606,0.9964229611553569,-7.7763695167906685e-22
935640,0.0,2.079140471235814e-42,9959.33065813859,0.9964229611553571,-7.772165003396319e-22
935700,0.0,2.0782960445233384e-42,9959.330658138571,0.9964229611553572,-7.767959559377932e-22
935760,0.0,2.077451002160703e-42,9959.330658138555,0.9964229611553574,-7.763753184735503e-22
935820,0.0,2.0766053441479076e-42,9959.330658138537,0.9964229611553577,-7.759545879469038e-22
935880,0.0,2.0757590704849524e-42,9959.33065813852,0.9964229611553578,-7.755337643578531e-22
935940,0.0,2.0749121811718378e-42,9959.330658138502,0.996422961155358,-7.751128477063987e-22
936000,0.0,2.0740646762085625e-42,9959.330658138484,0.9964229611553582,-7.746918379925403e-22
936060,0.0,2.0732165555951282e-42,9959.330658138468,0.9964229611553583,-7.74270735216278e-22
936120,0.0,2.072367819331533e-42,9959.33065813845,0.9964229611553586,-7.738495393776118e-22
936180,0.0,2.0715184674177793e-42,9959.330658138433,0.9964229611553587,-7.734282504765418e-22
936240,0.0,2.070668499853865e-42,9959.330658138415,0.9964229611553589,-7.730068685130676e-22
936300,0.0,2.069817916639791e-42,9959.330658138399,0.9964229611553591,-7.725853934871898e-22
936360,0.0,2.068966717775557e-42,9959.33065813838,0.9964229611553592,-7.721638253989078e-22
936420,0.0,2.0681149032611634e-42,9959.330658138362,0.9964229611553594,-7.717421642482221e-22
936480,0.0,2.0672624730966097e-42,9959.330658138346,0.9964229611553597,-7.713204100351324e-22
936540,0.0,2.0664094272818966e-42,9959.330658138328,0.9964229611553598,-7.708985627596389e-22
936600,0.0,2.065555765817023e-42,9959.330658138311,0.99642296115536,-7.704766224217413e-22
936660,0.0,2.0647014887019902e-42,9959.330658138293,0.9964229611553602,-7.700545890214399e-22
936720,0.0,2.0638465959367973e-42,9959.330658138277,0.9964229611553603,-7.696324625587345e-22
936780,0.0,2.062991087521445e-42,9959.330658138259,0.9964229611553606,-7.692102430336254e-22
936840,0.0,2.0621349634559323e-42,9959.33065813824,0.9964229611553607,-7.687879304461121e-22
936900,0.0,2.06127822374026e-42,9959.330658138224,0.9964229611553609,-7.683655247961951e-22
936960,0.0,2.0604208683744277e-42,9959.330658138206,0.9964229611553611,-7.67943026083874e-22
937020,0.0,2.059562897358436e-42,9959.33065813819,0.9964229611553612,-7.675204343091492e-22
937080,0.0,2.0587043106922836e-42,9959.330658138171,0.9964229611553614,-7.670977494720204e-22
937140,0.0,2.057845108375972e-42,9959.330658138153,0.9964229611553617,-7.666749715724877e-22
937200,0.0,2.0569852904095003e-42,9959.330658138137,0.9964229611553618,-7.66252100610551e-22
937260,0.0,2.0561248567928692e-42,9959.330658138118,0.996422961155362,-7.658291365862105e-22
937320,0.0,2.0552638075260778e-42,9959.330658138102,0.9964229611553622,-7.65406079499466e-22
937380,0.0,2.0544021426091266e-42,9959.330658138084,0.9964229611553623,-7.649829293503175e-22
937440,0.0,2.0535398620420157e-42,9959.330658138066,0.9964229611553626,-7.645596861387653e-22
937500,0.0,2.052676965824745e-42,9959.33065813805,0.9964229611553628,-7.64136349864809e-22
937560,0.0,2.0518134539573145e-42,9959.330658138031,0.9964229611553629,-7.637129205284489e-22
937620,0.0,2.050949326439724e-42,9959.330658138015,0.9964229611553631,-7.632893981296849e-22
937680,0.0,2.0500845832719743e-42,9959.330658137997,0.9964229611553633,-7.62865782668517e-22
937740,0.0,2.049219224454064e-42,9959.330658137978,0.9964229611553634,-7.624420741449451e-22
937800,0.0,2.0483532499859942e-42,9959.330658137962,0.9964229611553637,-7.620182725589694e-22
937860,0.0,2.0474866598677643e-42,9959.330658137944,0.9964229611553638,-7.6159437791058955e-22
937920,0.0,2.046619454099375e-42,9959.330658137926,0.996422961155364,-7.611703901998061e-22
937980,0.0,2.0457516326808253e-42,9959.33065813791,0.9964229611553642,-7.6074630942661855e-22
938040,0.0,2.0448831956121162e-42,9959.330658137891,0.9964229611553643,-7.603221355910272e-22
938100,0.0,2.044014142893247e-42,9959.330658137875,0.9964229611553646,-7.598978686930318e-22
938160,0.0,2.0431444745242182e-42,9959.330658137857,0.9964229611553648,-7.594735087326326e-22
938220,0.0,2.0422741905050293e-42,9959.330658137838,0.9964229611553649,-7.590490557098293e-22
938280,0.0,2.0414032908356813e-42,9959.330658137822,0.9964229611553651,-7.586245096246223e-22
938340,0.0,2.0405317755161723e-42,9959.330658137804,0.9964229611553653,-7.581998704770114e-22
938400,0.0,2.0396596445465045e-42,9959.330658137786,0.9964229611553654,-7.577751382669966e-22
938460,0.0,2.038786897926676e-42,9959.33065813777,0.9964229611553657,-7.573503129945776e-22
938520,0.0,2.0379135356566885e-42,9959.330658137751,0.9964229611553659,-7.569253946597549e-22
938580,0.0,2.0370395577365407e-42,9959.330658137733,0.996422961155366,-7.565003832625282e-22
938640,0.0,2.036164964166233e-42,9959.330658137716,0.9964229611553662,-7.560752788028978e-22
938700,0.0,2.0352897549457657e-42,9959.330658137698,0.9964229611553664,-7.556500812808632e-22
938760,0.0,2.0344139300751383e-42,9959.330658137682,0.9964229611553665,-7.552247906964249e-22
938820,0.0,2.0335374895543512e-42,9959.330658137664,0.9964229611553668,-7.547994070495825e-22
938880,0.0,2.0326604333834043e-42,9959.330658137646,0.9964229611553669,-7.543739303403364e-22
938940,0.0,2.0317827615622975e-42,9959.33065813763,0.9964229611553671,-7.539483605686863e-22
939000,0.0,2.030904474091031e-42,9959.330658137611,0.9964229611553673,-7.535226977346324e-22
939060,0.0,2.0300255709696045e-42,9959.330658137593,0.9964229611553674,-7.530969418381743e-22
939120,0.0,2.0291460521980185e-42,9959.330658137576,0.9964229611553677,-7.526710928793125e-22
939180,0.0,2.0282659177762724e-42,9959.330658137558,0.9964229611553679,-7.522451508580467e-22
939240,0.0,2.0273851677043665e-42,9959.33065813754,0.996422961155368,-7.518191157743771e-22
939300,0.0,2.0265038019823007e-42,9959.330658137524,0.9964229611553682,-7.513929876283034e-22
939360,0.0,2.0256218206100748e-42,9959.330658137505,0.9964229611553684,-7.509667664198258e-22
939420,0.0,2.0247392235876898e-42,9959.330658137487,0.9964229611553685,-7.505404521489445e-22
939480,0.0,2.0238560109151444e-42,9959.33065813747,0.9964229611553688,-7.501140448156591e-22
939540,0.0,2.0229721825924393e-42,9959.330658137453,0.996422961155369,-7.4968754441996995e-22
939600,0.0,2.0220877386195742e-42,9959.330658137435,0.9964229611553691,-7.492609509618767e-22
939660,0.0,2.0212026789965496e-42,9959.330658137418,0.9964229611553693,-7.488342644413796e-22
939720,0.0,2.0203170037233647e-42,9959.3306581374,0.9964229611553695,-7.484074848584786e-22
939780,0.0,2.0194307128000204e-42,9959.330658137382,0.9964229611553697,-7.479806122131738e-22
939840,0.0,2.018543806226516e-42,9959.330658137364,0.9964229611553699,-7.475536465054649e-22
939900,0.0,2.017656284002852e-42,9959.330658137347,0.9964229611553701,-7.471265877353523e-22
939960,0.0,2.016768146129028e-42,9959.330658137329,0.9964229611553702,-7.466994359028356e-22
940020,0.0,2.0158793926050447e-42,9959.33065813731,0.9964229611553704,-7.462721910079151e-22
940080,0.0,2.0149900234309008e-42,9959.330658137294,0.9964229611553707,-7.458448530505906e-22
940140,0.0,2.0141000386065975e-42,9959.330658137276,0.9964229611553708,-7.454174220308623e-22
940200,0.0,2.0132094381321342e-42,9959.330658137258,0.996422961155371,-7.4498989794873e-22
940260,0.0,2.012318222007511e-42,9959.330658137242,0.9964229611553712,-7.445622808041938e-22
940320,0.0,2.011426390232728e-42,9959.330658137224,0.9964229611553713,-7.441345705972536e-22
940380,0.0,2.0105339428077852e-42,9959.330658137205,0.9964229611553715,-7.437067673279097e-22
940440,0.0,2.0096408797326826e-42,9959.330658137187,0.9964229611553718,-7.432788709961617e-22
940500,0.0,2.00874720100742e-42,9959.33065813717,0.9964229611553719,-7.428508816020099e-22
940560,0.0,2.0078529066319977e-42,9959.330658137153,0.9964229611553721,-7.42422799145454e-22
940620,0.0,2.006957996606416e-42,9959.330658137134,0.9964229611553723,-7.419946236264944e-22
940680,0.0,2.0060624709306736e-42,9959.330658137118,0.9964229611553724,-7.415663550451308e-22
940740,0.0,2.005166329604772e-42,9959.3306581371,0.9964229611553727,-7.411379934013634e-22
940800,0.0,2.0042695726287102e-42,9959.330658137082,0.9964229611553729,-7.407095386951919e-22
940860,0.0,2.003372200002489e-42,9959.330658137063,0.996422961155373,-7.402809909266165e-22
940920,0.0,2.0024742117261077e-42,9959.330658137047,0.9964229611553732,-7.398523500956373e-22
940980,0.0,2.0015756077995666e-42,9959.330658137029,0.9964229611553734,-7.394236162022542e-22
941040,0.0,2.0006763882228656e-42,9959.33065813701,0.9964229611553735,-7.389947892464671e-22
941100,0.0,1.9997765529960044e-42,9959.330658136994,0.9964229611553738,-7.385658692282761e-22
941160,0.0,1.998876102118984e-42,9959.330658136976,0.996422961155374,-7.381368561476812e-22
941220,0.0,1.9979750355918037e-42,9959.330658136958,0.9964229611553741,-7.377077500046824e-22
941280,0.0,1.9970733534144634e-42,9959.33065813694,0.9964229611553743,-7.372785507992797e-22
941340,0.0,1.9961710555869633e-42,9959.330658136923,0.9964229611553745,-7.368492585314731e-22
941400,0.0,1.995268142109303e-42,9959.330658136905,0.9964229611553747,-7.364198732012626e-22
941460,0.0,1.9943646129814835e-42,9959.330658136887,0.9964229611553749,-7.35990394808648e-22
941520,0.0,1.993460468203504e-42,9959.330658136869,0.9964229611553751,-7.355608233536297e-22
941580,0.0,1.992555707775364e-42,9959.330658136852,0.9964229611553752,-7.351311588362074e-22
941640,0.0,1.991650331697065e-42,9959.330658136834,0.9964229611553754,-7.347014012563812e-22
941700,0.0,1.9907443399686058e-42,9959.330658136816,0.9964229611553757,-7.342715506141511e-22
941760,0.0,1.9898377325899868e-42,9959.330658136798,0.9964229611553758,-7.33841606909517e-22
941820,0.0,1.9889305095612083e-42,9959.330658136781,0.996422961155376,-7.334115701424791e-22
941880,0.0,1.9880226708822692e-42,9959.330658136763,0.9964229611553762,-7.329814403130373e-22
941940,0.0,1.9871142165531706e-42,9959.330658136745,0.9964229611553763,-7.325512174211916e-22
942000,0.0,1.9862051465739124e-42,9959.330658136727,0.9964229611553765,-7.321209014669419e-22
942060,0.0,1.9852954609444944e-42,9959.33065813671,0.9964229611553768,-7.316904924502882e-22
942120,0.0,1.9843851596649163e-42,9959.330658136692,0.9964229611553769,-7.312599903712308e-22
942180,0.0,1.9834742427351786e-42,9959.330658136674,0.9964229611553771,-7.308293952297694e-22
942240,0.0,1.9825627101552808e-42,9959.330658136656,0.9964229611553773,-7.30398707025904e-22
942300,0.0,1.9816505619252233e-42,9959.330658136638,0.9964229611553774,-7.299679257596348e-22
942360,0.0,1.980737798045006e-42,9959.330658136621,0.9964229611553777,-7.295370514309616e-22
942420,0.0,1.979824418514629e-42,9959.330658136603,0.9964229611553779,-7.291060840398845e-22
942480,0.0,1.9789104233340917e-42,9959.330658136585,0.996422961155378,-7.286750235864036e-22
942540,0.0,1.9779958125033946e-42,9959.330658136567,0.9964229611553782,-7.282438700705187e-22
942600,0.0,1.977080586022538e-42,9959.33065813655,0.9964229611553784,-7.278126234922298e-22
942660,0.0,1.976164743891522e-42,9959.330658136532,0.9964229611553785,-7.273812838515371e-22
942720,0.0,1.9752482861103454e-42,9959.330658136514,0.9964229611553788,-7.269498511484405e-22
942780,0.0,1.9743312126790094e-42,9959.330658136496,0.996422961155379,-7.265183253829399e-22
942840,0.0,1.973413523597513e-42,9959.330658136478,0.9964229611553791,-7.260867065550356e-22
942900,0.0,1.9724952188658574e-42,9959.330658136461,0.9964229611553793,-7.256549946647272e-22
942960,0.0,1.971576298484042e-42,9959.330658136443,0.9964229611553795,-7.252231897120148e-22
943020,0.0,1.970656762452066e-42,9959.330658136425,0.9964229611553796,-7.247912916968986e-22
943080,0.0,1.969736610769931e-42,9959.330658136407,0.9964229611553799,-7.243593006193785e-22
943140,0.0,1.9688158434376356e-42,9959.330658136389,0.9964229611553801,-7.239272164794545e-22
943200,0.0,1.9678944604551806e-42,9959.330658136372,0.9964229611553802,-7.234950392771266e-22
943260,0.0,1.966972461822566e-42,9959.330658136354,0.9964229611553804,-7.230627690123947e-22
943320,0.0,1.966049847539791e-42,9959.330658136336,0.9964229611553806,-7.22630405685259e-22
943380,0.0,1.9651266176068566e-42,9959.330658136318,0.9964229611553808,-7.221979492957193e-22
943440,0.0,1.964202772023762e-42,9959.3306581363,0.996422961155381,-7.217653998437758e-22
943500,0.0,1.9632783107905082e-42,9959.330658136283,0.9964229611553812,-7.2133275732942825e-22
943560,0.0,1.9623532339070942e-42,9959.330658136265,0.9964229611553814,-7.209000217526768e-22
943620,0.0,1.9614275413735202e-42,9959.330658136247,0.9964229611553815,-7.204671931135215e-22
943680,0.0,1.9605012331897867e-42,9959.330658136229,0.9964229611553818,-7.200342714119623e-22
943740,0.0,1.959574309355893e-42,9959.33065813621,0.996422961155382,-7.196012566479991e-22
943800,0.0,1.9586467698718397e-42,9959.330658136194,0.9964229611553821,-7.191681488216321e-22
943860,0.0,1.9577186147376265e-42,9959.330658136176,0.9964229611553823,-7.18734947932861e-22
943920,0.0,1.9567898439532535e-42,9959.330658136158,0.9964229611553825,-7.183016539816862e-22
943980,0.0,1.9558604575187205e-42,9959.33065813614,0.9964229611553826,-7.178682669681074e-22
944040,0.0,1.9549304554340278e-42,9959.330658136121,0.9964229611553829,-7.174347868921247e-22
944100,0.0,1.9539998376991753e-42,9959.330658136103,0.9964229611553831,-7.170012137537381e-22
944160,0.0,1.9530686043141628e-42,9959.330658136087,0.9964229611553832,-7.165675475529475e-22
944220,0.0,1.952136755278991e-42,9959.330658136068,0.9964229611553834,-7.161337882897531e-22
944280,0.0,1.9512042905936586e-42,9959.33065813605,0.9964229611553836,-7.156999359641546e-22
944340,0.0,1.9502712102581666e-42,9959.330658136032,0.9964229611553838,-7.152659905761523e-22
944400,0.0,1.949337514272515e-42,9959.330658136014,0.996422961155384,-7.148319521257462e-22
944460,0.0,1.9484032026367035e-42,9959.330658135996,0.9964229611553842,-7.143978206129361e-22
944520,0.0,1.947468275350732e-42,9959.330658135978,0.9964229611553843,-7.13963596037722e-22
944580,0.0,1.946532732414601e-42,9959.330658135961,0.9964229611553845,-7.135292784001041e-22
944640,0.0,1.9455965738283098e-42,9959.330658135943,0.9964229611553848,-7.130948677000823e-22
944700,0.0,1.944659799591859e-42,9959.330658135925,0.9964229611553849,-7.126603639376566e-22
944760,0.0,1.9437224097052485e-42,9959.330658135907,0.9964229611553851,-7.122257671128268e-22
944820,0.0,1.9427844041684777e-42,9959.330658135888,0.9964229611553853,-7.117910772255933e-22
944880,0.0,1.9418457829815472e-42,9959.33065813587,0.9964229611553855,-7.113562942759558e-22
944940,0.0,1.940906546144457e-42,9959.330658135852,0.9964229611553856,-7.109214182639143e-22
945000,0.0,1.939966693657207e-42,9959.330658135836,0.9964229611553859,-7.104864491894691e-22
945060,0.0,1.939026225519797e-42,9959.330658135817,0.9964229611553861,-7.100513870526198e-22
945120,0.0,1.9380851417322274e-42,9959.3306581358,0.9964229611553862,-7.096162318533667e-22
945180,0.0,1.9371434422944977e-42,9959.330658135781,0.9964229611553864,-7.091809835917096e-22
945240,0.0,1.9362011272066082e-42,9959.330658135763,0.9964229611553866,-7.087456422676487e-22
945300,0.0,1.9352581964685594e-42,9959.330658135745,0.9964229611553868,-7.0831020788118375e-22
945360,0.0,1.93431465008035e-42,9959.330658135726,0.996422961155387,-7.078746804323149e-22
945420,0.0,1.9333704880419812e-42,9959.33065813571,0.9964229611553872,-7.074390599210423e-22
945480,0.0,1.9324257103534525e-42,9959.330658135692,0.9964229611553873,-7.070033463473656e-22
945540,0.0,1.9314803170147638e-42,9959.330658135674,0.9964229611553875,-7.065675397112851e-22
945600,0.0,1.9305343080259156e-42,9959.330658135656,0.9964229611553878,-7.061316400128007e-22
945660,0.0,1.929587683386907e-42,9959.330658135637,0.996422961155388,-7.056956472519122e-22
945720,0.0,1.9286404430977393e-42,9959.33065813562,0.9964229611553881,-7.052595614286199e-22
945780,0.0,1.9276925871584113e-42,9959.330658135601,0.9964229611553883,-7.048233825429238e-22
945840,0.0,1.9267441155689236e-42,9959.330658135583,0.9964229611553885,-7.043871105948237e-22
945900,0.0,1.9257950283292763e-42,9959.330658135565,0.9964229611553886,-7.039507455843197e-22
945960,0.0,1.9248453254394685e-42,9959.330658135548,0.9964229611553889,-7.035142875114117e-22
946020,0.0,1.9238950068995013e-42,9959.33065813553,0.9964229611553891,-7.030777363760999e-22
946080,0.0,1.922944072709374e-42,9959.330658135512,0.9964229611553892,-7.026410921783841e-22
946140,0.0,1.9219925228690872e-42,9959.330658135494,0.9964229611553894,-7.022043549182645e-22
946200,0.0,1.921040357378641e-42,9959.330658135475,0.9964229611553896,-7.017675245957409e-22
946260,0.0,1.920087576238034e-42,9959.330658135457,0.9964229611553898,-7.013306012108134e-22
946320,0.0,1.9191341794472674e-42,9959.330658135439,0.99642296115539,-7.008935847634819e-22
946380,0.0,1.918180167006341e-42,9959.33065813542,0.9964229611553902,-7.004564752537466e-22
946440,0.0,1.917225538915255e-42,9959.330658135403,0.9964229611553904,-7.000192726816074e-22
946500,0.0,1.9162702951740092e-42,9959.330658135385,0.9964229611553905,-6.995819770470643e-22
946560,0.0,1.9153144357826032e-42,9959.330658135366,0.9964229611553908,-6.991445883501172e-22
946620,0.0,1.914357960741038e-42,9959.33065813535,0.996422961155391,-6.987071065907662e-22
946680,0.0,1.913400870049312e-42,9959.330658135332,0.9964229611553911,-6.982695317690114e-22
946740,0.0,1.912443163707427e-42,9959.330658135314,0.9964229611553913,-6.978318638848525e-22
946800,0.0,1.911484841715382e-42,9959.330658135295,0.9964229611553915,-6.973941029382899e-22
946860,0.0,1.910525904073177e-42,9959.330658135277,0.9964229611553916,-6.969562489293231e-22
946920,0.0,1.9095663507808123e-42,9959.330658135259,0.9964229611553919,-6.965183018579527e-22
946980,0.0,1.9086061818382876e-42,9959.33065813524,0.9964229611553921,-6.960802617241782e-22
947040,0.0,1.9076453972456032e-42,9959.330658135223,0.9964229611553923,-6.956421285279999e-22
947100,0.0,1.906683997002759e-42,9959.330658135204,0.9964229611553924,-6.952039022694176e-22
947160,0.0,1.905721981109755e-42,9959.330658135186,0.9964229611553926,-6.9476558294843135e-22
947220,0.0,1.9047593495665907e-42,9959.330658135168,0.9964229611553929,-6.943271705650413e-22
947280,0.0,1.903796102373267e-42,9959.33065813515,0.996422961155393,-6.938886651192473e-22
947340,0.0,1.9028322395297835e-42,9959.330658135132,0.9964229611553932,-6.934500666110494e-22
947400,0.0,1.90186776103614e-42,9959.330658135113,0.9964229611553934,-6.930113750404476e-22
947460,0.0,1.9009026668923367e-42,9959.330658135095,0.9964229611553935,-6.9257259040744175e-22
947520,0.0,1.8999369570983735e-42,9959.330658135079,0.9964229611553937,-6.921337127120322e-22
947580,0.0,1.8989706316542506e-42,9959.33065813506,0.996422961155394,-6.916947419542186e-22
947640,0.0,1.898003690559968e-42,9959.330658135043,0.9964229611553942,-6.912556781340011e-22
947700,0.0,1.8970361338155254e-42,9959.330658135024,0.9964229611553943,-6.9081652125137975e-22
947760,0.0,1.896067961420923e-42,9959.330658135006,0.9964229611553945,-6.9037727130635435e-22
947820,0.0,1.8950991733761603e-42,9959.330658134988,0.9964229611553947,-6.899379282989251e-22
947880,0.0,1.8941297696812385e-42,9959.33065813497,0.9964229611553949,-6.89498492229092e-22
947940,0.0,1.8931597503361566e-42,9959.330658134952,0.9964229611553951,-6.89058963096855e-22
948000,0.0,1.8921891153409147e-42,9959.330658134933,0.9964229611553953,-6.88619340902214e-22
948060,0.0,1.891217864695513e-42,9959.330658134915,0.9964229611553954,-6.8817962564516905e-22
948120,0.0,1.8902459983999514e-42,9959.330658134897,0.9964229611553956,-6.877398173257203e-22
948180,0.0,1.8892735164542303e-42,9959.330658134879,0.9964229611553959,-6.872999159438676e-22
948240,0.0,1.8883004188583492e-42,9959.33065813486,0.9964229611553961,-6.868599214996109e-22
948300,0.0,1.887326705612308e-42,9959.330658134842,0.9964229611553962,-6.864198339929504e-22
948360,0.0,1.886352376716107e-42,9959.330658134824,0.9964229611553964,-6.8597965342388595e-22
948420,0.0,1.8853774321697465e-42,9959.330658134806,0.9964229611553966,-6.855393797924175e-22
948480,0.0,1.8844018719732262e-42,9959.330658134788,0.9964229611553967,-6.850990130985452e-22
948540,0.0,1.8834256961265458e-42,9959.33065813477,0.996422961155397,-6.846585533422691e-22
948600,0.0,1.8824489046297057e-42,9959.330658134752,0.9964229611553972,-6.84218000523589e-22
948660,0.0,1.881471497482706e-42,9959.330658134733,0.9964229611553974,-6.8377735464250505e-22
948720,0.0,1.8804934746855457e-42,9959.330658134715,0.9964229611553975,-6.833366156990171e-22
948780,0.0,1.8795148362382264e-42,9959.330658134697,0.9964229611553977,-6.828957836931252e-22
948840,0.0,1.8785355821407467e-42,9959.330658134679,0.996422961155398,-6.824548586248295e-22
948900,0.0,1.8775557123931074e-42,9959.33065813466,0.9964229611553981,-6.820138404941298e-22
948960,0.0,1.8765752269953083e-42,9959.330658134642,0.9964229611553983,-6.815727293010263e-22
949020,0.0,1.875594125947349e-42,9959.330658134624,0.9964229611553985,-6.811315250455188e-22
949080,0.0,1.8746124092492306e-42,9959.330658134606,0.9964229611553987,-6.806902277276074e-22
949140,0.0,1.873630076900952e-42,9959.330658134588,0.9964229611553989,-6.802488373472921e-22
949200,0.0,1.8726471289025134e-42,9959.33065813457,0.9964229611553991,-6.7980735390457285e-22
949260,0.0,1.871663565253915e-42,9959.330658134551,0.9964229611553993,-6.793657773994496e-22
949320,0.0,1.870679385955157e-42,9959.330658134533,0.9964229611553994,-6.789241078319226e-22
949380,0.0,1.8696945910062388e-42,9959.330658134515,0.9964229611553996,-6.784823452019917e-22
949440,0.0,1.8687091804071613e-42,9959.330658134497,0.9964229611553999,-6.780404895096568e-22
949500,0.0,1.8677231541579234e-42,9959.330658134479,0.9964229611554001,-6.775985407549181e-22
949560,0.0,1.8667365122585258e-42,9959.33065813446,0.9964229611554002,-6.771564989377752e-22
949620,0.0,1.8657492547089684e-42,9959.330658134442,0.9964229611554004,-6.767143640582287e-22
949680,0.0,1.8647613815092514e-42,9959.330658134424,0.9964229611554006,-6.762721361162782e-22
949740,0.0,1.8637728926593743e-42,9959.330658134406,0.9964229611554007,-6.758298151119237e-22
949800,0.0,1.8627837881593374e-42,9959.330658134388,0.996422961155401,-6.753874010451654e-22
949860,0.0,1.861794068009141e-42,9959.33065813437,0.9964229611554012,-6.74944893916003e-22
949920,0.0,1.8608037322087842e-42,9959.330658134351,0.9964229611554014,-6.745022937244369e-22
949980,0.0,1.8598127807582682e-42,9959.330658134333,0.9964229611554015,-6.740596004704668e-22
950040,0.0,1.858821213657592e-42,9959.330658134315,0.9964229611554017,-6.736168141540929e-22
950100,0.0,1.8578290309067558e-42,9959.330658134297,0.996422961155402,-6.731739347753149e-22
950160,0.0,1.85683623250576e-42,9959.330658134279,0.9964229611554021,-6.72730962334133e-22
950220,0.0,1.8558428184546044e-42,9959.33065813426,0.9964229611554023,-6.722878968305473e-22
950280,0.0,1.8548487887532888e-42,9959.330658134242,0.9964229611554025,-6.718447382645576e-22
950340,0.0,1.8538541434018132e-42,9959.330658134224,0.9964229611554027,-6.71401486636164e-22
950400,0.0,1.852858882400178e-42,9959.330658134206,0.9964229611554029,-6.709581419453665e-22
950460,0.0,1.851863005748383e-42,9959.330658134188,0.9964229611554031,-6.705147041921651e-22
950520,0.0,1.8508665134464282e-42,9959.33065813417,0.9964229611554033,-6.700711733765598e-22
950580,0.0,1.8498694054943137e-42,9959.33065813415,0.9964229611554034,-6.696275494985505e-22
950640,0.0,1.8488716818920388e-42,9959.330658134131,0.9964229611554036,-6.691838325581374e-22
950700,0.0,1.8478733426396048e-42,9959.330658134113,0.9964229611554039,-6.687400225553204e-22
950760,0.0,1.8468743877370102e-42,9959.330658134095,0.9964229611554041,-6.682961194900995e-22
950820,0.0,1.8458748171842564e-42,9959.330658134077,0.9964229611554042,-6.678521233624745e-22
950880,0.0,1.8448746309813426e-42,9959.330658134058,0.9964229611554044,-6.674080341724458e-22
950940,0.0,1.8438738291282688e-42,9959.33065813404,0.9964229611554046,-6.669638519200131e-22
951000,0.0,1.8428724116250355e-42,9959.330658134022,0.9964229611554049,-6.665195766051765e-22
951060,0.0,1.841870378471642e-42,9959.330658134004,0.996422961155405,-6.66075208227936e-22
951120,0.0,1.840867729668089e-42,9959.330658133986,0.9964229611554052,-6.656307467882915e-22
951180,0.0,1.839864465214376e-42,9959.330658133968,0.9964229611554054,-6.651861922862431e-22
951240,0.0,1.8388605851105028e-42,9959.33065813395,0.9964229611554055,-6.647415447217909e-22
951300,0.0,1.8378560893564702e-42,9959.330658133931,0.9964229611554057,-6.642968040949347e-22
951360,0.0,1.8368509779522774e-42,9959.330658133913,0.996422961155406,-6.638519704056747e-22
951420,0.0,1.8358452508979254e-42,9959.330658133895,0.9964229611554062,-6.634070436540105e-22
951480,0.0,1.834838908193413e-42,9959.330658133875,0.9964229611554063,-6.629620238399427e-22
951540,0.0,1.833831949838741e-42,9959.330658133857,0.9964229611554065,-6.625169109634708e-22
951600,0.0,1.832824375833909e-42,9959.330658133838,0.9964229611554067,-6.6207170502459515e-22
951660,0.0,1.831816186178917e-42,9959.33065813382,0.996422961155407,-6.616264060233155e-22
951720,0.0,1.830807380873766e-42,9959.330658133802,0.9964229611554071,-6.611810139596318e-22
951780,0.0,1.8297979599184544e-42,9959.330658133784,0.9964229611554073,-6.607355288335444e-22
951840,0.0,1.8287879233129834e-42,9959.330658133766,0.9964229611554075,-6.60289950645053e-22
951900,0.0,1.827777271057352e-42,9959.330658133747,0.9964229611554076,-6.598442793941578e-22
951960,0.0,1.8267660031515613e-42,9959.33065813373,0.9964229611554078,-6.593985150808585e-22
952020,0.0,1.8257541195956108e-42,9959.330658133711,0.9964229611554081,-6.589526577051553e-22
952080,0.0,1.8247416203895e-42,9959.330658133691,0.9964229611554083,-6.585067072670483e-22
952140,0.0,1.8237285055332297e-42,9959.330658133673,0.9964229611554084,-6.580606637665374e-22
952200,0.0,1.822714775026799e-42,9959.330658133655,0.9964229611554086,-6.576145272036225e-22
952260,0.0,1.821700428870209e-42,9959.330658133636,0.9964229611554088,-6.571682975783037e-22
952320,0.0,1.8206854670634593e-42,9959.330658133618,0.9964229611554091,-6.567219748905809e-22
952380,0.0,1.8196698896065496e-42,9959.3306581336,0.9964229611554092,-6.562755591404542e-22
952440,0.0,1.81865369649948e-42,9959.330658133582,0.9964229611554094,-6.558290503279238e-22
952500,0.0,1.8176368877422505e-42,9959.330658133564,0.9964229611554096,-6.553824484529894e-22
952560,0.0,1.8166194633348612e-42,9959.330658133546,0.9964229611554097,-6.54935753515651e-22
952620,0.0,1.8156014232773122e-42,9959.330658133526,0.99642296115541,-6.544889655159087e-22
952680,0.0,1.8145827675696032e-42,9959.330658133507,0.9964229611554102,-6.540420844537626e-22
952740,0.0,1.8135634962117347e-42,9959.33065813349,0.9964229611554104,-6.535951103292124e-22
952800,0.0,1.812543609203706e-42,9959.330658133471,0.9964229611554105,-6.531480431422585e-22
952860,0.0,1.8115231065455177e-42,9959.330658133453,0.9964229611554107,-6.527008828929005e-22
952920,0.0,1.8105019882371694e-42,9959.330658133435,0.996422961155411,-6.522536295811387e-22
952980,0.0,1.809480254278661e-42,9959.330658133416,0.9964229611554112,-6.518062832069729e-22
953040,0.0,1.8084579046699934e-42,9959.330658133398,0.9964229611554113,-6.513588437704033e-22
953100,0.0,1.8074349394111656e-42,9959.330658133378,0.9964229611554115,-6.509113112714298e-22
953160,0.0,1.806411358502178e-42,9959.33065813336,0.9964229611554117,-6.504636857100523e-22
953220,0.0,1.8053871619430306e-42,9959.330658133342,0.996422961155412,-6.500159670862708e-22
953280,0.0,1.8043623497337234e-42,9959.330658133324,0.9964229611554121,-6.495681554000856e-22
953340,0.0,1.8033369218742564e-42,9959.330658133305,0.9964229611554123,-6.491202506514964e-22
953400,0.0,1.8023108783646294e-42,9959.330658133287,0.9964229611554125,-6.486722528405032e-22
953460,0.0,1.8012842192048426e-42,9959.330658133269,0.9964229611554126,-6.482241619671062e-22
953520,0.0,1.8002569443948962e-42,9959.330658133249,0.9964229611554128,-6.477759780313052e-22
953580,0.0,1.7992290539347897e-42,9959.33065813323,0.9964229611554131,-6.473277010331003e-22
953640,0.0,1.7982005478245234e-42,9959.330658133213,0.9964229611554133,-6.468793309724916e-22
953700,0.0,1.797171426064097e-42,9959.330658133194,0.9964229611554134,-6.464308678494789e-22
953760,0.0,1.7961416886535115e-42,9959.330658133176,0.9964229611554136,-6.459823116640623e-22
953820,0.0,1.7951113355927657e-42,9959.330658133158,0.9964229611554138,-6.455336624162417e-22
953880,0.0,1.79408036688186e-42,9959.330658133138,0.9964229611554141,-6.450849201060172e-22
953940,0.0,1.7930487825207945e-42,9959.33065813312,0.9964229611554142,-6.446360847333889e-22
954000,0.0,1.7920165825095692e-42,9959.330658133102,0.9964229611554144,-6.441871562983567e-22
954060,0.0,1.7909837668481843e-42,9959.330658133083,0.9964229611554146,-6.4373813480092055e-22
954120,0.0,1.789950335536639e-42,9959.330658133065,0.9964229611554148,-6.432890202410804e-22
954180,0.0,1.7889162885749346e-42,9959.330658133047,0.996422961155415,-6.428398126188364e-22
954240,0.0,1.7878816259630698e-42,9959.330658133027,0.9964229611554152,-6.423905119341884e-22
954300,0.0,1.786846347701045e-42,9959.330658133009,0.9964229611554154,-6.419411181871366e-22
954360,0.0,1.7858104537888608e-42,9959.33065813299,0.9964229611554156,-6.414916313776809e-22
954420,0.0,1.784773944226517e-42,9959.330658132973,0.9964229611554157,-6.410420515058213e-22
954480,0.0,1.783736819014013e-42,9959.330658132954,0.996422961155416,-6.405923785715576e-22
954540,0.0,1.7826990781513492e-42,9959.330658132936,0.9964229611554162,-6.401426125748902e-22
954600,0.0,1.7816607216385254e-42,9959.330658132916,0.9964229611554164,-6.396927535158188e-22
954660,0.0,1.780621749475542e-42,9959.330658132898,0.9964229611554165,-6.392428013943435e-22
954720,0.0,1.7795821616623988e-42,9959.33065813288,0.9964229611554167,-6.387927562104643e-22
954780,0.0,1.7785419581990955e-42,9959.330658132862,0.996422961155417,-6.383426179641812e-22
954840,0.0,1.7775011390856326e-42,9959.330658132843,0.9964229611554172,-6.378923866554941e-22
954900,0.0,1.77645970432201e-42,9959.330658132823,0.9964229611554173,-6.374420622844032e-22
954960,0.0,1.775417653908227e-42,9959.330658132805,0.9964229611554175,-6.369916448509083e-22
955020,0.0,1.7743749878442847e-42,9959.330658132787,0.9964229611554177,-6.365411343550095e-22
955080,0.0,1.7733317061301825e-42,9959.330658132769,0.996422961155418,-6.360905307967068e-22
955140,0.0,1.7722878087659203e-42,9959.33065813275,0.9964229611554181,-6.356398341760002e-22
955200,0.0,1.7712432957514983e-42,9959.33065813273,0.9964229611554183,-6.351890444928897e-22
955260,0.0,1.7701981670869167e-42,9959.330658132712,0.9964229611554185,-6.347381617473753e-22
955320,0.0,1.769152422772175e-42,9959.330658132694,0.9964229611554187,-6.3428718593945685e-22
955380,0.0,1.7681060628072735e-42,9959.330658132676,0.9964229611554188,-6.338361170691346e-22
955440,0.0,1.767059087192212e-42,9959.330658132656,0.9964229611554191,-6.333849551364084e-22
955500,0.0,1.766011495926991e-42,9959.330658132638,0.9964229611554193,-6.329337001412784e-22
955560,0.0,1.7649632890116102e-42,9959.33065813262,0.9964229611554195,-6.324823520837444e-22
955620,0.0,1.7639144664460692e-42,9959.330658132601,0.9964229611554196,-6.320309109638064e-22
955680,0.0,1.7628650282303685e-42,9959.330658132583,0.9964229611554198,-6.315793767814647e-22
955740,0.0,1.761814974364508e-42,9959.330658132563,0.9964229611554201,-6.311277495367189e-22
955800,0.0,1.760764304848488e-42,9959.330658132545,0.9964229611554203,-6.306760292295693e-22
955860,0.0,1.7597130196823077e-42,9959.330658132527,0.9964229611554204,-6.302242158600157e-22
955920,0.0,1.7586611188659678e-42,9959.330658132509,0.9964229611554206,-6.297723094280582e-22
955980,0.0,1.7576086023994678e-42,9959.330658132489,0.9964229611554208,-6.293203099336968e-22
956040,0.0,1.756555470282808e-42,9959.33065813247,0.9964229611554211,-6.288682173769315e-22
956100,0.0,1.7555017225159887e-42,9959.330658132452,0.9964229611554212,-6.284160317577624e-22
956160,0.0,1.7544473590990096e-42,9959.330658132434,0.9964229611554214,-6.279637530761892e-22
956220,0.0,1.75339238003187e-42,9959.330658132414,0.9964229611554216,-6.275113813322121e-22
956280,0.0,1.752336785314571e-42,9959.330658132396,0.9964229611554218,-6.270589165258311e-22
956340,0.0,1.7512805749471122e-42,9959.330658132378,0.996422961155422,-6.266063586570462e-22
956400,0.0,1.7502237489294935e-42,9959.33065813236,0.9964229611554222,-6.261537077258575e-22
956460,0.0,1.749166307261715e-42,9959.33065813234,0.9964229611554224,-6.257009637322648e-22
956520,0.0,1.7481082499437767e-42,9959.330658132321,0.9964229611554226,-6.252481266762682e-22
956580,0.0,1.7470495769756785e-42,9959.330658132303,0.9964229611554227,-6.247951965578677e-22
956640,0.0,1.7459902883574206e-42,9959.330658132285,0.996422961155423,-6.243421733770633e-22
956700,0.0,1.7449303840890027e-42,9959.330658132265,0.9964229611554232,-6.2388905713385485e-22
956760,0.0,1.7438698641704253e-42,9959.330658132247,0.9964229611554234,-6.234358478282426e-22
956820,0.0,1.7428087286016876e-42,9959.330658132229,0.9964229611554235,-6.229825454602265e-22
956880,0.0,1.7417469773827902e-42,9959.33065813221,0.9964229611554237,-6.225291500298064e-22
956940,0.0,1.740684610513733e-42,9959.33065813219,0.996422961155424,-6.220756615369824e-22
957000,0.0,1.739621627994516e-42,9959.330658132172,0.9964229611554242,-6.216220799817544e-22
957060,0.0,1.7385580298251392e-42,9959.330658132154,0.9964229611554243,-6.211684053641227e-22
957120,0.0,1.7374938160056026e-42,9959.330658132136,0.9964229611554245,-6.20714637684087e-22
957180,0.0,1.736428986535906e-42,9959.330658132116,0.9964229611554247,-6.202607769416472e-22
957240,0.0,1.7353635414160498e-42,9959.330658132098,0.996422961155425,-6.198068231368037e-22
957300,0.0,1.7342974806460336e-42,9959.33065813208,0.9964229611554251,-6.193527762695562e-22
957360,0.0,1.7332308042258574e-42,9959.33065813206,0.9964229611554253,-6.188986363399049e-22
957420,0.0,1.7321635121555215e-42,9959.330658132041,0.9964229611554255,-6.184444033478496e-22
957480,0.0,1.731095604435026e-42,9959.330658132023,0.9964229611554257,-6.1799007729339035e-22
957540,0.0,1.7300270810643705e-42,9959.330658132005,0.9964229611554258,-6.175356581765272e-22
957600,0.0,1.728957942043555e-42,9959.330658131985,0.9964229611554261,-6.170811459972602e-22
957660,0.0,1.7278881873725797e-42,9959.330658131967,0.9964229611554263,-6.166265407555892e-22
957720,0.0,1.7268178170514448e-42,9959.330658131948,0.9964229611554265,-6.161718424515144e-22
957780,0.0,1.72574683108015e-42,9959.330658131928,0.9964229611554266,-6.157170510850356e-22
957840,0.0,1.7246752294586953e-42,9959.33065813191,0.9964229611554268,-6.152621666561529e-22
957900,0.0,1.723603012187081e-42,9959.330658131892,0.9964229611554271,-6.148071891648663e-22
957960,0.0,1.7225301792653062e-42,9959.330658131874,0.9964229611554273,-6.143521186111758e-22
958020,0.0,1.721456730693372e-42,9959.330658131854,0.9964229611554275,-6.138969549950813e-22
958080,0.0,1.720382666471278e-42,9959.330658131836,0.9964229611554276,-6.13441698316583e-22
958140,0.0,1.7193079865990244e-42,9959.330658131817,0.9964229611554278,-6.129863485756808e-22
958200,0.0,1.7182326910766104e-42,9959.330658131797,0.996422961155428,-6.125309057723745e-22
958260,0.0,1.7171567799040368e-42,9959.33065813178,0.9964229611554283,-6.120753699066645e-22
958320,0.0,1.7160802530813034e-42,9959.330658131761,0.9964229611554284,-6.116197409785505e-22
958380,0.0,1.7150031106084103e-42,9959.330658131741,0.9964229611554286,-6.111640189880325e-22
958440,0.0,1.7139253524853572e-42,9959.330658131723,0.9964229611554288,-6.107082039351107e-22
958500,0.0,1.7128469787121446e-42,9959.330658131705,0.996422961155429,-6.10252295819785e-22
958560,0.0,1.7117679892887717e-42,9959.330658131685,0.9964229611554292,-6.097962946420553e-22
958620,0.0,1.710688384215239e-42,9959.330658131666,0.9964229611554294,-6.093402004019218e-22
958680,0.0,1.7096081634915467e-42,9959.330658131648,0.9964229611554296,-6.088840130993843e-22
958740,0.0,1.7085273271176946e-42,9959.330658131628,0.9964229611554298,-6.084277327344429e-22
958800,0.0,1.7074458750936825e-42,9959.33065813161,0.9964229611554299,-6.079713593070977e-22
958860,0.0,1.7063638074195106e-42,9959.330658131592,0.9964229611554302,-6.075148928173484e-22
958920,0.0,1.705281124095179e-42,9959.330658131572,0.9964229611554304,-6.070583332651953e-22
958980,0.0,1.704197825120687e-42,9959.330658131554,0.9964229611554306,-6.066016806506383e-22
959040,0.0,1.703113910496036e-42,9959.330658131536,0.9964229611554308,-6.061449349736773e-22
959100,0.0,1.702029380221225e-42,9959.330658131516,0.9964229611554309,-6.056880962343124e-22
959160,0.0,1.7009442342962535e-42,9959.330658131497,0.9964229611554312,-6.052311644325437e-22
959220,0.0,1.6998584727211227e-42,9959.33065813148,0.9964229611554314,-6.04774139568371e-22
959280,0.0,1.6987720954958318e-42,9959.33065813146,0.9964229611554316,-6.043170216417944e-22
959340,0.0,1.6976851026203815e-42,9959.330658131441,0.9964229611554317,-6.038598106528139e-22
959400,0.0,1.6965974940947712e-42,9959.330658131423,0.9964229611554319,-6.034025066014294e-22
959460,0.0,1.6955092699190008e-42,9959.330658131403,0.9964229611554322,-6.029451094876411e-22
959520,0.0,1.6944204300930707e-42,9959.330658131385,0.9964229611554324,-6.024876193114489e-22
959580,0.0,1.693330974616981e-42,9959.330658131366,0.9964229611554326,-6.020300360728526e-22
959640,0.0,1.6922409034907313e-42,9959.330658131346,0.9964229611554327,-6.015723597718526e-22
959700,0.0,1.6911502167143214e-42,9959.330658131328,0.9964229611554329,-6.011145904084486e-22
959760,0.0,1.690058914287752e-42,9959.33065813131,0.9964229611554332,-6.006567279826408e-22
959820,0.0,1.6889669962110227e-42,9959.33065813129,0.9964229611554334,-6.00198772494429e-22
959880,0.0,1.687874462484134e-42,9959.330658131272,0.9964229611554335,-5.997407239438131e-22
959940,0.0,1.686781313107085e-42,9959.330658131252,0.9964229611554337,-5.992825823307935e-22
960000,0.0,1.6856875480798762e-42,9959.330658131234,0.9964229611554339,-5.9882434765537e-22
960060,0.0,1.6845931674025077e-42,9959.330658131215,0.9964229611554342,-5.983660199175425e-22
960120,0.0,1.683498171074979e-42,9959.330658131195,0.9964229611554343,-5.979075991173112e-22
960180,0.0,1.6824025590972907e-42,9959.330658131177,0.9964229611554345,-5.974490852546758e-22
960240,0.0,1.6813063314694426e-42,9959.330658131159,0.9964229611554347,-5.969904783296365e-22
960300,0.0,1.6802094881914345e-42,9959.330658131139,0.9964229611554349,-5.965317783421935e-22
960360,0.0,1.679112029263267e-42,9959.33065813112,0.9964229611554352,-5.960729852923464e-22
960420,0.0,1.6780139546849394e-42,9959.3306581311,0.9964229611554353,-5.956140991800954e-22
960480,0.0,1.676915264456452e-42,9959.330658131083,0.9964229611554355,-5.951551200054406e-22
960540,0.0,1.6758159585778047e-42,9959.330658131064,0.9964229611554357,-5.946960477683818e-22
960600,0.0,1.6747160370489977e-42,9959.330658131044,0.9964229611554359,-5.942368824689191e-22
960660,0.0,1.6736154998700306e-42,9959.330658131026,0.996422961155436,-5.937776241070526e-22
960720,0.0,1.6725143470409037e-42,9959.330658131006,0.9964229611554363,-5.933182726827821e-22
960780,0.0,1.6714125785616172e-42,9959.330658130988,0.9964229611554365,-5.928588281961076e-22
960840,0.0,1.670310194432171e-42,9959.33065813097,0.9964229611554367,-5.923992906470292e-22
960900,0.0,1.6692071946525646e-42,9959.33065813095,0.9964229611554369,-5.91939660035547e-22
960960,0.0,1.6681035792227985e-42,9959.330658130932,0.996422961155437,-5.914799363616609e-22
961020,0.0,1.6669993481428724e-42,9959.330658130912,0.9964229611554373,-5.910201196253708e-22
961080,0.0,1.665894501412787e-42,9959.330658130893,0.9964229611554375,-5.905602098266768e-22
961140,0.0,1.6647890390325414e-42,9959.330658130875,0.9964229611554377,-5.901002069655789e-22
961200,0.0,1.6636829610021358e-42,9959.330658130855,0.9964229611554379,-5.896401110420771e-22
961260,0.0,1.6625762673215705e-42,9959.330658130837,0.996422961155438,-5.891799220561714e-22
961320,0.0,1.6614689579908454e-42,9959.330658130817,0.9964229611554383,-5.8871964000786175e-22
961380,0.0,1.6603610330099603e-42,9959.330658130799,0.9964229611554385,-5.882592648971481e-22
961440,0.0,1.659252492378916e-42,9959.33065813078,0.9964229611554387,-5.877987967240307e-22
961500,0.0,1.658143336097711e-42,9959.33065813076,0.9964229611554388,-5.873382354885094e-22
961560,0.0,1.6570335641663464e-42,9959.330658130742,0.996422961155439,-5.86877581190584e-22
961620,0.0,1.655923176584822e-42,9959.330658130722,0.9964229611554393,-5.864168338302549e-22
961680,0.0,1.654812173353138e-42,9959.330658130704,0.9964229611554395,-5.859559934075216e-22
961740,0.0,1.653700554471294e-42,9959.330658130684,0.9964229611554397,-5.854950599223847e-22
961800,0.0,1.6525883199392906e-42,9959.330658130666,0.9964229611554398,-5.850340333748437e-22
961860,0.0,1.6514754697571267e-42,9959.330658130648,0.99642296115544,-5.845729137648989e-22
961920,0.0,1.6503620039248032e-42,9959.330658130628,0.9964229611554403,-5.841117010925501e-22
961980,0.0,1.6492479224423202e-42,9959.33065813061,0.9964229611554405,-5.836503953577974e-22
962040,0.0,1.648133225309677e-42,9959.33065813059,0.9964229611554407,-5.831889965606408e-22
962100,0.0,1.647017912526874e-42,9959.330658130571,0.9964229611554408,-5.827275047010803e-22
962160,0.0,1.645901984093911e-42,9959.330658130551,0.996422961155441,-5.822659197791159e-22
962220,0.0,1.6447854400107882e-42,9959.330658130533,0.9964229611554413,-5.8180424179474755e-22
962280,0.0,1.643668280277506e-42,9959.330658130513,0.9964229611554415,-5.813424707479752e-22
962340,0.0,1.6425505048940637e-42,9959.330658130495,0.9964229611554416,-5.808806066387991e-22
962400,0.0,1.6414321138604614e-42,9959.330658130477,0.9964229611554418,-5.80418649467219e-22
962460,0.0,1.6403131071766994e-42,9959.330658130457,0.996422961155442,-5.79956599233235e-22
962520,0.0,1.6391934848427776e-42,9959.330658130439,0.9964229611554423,-5.794944559368472e-22
962580,0.0,1.638073246858696e-42,9959.330658130419,0.9964229611554425,-5.790322195780553e-22
962640,0.0,1.6369523932244546e-42,9959.3306581304,0.9964229611554426,-5.785698901568596e-22
962700,0.0,1.6358309239400533e-42,9959.33065813038,0.9964229611554428,-5.7810746767326e-22
962760,0.0,1.634708839005492e-42,9959.330658130362,0.996422961155443,-5.776449521272564e-22
962820,0.0,1.633586138420771e-42,9959.330658130342,0.9964229611554433,-5.771823435188489e-22
962880,0.0,1.6324628221858902e-42,9959.330658130324,0.9964229611554435,-5.767196418480375e-22
962940,0.0,1.6313388903008494e-42,9959.330658130304,0.9964229611554436,-5.762568471148223e-22
963000,0.0,1.6302143427656492e-42,9959.330658130286,0.9964229611554438,-5.75793959319203e-22
963060,0.0,1.6290891795802887e-42,9959.330658130266,0.996422961155444,-5.7533097846118e-22
963120,0.0,1.6279634007447687e-42,9959.330658130248,0.9964229611554443,-5.748679045407529e-22
963180,0.0,1.6268370062590887e-42,9959.33065813023,0.9964229611554445,-5.744047375579219e-22
963240,0.0,1.625709996123249e-42,9959.33065813021,0.9964229611554446,-5.7394147751268715e-22
963300,0.0,1.6245823703372492e-42,9959.330658130191,0.9964229611554448,-5.734781244050484e-22
963360,0.0,1.6234541289010897e-42,9959.330658130171,0.996422961155445,-5.730146782350057e-22
963420,0.0,1.6223252718147704e-42,9959.330658130153,0.9964229611554453,-5.725511390025591e-22
963480,0.0,1.6211957990782915e-42,9959.330658130133,0.9964229611554455,-5.720875067077085e-22
963540,0.0,1.620065710691652e-42,9959.330658130115,0.9964229611554456,-5.716237813504541e-22
963600,0.0,1.6189350066548534e-42,9959.330658130095,0.9964229611554458,-5.711599629307959e-22
963660,0.0,1.6178036869678947e-42,9959.330658130077,0.996422961155446,-5.706960514487336e-22
963720,0.0,1.6166717516307762e-42,9959.330658130057,0.9964229611554463,-5.702320469042675e-22
963780,0.0,1.615539200643498e-42,9959.330658130039,0.9964229611554464,-5.697679492973973e-22
963840,0.0,1.6144060340060597e-42,9959.330658130018,0.9964229611554466,-5.693037586281233e-22
963900,0.0,1.6132722517184617e-42,9959.33065813,0.9964229611554468,-5.688394748964454e-22
963960,0.0,1.612137853780704e-42,9959.33065812998,0.996422961155447,-5.683750981023637e-22
964020,0.0,1.6110028401927862e-42,9959.330658129962,0.9964229611554473,-5.679106282458779e-22
964080,0.0,1.6098672109547088e-42,9959.330658129942,0.9964229611554474,-5.674460653269883e-22
964140,0.0,1.6087309660664712e-42,9959.330658129924,0.9964229611554476,-5.669814093456947e-22
964200,0.0,1.607594105528074e-42,9959.330658129904,0.9964229611554478,-5.665166603019972e-22
964260,0.0,1.606456629339517e-42,9959.330658129886,0.996422961155448,-5.660518181958959e-22
964320,0.0,1.6053185375008e-42,9959.330658129866,0.9964229611554483,-5.655868830273906e-22
964380,0.0,1.6041798300119236e-42,9959.330658129848,0.9964229611554484,-5.651218547964813e-22
964440,0.0,1.6030405068728868e-42,9959.330658129827,0.9964229611554486,-5.646567335031682e-22
964500,0.0,1.6019005680836906e-42,9959.330658129807,0.9964229611554488,-5.641915191474513e-22
964560,0.0,1.6007600136443344e-42,9959.33065812979,0.996422961155449,-5.637262117293303e-22
964620,0.0,1.5996188435548184e-42,9959.33065812977,0.9964229611554493,-5.632608112488055e-22
964680,0.0,1.5984770578151427e-42,9959.330658129751,0.9964229611554494,-5.627953177058766e-22
964740,0.0,1.5973346564253067e-42,9959.330658129731,0.9964229611554496,-5.62329731100544e-22
964800,0.0,1.5961916393853112e-42,9959.330658129713,0.9964229611554498,-5.618640514328074e-22
964860,0.0,1.5950480066951557e-42,9959.330658129693,0.99642296115545,-5.613982787026669e-22
964920,0.0,1.5939037583548408e-42,9959.330658129675,0.9964229611554503,-5.609324129101225e-22
964980,0.0,1.5927588943643656e-42,9959.330658129655,0.9964229611554505,-5.604664540551741e-22
965040,0.0,1.591613414723731e-42,9959.330658129637,0.9964229611554506,-5.600004021378219e-22
965100,0.0,1.590467319432936e-42,9959.330658129616,0.9964229611554508,-5.595342571580658e-22
965160,0.0,1.5893206084919814e-42,9959.330658129598,0.996422961155451,-5.590680191159057e-22
965220,0.0,1.5881732819008673e-42,9959.330658129578,0.9964229611554513,-5.586016880113417e-22
965280,0.0,1.587025339659593e-42,9959.330658129558,0.9964229611554515,-5.581352638443737e-22
965340,0.0,1.585876781768159e-42,9959.33065812954,0.9964229611554516,-5.576687466150019e-22
965400,0.0,1.584727608226565e-42,9959.33065812952,0.9964229611554518,-5.5720213632322625e-22
965460,0.0,1.5835778190348114e-42,9959.330658129502,0.996422961155452,-5.567354329690466e-22
965520,0.0,1.582427414192898e-42,9959.330658129482,0.9964229611554523,-5.562686365524631e-22
965580,0.0,1.5812763937008245e-42,9959.330658129464,0.9964229611554525,-5.558017470734756e-22
965640,0.0,1.5801247575585914e-42,9959.330658129444,0.9964229611554526,-5.553347645320842e-22
965700,0.0,1.578972505766198e-42,9959.330658129426,0.9964229611554528,-5.54867688928289e-22
965760,0.0,1.5778196383236455e-42,9959.330658129405,0.996422961155453,-5.544005202620898e-22
965820,0.0,1.5766661552309328e-42,9959.330658129385,0.9964229611554533,-5.539332585334867e-22
965880,0.0,1.57551205648806e-42,9959.330658129367,0.9964229611554535,-5.534659037424796e-22
965940,0.0,1.5743573420950276e-42,9959.330658129347,0.9964229611554536,-5.529984558890687e-22
966000,0.0,1.5732020120518354e-42,9959.33065812933,0.9964229611554538,-5.525309149732539e-22
966060,0.0,1.5720460663584835e-42,9959.330658129309,0.996422961155454,-5.520632809950351e-22
966120,0.0,1.5708895050149716e-42,9959.33065812929,0.9964229611554543,-5.515955539544125e-22
966180,0.0,1.5697323280212996e-42,9959.33065812927,0.9964229611554545,-5.511277338513857e-22
966240,0.0,1.5685745353774682e-42,9959.33065812925,0.9964229611554546,-5.506598206859553e-22
966300,0.0,1.5674161270834764e-42,9959.330658129233,0.9964229611554548,-5.501918144581208e-22
966360,0.0,1.5662571031393253e-42,9959.330658129213,0.996422961155455,-5.497237151678826e-22
966420,0.0,1.5650974635450144e-42,9959.330658129194,0.9964229611554553,-5.492555228152403e-22
966480,0.0,1.5639372083005434e-42,9959.330658129174,0.9964229611554555,-5.487872374001941e-22
966540,0.0,1.5627763374059128e-42,9959.330658129154,0.9964229611554557,-5.483188589227441e-22
966600,0.0,1.561614850861122e-42,9959.330658129136,0.9964229611554558,-5.478503873828901e-22
966660,0.0,1.5604527486661716e-42,9959.330658129116,0.996422961155456,-5.473818227806322e-22
966720,0.0,1.5592900308210615e-42,9959.330658129098,0.9964229611554563,-5.469131651159704e-22
966780,0.0,1.5581266973257913e-42,9959.330658129078,0.9964229611554565,-5.464444143889046e-22
966840,0.0,1.5569627481803617e-42,9959.330658129058,0.9964229611554567,-5.45975570599435e-22
966900,0.0,1.5557981833847717e-42,9959.33065812904,0.9964229611554568,-5.455066337475614e-22
966960,0.0,1.5546330029390224e-42,9959.33065812902,0.996422961155457,-5.45037603833284e-22
967020,0.0,1.553467206843113e-42,9959.330658129002,0.9964229611554573,-5.445684808566027e-22
967080,0.0,1.5523007950970435e-42,9959.330658128982,0.9964229611554575,-5.440992648175173e-22
967140,0.0,1.5511337677008143e-42,9959.330658128962,0.9964229611554577,-5.436299557160282e-22
967200,0.0,1.5499661246544254e-42,9959.330658128943,0.9964229611554579,-5.431605535521351e-22
967260,0.0,1.5487978659578768e-42,9959.330658128923,0.996422961155458,-5.426910583258381e-22
967320,0.0,1.547628991611168e-42,9959.330658128905,0.9964229611554583,-5.4222147003713715e-22
967380,0.0,1.5464595016142997e-42,9959.330658128885,0.9964229611554585,-5.417517886860322e-22
967440,0.0,1.5452893959672712e-42,9959.330658128865,0.9964229611554587,-5.412820142725235e-22
967500,0.0,1.5441186746700834e-42,9959.330658128847,0.9964229611554589,-5.4081214679661085e-22
967560,0.0,1.5429473377227355e-42,9959.330658128827,0.996422961155459,-5.403421862582943e-22
967620,0.0,1.5417753851252276e-42,9959.330658128807,0.9964229611554593,-5.398721326575738e-22
967680,0.0,1.5406028168775602e-42,9959.330658128789,0.9964229611554595,-5.394019859944493e-22
967740,0.0,1.5394296329797325e-42,9959.330658128769,0.9964229611554597,-5.389317462689211e-22
967800,0.0,1.5382558334317454e-42,9959.33065812875,0.9964229611554599,-5.384614134809888e-22
967860,0.0,1.5370814182335986e-42,9959.33065812873,0.9964229611554601,-5.379909876306526e-22
967920,0.0,1.5359063873852914e-42,9959.33065812871,0.9964229611554603,-5.375204687179126e-22
967980,0.0,1.5347307408868248e-42,9959.330658128692,0.9964229611554605,-5.370498567427686e-22
968040,0.0,1.5335544787381978e-42,9959.330658128672,0.9964229611554607,-5.365791517052207e-22
968100,0.0,1.5323776009394117e-42,9959.330658128652,0.9964229611554609,-5.3610835360526895e-22
968160,0.0,1.5312001074904653e-42,9959.330658128634,0.9964229611554611,-5.356374624429131e-22
968220,0.0,1.530021998391359e-42,9959.330658128614,0.9964229611554613,-5.351664782181535e-22
968280,0.0,1.528843273642093e-42,9959.330658128594,0.9964229611554615,-5.346954009309899e-22
968340,0.0,1.527663933242667e-42,9959.330658128576,0.9964229611554617,-5.342242305814225e-22
968400,0.0,1.5264839771930818e-42,9959.330658128556,0.9964229611554619,-5.337529671694511e-22
968460,0.0,1.5253034054933364e-42,9959.330658128536,0.9964229611554621,-5.332816106950758e-22
968520,0.0,1.524122218143431e-42,9959.330658128518,0.9964229611554624,-5.328101611582967e-22
968580,0.0,1.522940415143366e-42,9959.330658128498,0.9964229611554625,-5.323386185591135e-22
968640,0.0,1.5217579964931407e-42,9959.330658128478,0.9964229611554627,-5.318669828975265e-22
968700,0.0,1.520574962192756e-42,9959.33065812846,0.9964229611554629,-5.313952541735356e-22
968760,0.0,1.5193913122422115e-42,9959.33065812844,0.9964229611554631,-5.309234323871407e-22
968820,0.0,1.518207046641507e-42,9959.33065812842,0.9964229611554634,-5.30451517538342e-22
968880,0.0,1.5170221653906428e-42,9959.330658128401,0.9964229611554636,-5.299795096271393e-22
968940,0.0,1.5158366684896187e-42,9959.330658128381,0.9964229611554637,-5.295074086535327e-22
969000,0.0,1.5146505559384348e-42,9959.330658128361,0.9964229611554639,-5.290352146175222e-22
969060,0.0,1.513463827737091e-42,9959.330658128343,0.9964229611554641,-5.285629275191079e-22
969120,0.0,1.5122764838855873e-42,9959.330658128323,0.9964229611554644,-5.280905473582895e-22
969180,0.0,1.5110885243839237e-42,9959.330658128303,0.9964229611554646,-5.276180741350673e-22
969240,0.0,1.5098999492321003e-42,9959.330658128285,0.9964229611554647,-5.271455078494411e-22
969300,0.0,1.5087107584301172e-42,9959.330658128265,0.9964229611554649,-5.266728485014111e-22
969360,0.0,1.5075209519779744e-42,9959.330658128245,0.9964229611554651,-5.262000960909771e-22
969420,0.0,1.5063305298756715e-42,9959.330658128227,0.9964229611554654,-5.257272506181392e-22
969480,0.0,1.505139492123209e-42,9959.330658128207,0.9964229611554656,-5.252543120828974e-22
969540,0.0,1.5039478387205863e-42,9959.330658128187,0.9964229611554658,-5.247812804852517e-22
969600,0.0,1.5027555696678042e-42,9959.330658128169,0.9964229611554659,-5.243081558252021e-22
969660,0.0,1.5015626849648618e-42,9959.330658128149,0.9964229611554661,-5.238349381027485e-22
969720,0.0,1.50036918461176e-42,9959.330658128129,0.9964229611554664,-5.233616273178911e-22
969780,0.0,1.4991750686084982e-42,9959.330658128109,0.9964229611554666,-5.228882234706296e-22
969840,0.0,1.4979803369550766e-42,9959.33065812809,0.9964229611554668,-5.224147265609644e-22
969900,0.0,1.4967849896514953e-42,9959.33065812807,0.996422961155467,-5.219411365888952e-22
969960,0.0,1.4955890266977536e-42,9959.33065812805,0.9964229611554671,-5.214674535544221e-22
970020,0.0,1.4943924480938525e-42,9959.330658128032,0.9964229611554674,-5.209936774575451e-22
970080,0.0,1.4931952538397914e-42,9959.330658128012,0.9964229611554676,-5.205198082982641e-22
970140,0.0,1.4919974439355706e-42,9959.330658127992,0.9964229611554678,-5.200458460765792e-22
970200,0.0,1.49079901838119e-42,9959.330658127972,0.996422961155468,-5.195717907924905e-22
970260,0.0,1.4895999771766494e-42,9959.330658127954,0.9964229611554682,-5.190976424459979e-22
970320,0.0,1.488400320321949e-42,9959.330658127934,0.9964229611554684,-5.186234010371012e-22
970380,0.0,1.487200047817089e-42,9959.330658127914,0.9964229611554686,-5.181490665658007e-22
970440,0.0,1.485999159662069e-42,9959.330658127896,0.9964229611554688,-5.176746390320964e-22
970500,0.0,1.484797655856889e-42,9959.330658127876,0.996422961155469,-5.17200118435988e-22
970560,0.0,1.4835955364015495e-42,9959.330658127856,0.9964229611554692,-5.167255047774758e-22
970620,0.0,1.48239280129605e-42,9959.330658127836,0.9964229611554695,-5.1625079805655965e-22
970680,0.0,1.4811894505403906e-42,9959.330658127818,0.9964229611554696,-5.157759982732396e-22
970740,0.0,1.4799854841345716e-42,9959.330658127798,0.9964229611554698,-5.153011054275156e-22
970800,0.0,1.4787809020785925e-42,9959.330658127777,0.99642296115547,-5.148261195193878e-22
970860,0.0,1.4775757043724537e-42,9959.330658127757,0.9964229611554702,-5.143510405488559e-22
970920,0.0,1.476369891016155e-42,9959.33065812774,0.9964229611554705,-5.1387586851592025e-22
970980,0.0,1.4751634620096965e-42,9959.33065812772,0.9964229611554707,-5.134006034205806e-22
971040,0.0,1.4739564173530782e-42,9959.3306581277,0.9964229611554709,-5.129252452628371e-22
971100,0.0,1.4727487570463002e-42,9959.330658127681,0.996422961155471,-5.124497940426896e-22
971160,0.0,1.4715404810893618e-42,9959.330658127661,0.9964229611554712,-5.119742497601382e-22
971220,0.0,1.470331589482264e-42,9959.330658127641,0.9964229611554715,-5.1149861241518305e-22
971280,0.0,1.4691220822250065e-42,9959.330658127621,0.9964229611554717,-5.110228820078238e-22
971340,0.0,1.467911959317589e-42,9959.330658127603,0.9964229611554719,-5.105470585380607e-22
971400,0.0,1.4667012207600116e-42,9959.330658127583,0.9964229611554721,-5.100711420058937e-22
971460,0.0,1.4654898665522743e-42,9959.330658127563,0.9964229611554722,-5.095951324113228e-22
971520,0.0,1.4642778966943772e-42,9959.330658127543,0.9964229611554725,-5.0911902975434795e-22
971580,0.0,1.4630653111863204e-42,9959.330658127523,0.9964229611554727,-5.086428340349691e-22
971640,0.0,1.461852110028104e-42,9959.330658127505,0.9964229611554729,-5.081665452531865e-22
971700,0.0,1.460638293219727e-42,9959.330658127485,0.9964229611554731,-5.076901634089999e-22
971760,0.0,1.459423860761191e-42,9959.330658127465,0.9964229611554734,-5.072136885024095e-22
971820,0.0,1.4582088126524947e-42,9959.330658127445,0.9964229611554735,-5.0673712053341505e-22
971880,0.0,1.4569931488936387e-42,9959.330658127426,0.9964229611554737,-5.062604595020167e-22
971940,0.0,1.455776869484623e-42,9959.330658127406,0.9964229611554739,-5.057837054082145e-22
972000,0.0,1.454559974425447e-42,9959.330658127386,0.9964229611554741,-5.053068582520083e-22
972060,0.0,1.4533424637161116e-42,9959.330658127366,0.9964229611554744,-5.048299180333983e-22
972120,0.0,1.452124337356616e-42,9959.330658127348,0.9964229611554746,-5.0435288475238425e-22
972180,0.0,1.4509055953469607e-42,9959.330658127328,0.9964229611554748,-5.038757584089663e-22
972240,0.0,1.449686237687146e-42,9959.330658127308,0.9964229611554749,-5.033985390031445e-22
972300,0.0,1.448466264377171e-42,9959.330658127288,0.9964229611554751,-5.029212265349189e-22
972360,0.0,1.447245675417036e-42,9959.330658127268,0.9964229611554754,-5.024438210042892e-22
972420,0.0,1.4460244708067415e-42,9959.33065812725,0.9964229611554756,-5.019663224112557e-22
972480,0.0,1.4448026505462873e-42,9959.33065812723,0.9964229611554758,-5.014887307558182e-22
972540,0.0,1.443580214635673e-42,9959.33065812721,0.996422961155476,-5.010110460379769e-22
972600,0.0,1.442357163074899e-42,9959.33065812719,0.9964229611554761,-5.005332682577316e-22
972660,0.0,1.4411334958639652e-42,9959.33065812717,0.9964229611554763,-5.000553974150824e-22
972720,0.0,1.4399092130028714e-42,9959.330658127152,0.9964229611554766,-4.995774335100293e-22
972780,0.0,1.438684314491618e-42,9959.330658127132,0.9964229611554768,-4.990993765425723e-22
972840,0.0,1.4374588003302047e-42,9959.330658127112,0.996422961155477,-4.986212265127114e-22
972900,0.0,1.436232670518631e-42,9959.330658127092,0.9964229611554772,-4.981429834204466e-22
972960,0.0,1.4350059250568984e-42,9959.330658127072,0.9964229611554775,-4.976646472657778e-22
973020,0.0,1.4337785639450053e-42,9959.330658127054,0.9964229611554776,-4.971862180487051e-22
973080,0.0,1.4325505871829526e-42,9959.330658127034,0.9964229611554778,-4.967076957692285e-22
973140,0.0,1.43132199477074e-42,9959.330658127014,0.996422961155478,-4.96229080427348e-22
973200,0.0,1.4300927867083677e-42,9959.330658126994,0.9964229611554782,-4.957503720230637e-22
973260,0.0,1.4288629629958356e-42,9959.330658126974,0.9964229611554785,-4.952715705563754e-22
973320,0.0,1.4276325236331432e-42,9959.330658126953,0.9964229611554787,-4.947926760272831e-22
973380,0.0,1.4264014686202915e-42,9959.330658126935,0.9964229611554789,-4.94313688435787e-22
973440,0.0,1.4251697979572798e-42,9959.330658126915,0.996422961155479,-4.93834607781887e-22
973500,0.0,1.4239375116441081e-42,9959.330658126895,0.9964229611554792,-4.933554340655829e-22
973560,0.0,1.4227046096807769e-42,9959.330658126875,0.9964229611554795,-4.928761672868751e-22
973620,0.0,1.4214710920672855e-42,9959.330658126855,0.9964229611554797,-4.923968074457633e-22
973680,0.0,1.4202369588036345e-42,9959.330658126835,0.9964229611554799,-4.919173545422476e-22
973740,0.0,1.4190022098898236e-42,9959.330658126817,0.9964229611554801,-4.914378085763279e-22
973800,0.0,1.4177668453258529e-42,9959.330658126797,0.9964229611554802,-4.9095816954800445e-22
973860,0.0,1.4165308651117221e-42,9959.330658126777,0.9964229611554805,-4.90478437457277e-22
973920,0.0,1.4152942692474317e-42,9959.330658126757,0.9964229611554807,-4.899986123041456e-22
973980,0.0,1.4140570577329817e-42,9959.330658126737,0.9964229611554809,-4.895186940886103e-22
974040,0.0,1.4128192305683714e-42,9959.330658126717,0.9964229611554811,-4.890386828106712e-22
974100,0.0,1.4115807877536017e-42,9959.330658126699,0.9964229611554813,-4.885585784703281e-22
974160,0.0,1.4103417292886716e-42,9959.330658126679,0.9964229611554816,-4.88078381067581e-22
974220,0.0,1.409102055173582e-42,9959.330658126659,0.9964229611554817,-4.875980906024301e-22
974280,0.0,1.4078617654083327e-42,9959.330658126639,0.9964229611554819,-4.871177070748752e-22
974340,0.0,1.4066208599929234e-42,9959.330658126619,0.9964229611554821,-4.866372304849164e-22
974400,0.0,1.4053793389273543e-42,9959.330658126599,0.9964229611554823,-4.861566608325538e-22
974460,0.0,1.4041372022116255e-42,9959.330658126579,0.9964229611554826,-4.856759981177872e-22
974520,0.0,1.4028944498457366e-42,9959.33065812656,0.9964229611554828,-4.851952423406168e-22
974580,0.0,1.401651081829688e-42,9959.33065812654,0.996422961155483,-4.847143935010423e-22
974640,0.0,1.4004070981634797e-42,9959.33065812652,0.9964229611554832,-4.842334515990641e-22
974700,0.0,1.3991624988471113e-42,9959.3306581265,0.9964229611554833,-4.8375241663468185e-22
974760,0.0,1.3979172838805832e-42,9959.33065812648,0.9964229611554836,-4.832712886078957e-22
974820,0.0,1.3966714532638952e-42,9959.33065812646,0.9964229611554838,-4.827900675187057e-22
974880,0.0,1.3954250069970477e-42,9959.33065812644,0.996422961155484,-4.823087533671117e-22
974940,0.0,1.3941779450800399e-42,9959.330658126422,0.9964229611554842,-4.818273461531138e-22
975000,0.0,1.3929302675128726e-42,9959.330658126402,0.9964229611554845,-4.81345845876712e-22
975060,0.0,1.391681974295545e-42,9959.330658126382,0.9964229611554847,-4.808642525379063e-22
975120,0.0,1.3904330654280581e-42,9959.330658126362,0.9964229611554848,-4.803825661366967e-22
975180,0.0,1.3891835409104112e-42,9959.330658126342,0.996422961155485,-4.799007866730831e-22
975240,0.0,1.3879334007426043e-42,9959.330658126322,0.9964229611554852,-4.794189141470657e-22
975300,0.0,1.3866826449246379e-42,9959.330658126302,0.9964229611554855,-4.789369485586444e-22
975360,0.0,1.3854312734565113e-42,9959.330658126282,0.9964229611554857,-4.784548899078191e-22
975420,0.0,1.3841792863382251e-42,9959.330658126262,0.9964229611554859,-4.7797273819459e-22
975480,0.0,1.382926683569779e-42,9959.330658126244,0.9964229611554861,-4.774904934189568e-22
975540,0.0,1.381673465151173e-42,9959.330658126224,0.9964229611554862,-4.770081555809198e-22
975600,0.0,1.3804196310824072e-42,9959.330658126204,0.9964229611554865,-4.765257246804789e-22
975660,0.0,1.3791651813634815e-42,9959.330658126184,0.9964229611554867,-4.76043200717634e-22
975720,0.0,1.3779101159943962e-42,9959.330658126164,0.9964229611554869,-4.7556058369238535e-22
975780,0.0,1.376654434975151e-42,9959.330658126144,0.9964229611554871,-4.750778736047327e-22
975840,0.0,1.3753981383057458e-42,9959.330658126124,0.9964229611554873,-4.745950704546761e-22
975900,0.0,1.3741412259861809e-42,9959.330658126104,0.9964229611554876,-4.741121742422156e-22
975960,0.0,1.3728836980164559e-42,9959.330658126084,0.9964229611554878,-4.736291849673512e-22
976020,0.0,1.3716255543965713e-42,9959.330658126064,0.9964229611554879,-4.731461026300829e-22
976080,0.0,1.370366795126527e-42,9959.330658126044,0.9964229611554881,-4.726629272304106e-22
976140,0.0,1.3691074202063224e-42,9959.330658126026,0.9964229611554883,-4.721796587683344e-22
976200,0.0,1.3678474296359584e-42,9959.330658126006,0.9964229611554886,-4.716962972438544e-22
976260,0.0,1.3665868234154343e-42,9959.330658125986,0.9964229611554888,-4.712128426569705e-22
976320,0.0,1.3653256015447505e-42,9959.330658125966,0.996422961155489,-4.707292950076826e-22
976380,0.0,1.364063764023907e-42,9959.330658125946,0.9964229611554892,-4.702456542959908e-22
976440,0.0,1.3628013108529034e-42,9959.330658125926,0.9964229611554893,-4.6976192052189505e-22
976500,0.0,1.3615382420317402e-42,9959.330658125906,0.9964229611554896,-4.692780936853954e-22
976560,0.0,1.3602745575604169e-42,9959.330658125886,0.9964229611554898,-4.68794173786492e-22
976620,0.0,1.359010257438934e-42,9959.330658125866,0.99642296115549,-4.683101608251845e-22
976680,0.0,1.3577453416672913e-42,9959.330658125846,0.9964229611554902,-4.6782605480147315e-22
976740,0.0,1.3564798102454885e-42,9959.330658125826,0.9964229611554904,-4.673418557153579e-22
976800,0.0,1.3552136631735259e-42,9959.330658125806,0.9964229611554907,-4.668575635668387e-22
976860,0.0,1.3539469004514038e-42,9959.330658125786,0.9964229611554909,-4.663731783559156e-22
976920,0.0,1.3526795220791216e-42,9959.330658125766,0.996422961155491,-4.658887000825886e-22
976980,0.0,1.3514115280566795e-42,9959.330658125746,0.9964229611554912,-4.654041287468576e-22
977040,0.0,1.3501429183840777e-42,9959.330658125727,0.9964229611554914,-4.649194643487228e-22
977100,0.0,1.348873693061316e-42,9959.330658125707,0.9964229611554917,-4.644347068881841e-22
977160,0.0,1.3476038520883947e-42,9959.330658125687,0.9964229611554919,-4.639498563652415e-22
977220,0.0,1.3463333954653134e-42,9959.330658125667,0.9964229611554921,-4.634649127798949e-22
977280,0.0,1.345062323192072e-42,9959.330658125647,0.9964229611554923,-4.629798761321444e-22
977340,0.0,1.3437906352686712e-42,9959.330658125627,0.9964229611554926,-4.6249474642199e-22
977400,0.0,1.3425183316951102e-42,9959.330658125607,0.9964229611554927,-4.620095236494317e-22
977460,0.0,1.3412454124713897e-42,9959.330658125587,0.9964229611554929,-4.615242078144695e-22
977520,0.0,1.3399718775975092e-42,9959.330658125567,0.9964229611554931,-4.6103879891710335e-22
977580,0.0,1.3386977270734688e-42,9959.330658125547,0.9964229611554933,-4.605532969573332e-22
977640,0.0,1.3374229608992688e-42,9959.330658125527,0.9964229611554936,-4.600677019351593e-22
977700,0.0,1.3361475790749086e-42,9959.330658125507,0.9964229611554938,-4.595820138505815e-22
977760,0.0,1.3348715816003888e-42,9959.330658125487,0.996422961155494,-4.590962327035997e-22
977820,0.0,1.3335949684757094e-42,9959.330658125467,0.9964229611554942,-4.58610358494214e-22
977880,0.0,1.3323177397008697e-42,9959.330658125447,0.9964229611554943,-4.581243912224244e-22
977940,0.0,1.3310398952758704e-42,9959.330658125427,0.9964229611554946,-4.5763833088823085e-22
978000,0.0,1.3297614352007111e-42,9959.330658125407,0.9964229611554948,-4.571521774916334e-22
978060,0.0,1.3284823594753923e-42,9959.330658125387,0.996422961155495,-4.566659310326321e-22
978120,0.0,1.3272026680999132e-42,9959.330658125367,0.9964229611554952,-4.561795915112267e-22
978180,0.0,1.3259223610742744e-42,9959.330658125347,0.9964229611554954,-4.5569315892741755e-22
978240,0.0,1.3246414383984759e-42,9959.330658125327,0.9964229611554957,-4.552066332812044e-22
978300,0.0,1.3233599000725175e-42,9959.330658125307,0.9964229611554959,-4.547200145725874e-22
978360,0.0,1.3220777460963994e-42,9959.330658125287,0.9964229611554961,-4.542333028015666e-22
978420,0.0,1.3207949764701215e-42,9959.330658125267,0.9964229611554962,-4.537464979681417e-22
978480,0.0,1.3195115911936835e-42,9959.330658125247,0.9964229611554964,-4.53259600072313e-22
978540,0.0,1.3182275902670859e-42,9959.330658125227,0.9964229611554967,-4.527726091140803e-22
978600,0.0,1.3169429736903282e-42,9959.330658125207,0.9964229611554969,-4.522855250934437e-22
978660,0.0,1.315657741463411e-42,9959.330658125187,0.9964229611554971,-4.517983480104033e-22
978720,0.0,1.3143718935863339e-42,9959.330658125167,0.9964229611554973,-4.513110778649589e-22
978780,0.0,1.3130854300590967e-42,9959.330658125147,0.9964229611554976,-4.508237146571106e-22
978840,0.0,1.3117983508817e-42,9959.330658125127,0.9964229611554978,-4.503362583868584e-22
978900,0.0,1.310510656054143e-42,9959.330658125107,0.9964229611554979,-4.498487090542022e-22
978960,0.0,1.3092223455764267e-42,9959.330658125087,0.9964229611554981,-4.4936106665914215e-22
979020,0.0,1.3079334194485504e-42,9959.330658125067,0.9964229611554983,-4.488733312016782e-22
979080,0.0,1.3066438776705141e-42,9959.330658125047,0.9964229611554986,-4.483855026818103e-22
979140,0.0,1.305353720242318e-42,9959.330658125027,0.9964229611554988,-4.478975810995385e-22
979200,0.0,1.3040629471639621e-42,9959.330658125007,0.996422961155499,-4.474095664548629e-22
979260,0.0,1.3027715584354465e-42,9959.330658124987,0.9964229611554992,-4.469214587477832e-22
979320,0.0,1.3014795540567709e-42,9959.330658124967,0.9964229611554994,-4.464332579782997e-22
979380,0.0,1.3001869340279355e-42,9959.330658124947,0.9964229611554997,-4.459449641464123e-22
979440,0.0,1.2988936983489403e-42,9959.330658124927,0.9964229611554998,-4.454565772521209e-22
979500,0.0,1.2975998470197853e-42,9959.330658124907,0.9964229611555,-4.449680972954257e-22
979560,0.0,1.2963053800404705e-42,9959.330658124887,0.9964229611555002,-4.444795242763265e-22
979620,0.0,1.2950102974109957e-42,9959.330658124867,0.9964229611555004,-4.439908581948235e-22
979680,0.0,1.2937145991313613e-42,9959.330658124847,0.9964229611555007,-4.435020990509164e-22
979740,0.0,1.2924182852015668e-42,9959.330658124827,0.9964229611555009,-4.430132468446055e-22
979800,0.0,1.2911213556216126e-42,9959.330658124807,0.9964229611555011,-4.425243015758907e-22
979860,0.0,1.2898238103914986e-42,9959.330658124787,0.9964229611555013,-4.420352632447719e-22
979920,0.0,1.2885256495112246e-42,9959.330658124767,0.9964229611555016,-4.415461318512493e-22
979980,0.0,1.2872268729807909e-42,9959.330658124747,0.9964229611555017,-4.410569073953227e-22
980040,0.0,1.2859274808001973e-42,9959.330658124727,0.9964229611555019,-4.405675898769922e-22
980100,0.0,1.2846274729694438e-42,9959.330658124707,0.9964229611555021,-4.400781792962578e-22
980160,0.0,1.2833268494885306e-42,9959.330658124685,0.9964229611555023,-4.395886756531195e-22
980220,0.0,1.2820256103574575e-42,9959.330658124665,0.9964229611555026,-4.390990789475772e-22
980280,0.0,1.2807237555762247e-42,9959.330658124645,0.9964229611555028,-4.386093891796311e-22
980340,0.0,1.2794212851448318e-42,9959.330658124625,0.996422961155503,-4.38119606349281e-22
980400,0.0,1.2781181990632792e-42,9959.330658124605,0.9964229611555032,-4.376297304565271e-22
980460,0.0,1.2768144973315669e-42,9959.330658124585,0.9964229611555034,-4.371397615013693e-22
980520,0.0,1.2755101799496947e-42,9959.330658124565,0.9964229611555036,-4.366496994838075e-22
980580,0.0,1.2742052469176626e-42,9959.330658124545,0.9964229611555038,-4.361595444038418e-22
980640,0.0,1.2728996982354706e-42,9959.330658124525,0.996422961155504,-4.356692962614722e-22
980700,0.0,1.271593533903119e-42,9959.330658124505,0.9964229611555042,-4.351789550566986e-22
980760,0.0,1.2702867539206075e-42,9959.330658124485,0.9964229611555044,-4.346885207895212e-22
980820,0.0,1.2689793582879359e-42,9959.330658124465,0.9964229611555047,-4.341979934599399e-22
980880,0.0,1.2676713470051047e-42,9959.330658124445,0.9964229611555049,-4.337073730679546e-22
980940,0.0,1.2663627200721136e-42,9959.330658124425,0.9964229611555051,-4.332166596135655e-22
981000,0.0,1.2650534774889627e-42,9959.330658124405,0.9964229611555053,-4.327258530967723e-22
981060,0.0,1.263743619255652e-42,9959.330658124383,0.9964229611555055,-4.322349535175754e-22
981120,0.0,1.2624331453721814e-42,9959.330658124363,0.9964229611555057,-4.317439608759744e-22
981180,0.0,1.261122055838551e-42,9959.330658124343,0.9964229611555059,-4.312528751719696e-22
981240,0.0,1.2598103506547607e-42,9959.330658124323,0.9964229611555061,-4.307616964055609e-22
981300,0.0,1.2584980298208106e-42,9959.330658124303,0.9964229611555063,-4.302704245767482e-22
981360,0.0,1.2571850933367008e-42,9959.330658124283,0.9964229611555065,-4.297790596855317e-22
981420,0.0,1.255871541202431e-42,9959.330658124263,0.9964229611555068,-4.292876017319112e-22
981480,0.0,1.2545573734180013e-42,9959.330658124243,0.996422961155507,-4.287960507158868e-22
981540,0.0,1.253242589983412e-42,9959.330658124223,0.9964229611555072,-4.283044066374585e-22
981600,0.0,1.2519271908986627e-42,9959.330658124203,0.9964229611555074,-4.278126694966263e-22
981660,0.0,1.2506111761637535e-42,9959.330658124181,0.9964229611555077,-4.273208392933902e-22
981720,0.0,1.2492945457786847e-42,9959.330658124161,0.9964229611555078,-4.268289160277502e-22
981780,0.0,1.2479772997434559e-42,9959.330658124141,0.996422961155508,-4.263368996997062e-22
981840,0.0,1.2466594380580674e-42,9959.330658124121,0.9964229611555082,-4.258447903092584e-22
981900,0.0,1.245340960722519e-42,9959.330658124101,0.9964229611555084,-4.2535258785640655e-22
981960,0.0,1.2440218677368107e-42,9959.330658124081,0.9964229611555087,-4.248602923411508e-22
982020,0.0,1.2427021591009426e-42,9959.330658124061,0.9964229611555089,-4.243679037634912e-22
982080,0.0,1.2413818348149144e-42,9959.330658124041,0.9964229611555091,-4.238754221234277e-22
982140,0.0,1.2400608948787266e-42,9959.330658124021,0.9964229611555093,-4.233828474209602e-22
982200,0.0,1.238739339292379e-42,9959.330658124,0.9964229611555095,-4.2289017965608886e-22
982260,0.0,1.2374171680558717e-42,9959.33065812398,0.9964229611555098,-4.2239741882881363e-22
982320,0.0,1.2360943811692042e-42,9959.33065812396,0.9964229611555099,-4.2190456493913444e-22
982380,0.0,1.234770978632377e-42,9959.33065812394,0.9964229611555101,-4.214116179870514e-22
982440,0.0,1.2334469604453901e-42,9959.33065812392,0.9964229611555103,-4.2091857797256436e-22
982500,0.0,1.2321223266082435e-42,9959.3306581239,0.9964229611555105,-4.2042544489567346e-22
982560,0.0,1.2307970771209368e-42,9959.33065812388,0.9964229611555108,-4.1993221875637866e-22
982620,0.0,1.2294712119834704e-42,9959.33065812386,0.996422961155511,-4.194388995546799e-22
982680,0.0,1.228144731195844e-42,9959.330658123838,0.9964229611555112,-4.189454872905773e-22
982740,0.0,1.226817634758058e-42,9959.330658123818,0.9964229611555114,-4.184519819640707e-22
982800,0.0,1.2254899226701121e-42,9959.330658123798,0.9964229611555117,-4.179583835751602e-22
982860,0.0,1.2241615949320062e-42,9959.330658123778,0.9964229611555119,-4.1746469212384584e-22
982920,0.0,1.2228326515437407e-42,9959.330658123758,0.9964229611555121,-4.1697090761012756e-22
982980,0.0,1.221503092505315e-42,9959.330658123738,0.9964229611555122,-4.164770300340054e-22
983040,0.0,1.2201729178167299e-42,9959.330658123718,0.9964229611555124,-4.159830593954792e-22
983100,0.0,1.2188421274779847e-42,9959.330658123696,0.9964229611555127,-4.1548899569454916e-22
983160,0.0,1.2175107214890797e-42,9959.330658123676,0.9964229611555129,-4.149948389312152e-22
983220,0.0,1.216178699850015e-42,9959.330658123656,0.9964229611555131,-4.1450058910547737e-22
983280,0.0,1.2148460625607903e-42,9959.330658123636,0.9964229611555133,-4.140062462173356e-22
983340,0.0,1.213512809621406e-42,9959.330658123616,0.9964229611555135,-4.1351181026678987e-22
983400,0.0,1.2121789410318617e-42,9959.330658123596,0.9964229611555138,-4.130172812538403e-22
983460,0.0,1.2108444567921574e-42,9959.330658123574,0.996422961155514,-4.125226591784868e-22
983520,0.0,1.2095093569022935e-42,9959.330658123554,0.9964229611555142,-4.120279440407294e-22
983580,0.0,1.2081736413622696e-42,9959.330658123534,0.9964229611555144,-4.1153313584056797e-22
983640,0.0,1.206837310172086e-42,9959.330658123514,0.9964229611555145,-4.1103823457800274e-22
983700,0.0,1.2055003633317425e-42,9959.330658123494,0.9964229611555148,-4.1054324025303356e-22
983760,0.0,1.2041628008412393e-42,9959.330658123474,0.996422961155515,-4.1004815286566053e-22
983820,0.0,1.202824622700576e-42,9959.330658123452,0.9964229611555152,-4.0955297241588354e-22
983880,0.0,1.2014858289097531e-42,9959.330658123432,0.9964229611555154,-4.0905769890370265e-22
983940,0.0,1.2001464194687702e-42,9959.330658123412,0.9964229611555157,-4.0856233232911776e-22
984000,0.0,1.1988063943776276e-42,9959.330658123392,0.9964229611555159,-4.0806687269212906e-22
984060,0.0,1.1974657536363248e-42,9959.330658123372,0.9964229611555161,-4.0757131999273636e-22
984120,0.0,1.1961244972448626e-42,9959.33065812335,0.9964229611555163,-4.070756742309398e-22
984180,0.0,1.1947826252032403e-42,9959.33065812333,0.9964229611555165,-4.0657993540673934e-22
984240,0.0,1.1934401375114585e-42,9959.33065812331,0.9964229611555168,-4.0608410352013493e-22
984300,0.0,1.1920970341695168e-42,9959.33065812329,0.996422961155517,-4.055881785711266e-22
984360,0.0,1.190753315177415e-42,9959.33065812327,0.9964229611555171,-4.0509216055971443e-22
984420,0.0,1.1894089805351535e-42,9959.330658123248,0.9964229611555173,-4.045960494858983e-22
984480,0.0,1.1880640302427322e-42,9959.330658123228,0.9964229611555175,-4.040998453496783e-22
984540,0.0,1.186718464300151e-42,9959.330658123208,0.9964229611555178,-4.036035481510543e-22
984600,0.0,1.18537228270741e-42,9959.330658123188,0.996422961155518,-4.0310715789002645e-22
984660,0.0,1.1840254854645092e-42,9959.330658123168,0.9964229611555182,-4.0261067456659466e-22
984720,0.0,1.1826780725714485e-42,9959.330658123146,0.9964229611555184,-4.02114098180759e-22
984780,0.0,1.181330044028228e-42,9959.330658123126,0.9964229611555186,-4.016174287325194e-22
984840,0.0,1.1799813998348476e-42,9959.330658123106,0.9964229611555189,-4.0112066622187586e-22
984900,0.0,1.1786321399913074e-42,9959.330658123086,0.9964229611555191,-4.0062381064882845e-22
984960,0.0,1.1772822644976074e-42,9959.330658123066,0.9964229611555193,-4.0012686201337713e-22
985020,0.0,1.1759317733537476e-42,9959.330658123044,0.9964229611555195,-3.9962982031552187e-22
985080,0.0,1.174580666559728e-42,9959.330658123024,0.9964229611555196,-3.9913268555526274e-22
985140,0.0,1.1732289441155486e-42,9959.330658123004,0.9964229611555199,-3.986354577325996e-22
985200,0.0,1.171876606021209e-42,9959.330658122984,0.9964229611555201,-3.9813813684753264e-22
985260,0.0,1.17052365227671e-42,9959.330658122964,0.9964229611555203,-3.976407229000617e-22
985320,0.0,1.1691700828820509e-42,9959.330658122943,0.9964229611555205,-3.971432158901869e-22
985380,0.0,1.167815897837232e-42,9959.330658122923,0.9964229611555208,-3.9664561581790823e-22
985440,0.0,1.1664610971422535e-42,9959.330658122903,0.996422961155521,-3.9614792268322553e-22
985500,0.0,1.1651056807971149e-42,9959.330658122883,0.9964229611555212,-3.95650136486139e-22
985560,0.0,1.1637496488018164e-42,9959.33065812286,0.9964229611555214,-3.951522572266485e-22
985620,0.0,1.1623930011563582e-42,9959.33065812284,0.9964229611555216,-3.946542849047541e-22
985680,0.0,1.1610357378607403e-42,9959.33065812282,0.9964229611555219,-3.941562195204558e-22
985740,0.0,1.1596778589149624e-42,9959.3306581228,0.9964229611555221,-3.936580610737536e-22
985800,0.0,1.1583193643190246e-42,9959.330658122779,0.9964229611555223,-3.9315980956464748e-22
985860,0.0,1.1569602540729271e-42,9959.330658122759,0.9964229611555224,-3.9266146499313745e-22
985920,0.0,1.1556005281766697e-42,9959.330658122739,0.9964229611555226,-3.921630273592235e-22
985980,0.0,1.1542401866302526e-42,9959.330658122719,0.9964229611555229,-3.9166449666290564e-22
986040,0.0,1.1528792294336755e-42,9959.330658122697,0.9964229611555231,-3.9116587290418386e-22
986100,0.0,1.1515176565869386e-42,9959.330658122677,0.9964229611555233,-3.9066715608305817e-22
986160,0.0,1.150155468090042e-42,9959.330658122657,0.9964229611555235,-3.9016834619952857e-22
986220,0.0,1.1487926639429853e-42,9959.330658122637,0.9964229611555238,-3.8966944325359507e-22
986280,0.0,1.147429244145769e-42,9959.330658122615,0.996422961155524,-3.8917044724525767e-22
986340,0.0,1.1460652086983928e-42,9959.330658122595,0.9964229611555242,-3.886713581745163e-22
986400,0.0,1.1447005576008567e-42,9959.330658122575,0.9964229611555244,-3.8817217604137106e-22
986460,0.0,1.143335290853161e-42,9959.330658122555,0.9964229611555246,-3.876729008458219e-22
986520,0.0,1.1419694084553051e-42,9959.330658122533,0.9964229611555249,-3.871735325878688e-22
986580,0.0,1.1406029104072896e-42,9959.330658122513,0.9964229611555251,-3.866740712675118e-22
986640,0.0,1.1392357967091143e-42,9959.330658122493,0.9964229611555253,-3.861745168847509e-22
986700,0.0,1.137868067360779e-42,9959.330658122472,0.9964229611555254,-3.856748694395861e-22
986760,0.0,1.136499722362284e-42,9959.330658122451,0.9964229611555256,-3.8517512893201736e-22
986820,0.0,1.135130761713629e-42,9959.330658122431,0.9964229611555259,-3.846752953620447e-22
986880,0.0,1.1337611854148143e-42,9959.330658122411,0.9964229611555261,-3.841753687296682e-22
986940,0.0,1.1323909934658397e-42,9959.33065812239,0.9964229611555263,-3.836753490348877e-22
987000,0.0,1.1310201858667054e-42,9959.33065812237,0.9964229611555265,-3.8317523627770333e-22
987060,0.0,1.1296487626174111e-42,9959.33065812235,0.9964229611555268,-3.8267503045811503e-22
987120,0.0,1.1282767237179571e-42,9959.33065812233,0.996422961155527,-3.821747315761228e-22
987180,0.0,1.1269040691683432e-42,9959.330658122308,0.9964229611555272,-3.816743396317267e-22
987240,0.0,1.1255307989685694e-42,9959.330658122288,0.9964229611555274,-3.8117385462492664e-22
987300,0.0,1.124156913118636e-42,9959.330658122268,0.9964229611555276,-3.806732765557227e-22
987360,0.0,1.1227824116185424e-42,9959.330658122246,0.9964229611555279,-3.801726054241149e-22
987420,0.0,1.1214072944682893e-42,9959.330658122226,0.9964229611555281,-3.796718412301031e-22
987480,0.0,1.1200315616678762e-42,9959.330658122206,0.9964229611555283,-3.7917098397368743e-22
987540,0.0,1.1186552132173032e-42,9959.330658122184,0.9964229611555285,-3.786700336548678e-22
987600,0.0,1.1172782491165705e-42,9959.330658122164,0.9964229611555286,-3.7816899027364426e-22
987660,0.0,1.1159006693656778e-42,9959.330658122144,0.9964229611555289,-3.7766785383001686e-22
987720,0.0,1.1145224739646254e-42,9959.330658122124,0.9964229611555291,-3.7716662432398556e-22
987780,0.0,1.1131436629134133e-42,9959.330658122102,0.9964229611555293,-3.766653017555503e-22
987840,0.0,1.1117642362120411e-42,9959.330658122082,0.9964229611555295,-3.761638861247111e-22
987900,0.0,1.1103841938605092e-42,9959.330658122062,0.9964229611555298,-3.7566237743146804e-22
987960,0.0,1.1090035358588174e-42,9959.33065812204,0.99642296115553,-3.7516077567582107e-22
988020,0.0,1.107622262206966e-42,9959.33065812202,0.9964229611555302,-3.7465908085777015e-22
988080,0.0,1.1062403729049545e-42,9959.330658122,0.9964229611555304,-3.741572929773154e-22
988140,0.0,1.1048578679527833e-42,9959.330658121979,0.9964229611555306,-3.736554120344566e-22
988200,0.0,1.1034747473504523e-42,9959.330658121959,0.9964229611555309,-3.7315343802919397e-22
988260,0.0,1.1020910110979612e-42,9959.330658121939,0.9964229611555311,-3.7265137096152744e-22
988320,0.0,1.1007066591953106e-42,9959.330658121917,0.9964229611555313,-3.72149210831457e-22
988380,0.0,1.0993216916425e-42,9959.330658121897,0.9964229611555315,-3.716469576389826e-22
988440,0.0,1.0979361084395296e-42,9959.330658121877,0.9964229611555318,-3.711446113841043e-22
988500,0.0,1.0965499095863993e-42,9959.330658121855,0.996422961155532,-3.706421720668221e-22
988560,0.0,1.095163095083109e-42,9959.330658121835,0.9964229611555321,-3.7013963968713595e-22
988620,0.0,1.0937756649296591e-42,9959.330658121815,0.9964229611555323,-3.6963701424504594e-22
988680,0.0,1.0923876191260494e-42,9959.330658121793,0.9964229611555325,-3.6913429574055202e-22
988740,0.0,1.0909989576722797e-42,9959.330658121773,0.9964229611555327,-3.6863148417365416e-22
988800,0.0,1.0896096805683504e-42,9959.330658121753,0.996422961155533,-3.6812857954435234e-22
988860,0.0,1.088219787814261e-42,9959.330658121731,0.9964229611555332,-3.6762558185264666e-22
988920,0.0,1.086829279410012e-42,9959.330658121711,0.9964229611555334,-3.671224910985371e-22
988980,0.0,1.085438155355603e-42,9959.330658121691,0.9964229611555336,-3.666193072820236e-22
989040,0.0,1.0840464156510342e-42,9959.33065812167,0.9964229611555339,-3.6611603040310616e-22
989100,0.0,1.0826540602963058e-42,9959.33065812165,0.9964229611555341,-3.656126604617848e-22
989160,0.0,1.0812610892914172e-42,9959.330658121627,0.9964229611555343,-3.6510919745805957e-22
989220,0.0,1.079867502636369e-42,9959.330658121607,0.9964229611555345,-3.646056413919304e-22
989280,0.0,1.0784733003311607e-42,9959.330658121587,0.9964229611555347,-3.6410199226339737e-22
989340,0.0,1.0770784823757929e-42,9959.330658121566,0.996422961155535,-3.6359825007246036e-22
989400,0.0,1.075683048770265e-42,9959.330658121546,0.9964229611555352,-3.630944148191195e-22
989460,0.0,1.0742869995145775e-42,9959.330658121526,0.9964229611555354,-3.625904865033747e-22
989520,0.0,1.07289033460873e-42,9959.330658121504,0.9964229611555356,-3.6208646512522596e-22
989580,0.0,1.0714930540527227e-42,9959.330658121484,0.9964229611555357,-3.615823506846733e-22
989640,0.0,1.0700951578465556e-42,9959.330658121464,0.996422961155536,-3.6107814318171676e-22
989700,0.0,1.0686966459902286e-42,9959.330658121442,0.9964229611555362,-3.6057384261635627e-22
989760,0.0,1.0672975184837419e-42,9959.330658121422,0.9964229611555364,-3.600694489885919e-22
989820,0.0,1.0658977753270953e-42,9959.3306581214,0.9964229611555366,-3.595649622984236e-22
989880,0.0,1.0644974165202888e-42,9959.33065812138,0.9964229611555369,-3.590603825458514e-22
989940,0.0,1.0630964420633224e-42,9959.33065812136,0.9964229611555371,-3.585557097308753e-22
990000,0.0,1.0616948519561963e-42,9959.330658121338,0.9964229611555373,-3.5805094385349525e-22
990060,0.0,1.0602926461989103e-42,9959.330658121318,0.9964229611555375,-3.5754608491371134e-22
990120,0.0,1.0588898247914646e-42,9959.330658121296,0.9964229611555377,-3.570411329115235e-22
990180,0.0,1.0574863877338589e-42,9959.330658121276,0.996422961155538,-3.565360878469317e-22
990240,0.0,1.0560823350260934e-42,9959.330658121256,0.9964229611555382,-3.56030949719936e-22
990300,0.0,1.054677666668168e-42,9959.330658121235,0.9964229611555384,-3.5552571853053643e-22
990360,0.0,1.053272382660083e-42,9959.330658121215,0.9964229611555386,-3.5502039427873295e-22
990420,0.0,1.0518664830018382e-42,9959.330658121195,0.9964229611555389,-3.545149769645255e-22
990480,0.0,1.0504599676934332e-42,9959.330658121173,0.9964229611555391,-3.5400946658791423e-22
990540,0.0,1.0490528367348686e-42,9959.330658121153,0.9964229611555393,-3.5350386314889895e-22
990600,0.0,1.047645090126144e-42,9959.33065812113,0.9964229611555395,-3.5299816664747975e-22
990660,0.0,1.0462367278672598e-42,9959.33065812111,0.9964229611555397,-3.524923770836567e-22
990720,0.0,1.0448277499582156e-42,9959.330658121089,0.99642296115554,-3.519864944574297e-22
990780,0.0,1.0434181563990116e-42,9959.330658121069,0.9964229611555402,-3.5148051876879885e-22
990840,0.0,1.0420079471896478e-42,9959.330658121049,0.9964229611555403,-3.5097445001776404e-22
990900,0.0,1.0405971223301241e-42,9959.330658121027,0.9964229611555405,-3.504682882043253e-22
990960,0.0,1.0391856818204406e-42,9959.330658121007,0.9964229611555407,-3.4996203332848266e-22
991020,0.0,1.0377736256605975e-42,9959.330658120985,0.996422961155541,-3.4945568539023614e-22
991080,0.0,1.0363609538505943e-42,9959.330658120965,0.9964229611555412,-3.4894924438958566e-22
991140,0.0,1.0349476663904313e-42,9959.330658120945,0.9964229611555414,-3.484427103265313e-22
991200,0.0,1.0335337632801083e-42,9959.330658120924,0.9964229611555416,-3.47936083201073e-22
991260,0.0,1.0321192445196258e-42,9959.330658120904,0.9964229611555419,-3.474293630132108e-22
991320,0.0,1.0307041101089832e-42,9959.330658120882,0.9964229611555421,-3.469225497629447e-22
991380,0.0,1.0292883600481809e-42,9959.330658120862,0.9964229611555423,-3.4641564345027467e-22
991440,0.0,1.0278719943372189e-42,9959.33065812084,0.9964229611555425,-3.4590864407520073e-22
991500,0.0,1.0264550129760968e-42,9959.33065812082,0.9964229611555427,-3.4540155163772287e-22
991560,0.0,1.0250374159648148e-42,9959.3306581208,0.996422961155543,-3.4489436613784107e-22
991620,0.0,1.0236192033033731e-42,9959.330658120778,0.9964229611555432,-3.443870875755554e-22
991680,0.0,1.0222003749917717e-42,9959.330658120758,0.9964229611555434,-3.4387971595086584e-22
991740,0.0,1.0207809310300104e-42,9959.330658120736,0.9964229611555436,-3.433722512637723e-22
991800,0.0,1.019360871418089e-42,9959.330658120716,0.9964229611555439,-3.428646935142749e-22
991860,0.0,1.0179401961560082e-42,9959.330658120694,0.9964229611555441,-3.4235704270237357e-22
991920,0.0,1.0165189052437672e-42,9959.330658120674,0.9964229611555443,-3.4184929882806833e-22
991980,0.0,1.0150969986813667e-42,9959.330658120653,0.9964229611555445,-3.413414618913592e-22
992040,0.0,1.0136744764688061e-42,9959.330658120633,0.9964229611555447,-3.4083353189224616e-22
992100,0.0,1.0122513386060858e-42,9959.33065812061,0.996422961155545,-3.403255088307291e-22
992160,0.0,1.0108275850932057e-42,9959.33065812059,0.9964229611555452,-3.3981739270680826e-22
992220,0.0,1.0094032159301656e-42,9959.33065812057,0.9964229611555453,-3.3930918352048346e-22
992280,0.0,1.0079782311169658e-42,9959.330658120549,0.9964229611555455,-3.3880088127175475e-22
992340,0.0,1.006552630653606e-42,9959.330658120529,0.9964229611555457,-3.382924859606221e-22
992400,0.0,1.0051264145400866e-42,9959.330658120507,0.996422961155546,-3.3778399758708553e-22
992460,0.0,1.0036995827764072e-42,9959.330658120487,0.9964229611555462,-3.372754161511451e-22
992520,0.0,1.0022721353625679e-42,9959.330658120465,0.9964229611555464,-3.367667416528007e-22
992580,0.0,1.0008440722985688e-42,9959.330658120445,0.9964229611555466,-3.362579740920524e-22
992640,0.0,9.994153935844099e-43,9959.330658120423,0.9964229611555468,-3.3574911346890023e-22
992700,0.0,9.979860992200913e-43,9959.330658120403,0.9964229611555471,-3.352401597833441e-22
992760,0.0,9.965561892056129e-43,9959.330658120381,0.9964229611555473,-3.3473111303538406e-22
992820,0.0,9.951256635409745e-43,9959.330658120361,0.9964229611555475,-3.3422197322502017e-22
992880,0.0,9.936945222261763e-43,9959.33065812034,0.9964229611555477,-3.337127403522523e-22
992940,0.0,9.922627652612181e-43,9959.33065812032,0.996422961155548,-3.3320341441708057e-22
993000,0.0,9.908303926461004e-43,9959.330658120298,0.9964229611555482,-3.3269399541950487e-22
993060,0.0,9.893974043808227e-43,9959.330658120278,0.9964229611555484,-3.3218448335952526e-22
993120,0.0,9.87963800465385e-43,9959.330658120256,0.9964229611555486,-3.316748782371418e-22
993180,0.0,9.865295808997878e-43,9959.330658120236,0.9964229611555488,-3.311651800523544e-22
993240,0.0,9.850947456840305e-43,9959.330658120214,0.9964229611555491,-3.3065538880516306e-22
993300,0.0,9.836592948181135e-43,9959.330658120194,0.9964229611555493,-3.301455044955678e-22
993360,0.0,9.822232283020368e-43,9959.330658120172,0.9964229611555495,-3.2963552712356865e-22
993420,0.0,9.807865461358e-43,9959.330658120152,0.9964229611555497,-3.291254566891656e-22
993480,0.0,9.793492483194035e-43,9959.33065812013,0.99642296115555,-3.2861529319235863e-22
993540,0.0,9.77911334852847e-43,9959.33065812011,0.9964229611555502,-3.281050366331477e-22
993600,0.0,9.764728057361307e-43,9959.330658120089,0.9964229611555504,-3.2759468701153285e-22
993660,0.0,9.750336609692547e-43,9959.330658120069,0.9964229611555506,-3.2708424432751415e-22
993720,0.0,9.735939005522188e-43,9959.330658120047,0.9964229611555508,-3.2657370858109155e-22
993780,0.0,9.721535244850232e-43,9959.330658120027,0.9964229611555511,-3.26063079772265e-22
993840,0.0,9.707125327676675e-43,9959.330658120005,0.9964229611555513,-3.255523579010346e-22
993900,0.0,9.692709254001521e-43,9959.330658119985,0.9964229611555515,-3.2504154296740016e-22
993960,0.0,9.678287023824769e-43,9959.330658119963,0.9964229611555517,-3.245306349713619e-22
994020,0.0,9.663858637146419e-43,9959.330658119943,0.996422961155552,-3.240196339129197e-22
994080,0.0,9.64942409396647e-43,9959.330658119921,0.9964229611555521,-3.235085397920736e-22
994140,0.0,9.634983394284923e-43,9959.330658119901,0.9964229611555523,-3.229973526088236e-22
994200,0.0,9.620536538101778e-43,9959.33065811988,0.9964229611555525,-3.2248607236316963e-22
994260,0.0,9.606083525417033e-43,9959.33065811986,0.9964229611555527,-3.219746990551118e-22
994320,0.0,9.59162435623069e-43,9959.330658119838,0.996422961155553,-3.2146323268465004e-22
994380,0.0,9.577159030542749e-43,9959.330658119818,0.9964229611555532,-3.209516732517844e-22
994440,0.0,9.56268754835321e-43,9959.330658119796,0.9964229611555534,-3.2044002075651484e-22
994500,0.0,9.548209909662074e-43,9959.330658119776,0.9964229611555536,-3.199282751988413e-22
994560,0.0,9.533726114469337e-43,9959.330658119754,0.9964229611555538,-3.1941643657876383e-22
994620,0.0,9.519236162775003e-43,9959.330658119732,0.9964229611555541,-3.189045048962825e-22
994680,0.0,9.504740054579069e-43,9959.330658119712,0.9964229611555543,-3.183924801513973e-22
994740,0.0,9.49023778988154e-43,9959.33065811969,0.9964229611555545,-3.1788036234410817e-22
994800,0.0,9.475729368682411e-43,9959.33065811967,0.9964229611555547,-3.1736815147441505e-22
994860,0.0,9.461214790981682e-43,9959.330658119648,0.996422961155555,-3.168558475423181e-22
994920,0.0,9.446694056779358e-43,9959.330658119628,0.9964229611555552,-3.1634345054781723e-22
994980,0.0,9.432167166075433e-43,9959.330658119607,0.9964229611555554,-3.1583096049091245e-22
995040,0.0,9.41763411886991e-43,9959.330658119587,0.9964229611555556,-3.1531837737160375e-22
995100,0.0,9.403094915162791e-43,9959.330658119565,0.9964229611555558,-3.1480570118989106e-22
995160,0.0,9.388549554954071e-43,9959.330658119543,0.9964229611555561,-3.1429293194577456e-22
995220,0.0,9.373998038243754e-43,9959.330658119523,0.9964229611555563,-3.137800696392541e-22
995280,0.0,9.359440365031837e-43,9959.330658119501,0.9964229611555565,-3.1326711427032974e-22
995340,0.0,9.344876535318323e-43,9959.330658119481,0.9964229611555567,-3.127540658390015e-22
995400,0.0,9.330306549103211e-43,9959.33065811946,0.996422961155557,-3.1224092434526927e-22
995460,0.0,9.3157304063865e-43,9959.33065811944,0.9964229611555572,-3.1172768978913315e-22
995520,0.0,9.301148107168189e-43,9959.330658119417,0.9964229611555574,-3.112143621705931e-22
995580,0.0,9.286559651448282e-43,9959.330658119396,0.9964229611555576,-3.107009414896492e-22
995640,0.0,9.271965039226776e-43,9959.330658119376,0.9964229611555578,-3.1018742774630136e-22
995700,0.0,9.257364270503673e-43,9959.330658119354,0.9964229611555581,-3.0967382094054958e-22
995760,0.0,9.24275734527897e-43,9959.330658119334,0.9964229611555583,-3.091601210723939e-22
995820,0.0,9.228144263552669e-43,9959.330658119312,0.9964229611555585,-3.0864632814183434e-22
995880,0.0,9.213525025324769e-43,9959.330658119292,0.9964229611555587,-3.0813244214887084e-22
995940,0.0,9.19889963059527e-43,9959.33065811927,0.996422961155559,-3.0761846309350344e-22
996000,0.0,9.184268079364177e-43,9959.330658119248,0.9964229611555592,-3.071043909757321e-22
996060,0.0,9.16963037163148e-43,9959.330658119228,0.9964229611555594,-3.0659022579555687e-22
996120,0.0,9.154986507397189e-43,9959.330658119206,0.9964229611555596,-3.0607596755297775e-22
996180,0.0,9.140336486661296e-43,9959.330658119186,0.9964229611555598,-3.055616162479947e-22
996240,0.0,9.125680309423808e-43,9959.330658119165,0.9964229611555601,-3.050471718806077e-22
996300,0.0,9.11101797568472e-43,9959.330658119143,0.9964229611555603,-3.045326344508168e-22
996360,0.0,9.096349485444035e-43,9959.330658119123,0.9964229611555605,-3.04018003958622e-22
996420,0.0,9.081674838701749e-43,9959.330658119101,0.9964229611555607,-3.035032804040233e-22
996480,0.0,9.066994035457867e-43,9959.33065811908,0.996422961155561,-3.029884637870207e-22
996540,0.0,9.052307075712385e-43,9959.330658119059,0.9964229611555612,-3.0247355410761414e-22
996600,0.0,9.037613959465304e-43,9959.330658119037,0.9964229611555614,-3.0195855136580364e-22
996660,0.0,9.022914686716627e-43,9959.330658119017,0.9964229611555616,-3.014434555615893e-22
996720,0.0,9.008209257466352e-43,9959.330658118995,0.9964229611555618,-3.0092826669497104e-22
996780,0.0,8.993497671714476e-43,9959.330658118975,0.9964229611555621,-3.0041298476594883e-22
996840,0.0,8.978779929461003e-43,9959.330658118954,0.9964229611555623,-2.9989760977452276e-22
996900,0.0,8.964056030705931e-43,9959.330658118932,0.9964229611555625,-2.993821417206927e-22
996960,0.0,8.949325975449263e-43,9959.330658118912,0.9964229611555627,-2.9886658060445878e-22
997020,0.0,8.934589763690994e-43,9959.33065811889,0.996422961155563,-2.9835092642582095e-22
997080,0.0,8.919847395431128e-43,9959.330658118868,0.9964229611555632,-2.978351791847792e-22
997140,0.0,8.905098870669664e-43,9959.330658118848,0.9964229611555634,-2.9731933888133354e-22
997200,0.0,8.8903441894066e-43,9959.330658118826,0.9964229611555636,-2.9680340551548395e-22
997260,0.0,8.87558335164194e-43,9959.330658118806,0.9964229611555638,-2.9628737908723046e-22
997320,0.0,8.860816357375679e-43,9959.330658118784,0.9964229611555641,-2.9577125959657306e-22
997380,0.0,8.846043206607822e-43,9959.330658118763,0.9964229611555643,-2.9525504704351176e-22
997440,0.0,8.831263899338366e-43,9959.330658118743,0.9964229611555645,-2.9473874142804655e-22
997500,0.0,8.816478435567308e-43,9959.33065811872,0.9964229611555647,-2.942223427501773e-22
997560,0.0,8.801686815294657e-43,9959.330658118699,0.996422961155565,-2.937058510099043e-22
997620,0.0,8.786889038520404e-43,9959.330658118679,0.9964229611555651,-2.931892662072273e-22
997680,0.0,8.772085105244555e-43,9959.330658118657,0.9964229611555653,-2.9267258834214645e-22
997740,0.0,8.757275015467107e-43,9959.330658118635,0.9964229611555655,-2.9215581741466163e-22
997800,0.0,8.74245876918806e-43,9959.330658118615,0.9964229611555657,-2.916389534247729e-22
997860,0.0,8.727636366407417e-43,9959.330658118593,0.996422961155566,-2.9112199637248027e-22
997920,0.0,8.712807807125172e-43,9959.330658118572,0.9964229611555662,-2.906049462577838e-22
997980,0.0,8.697973091341331e-43,9959.330658118552,0.9964229611555664,-2.9008780308068334e-22
998040,0.0,8.683132219055892e-43,9959.33065811853,0.9964229611555666,-2.89570566841179e-22
998100,0.0,8.668285190268853e-43,9959.330658118508,0.9964229611555668,-2.8905323753927065e-22
998160,0.0,8.653432004980216e-43,9959.330658118488,0.996422961155567,-2.885358151749585e-22
998220,0.0,8.638572663189981e-43,9959.330658118466,0.9964229611555673,-2.880182997482424e-22
998280,0.0,8.623707164898148e-43,9959.330658118444,0.9964229611555675,-2.875006912591224e-22
998340,0.0,8.608835510104717e-43,9959.330658118424,0.9964229611555677,-2.8698298970759847e-22
998400,0.0,8.593957698809687e-43,9959.330658118402,0.9964229611555679,-2.864651950936706e-22
998460,0.0,8.579073731013059e-43,9959.33065811838,0.9964229611555682,-2.8594730741733888e-22
998520,0.0,8.564183606714831e-43,9959.33065811836,0.9964229611555684,-2.8542932667860315e-22
998580,0.0,8.549287325915006e-43,9959.330658118339,0.9964229611555686,-2.849112528774636e-22
998640,0.0,8.534384888613584e-43,9959.330658118317,0.9964229611555688,-2.8439308601392013e-22
998700,0.0,8.51947629481056e-43,9959.330658118297,0.996422961155569,-2.838748260879727e-22
998760,0.0,8.50456154450594e-43,9959.330658118275,0.9964229611555693,-2.833564730996214e-22
998820,0.0,8.489640637699722e-43,9959.330658118253,0.9964229611555695,-2.8283802704886616e-22
998880,0.0,8.474713574391905e-43,9959.330658118233,0.9964229611555697,-2.82319487935707e-22
998940,0.0,8.45978035458249e-43,9959.330658118211,0.9964229611555699,-2.81800855760144e-22
999000,0.0,8.444840978271478e-43,9959.33065811819,0.9964229611555702,-2.81282130522177e-22
999060,0.0,8.429895445458867e-43,9959.33065811817,0.9964229611555704,-2.8076331222180613e-22
999120,0.0,8.414943756144655e-43,9959.330658118148,0.9964229611555706,-2.802444008590313e-22
999180,0.0,8.399985910328848e-43,9959.330658118126,0.9964229611555708,-2.7972539643385264e-22
999240,0.0,8.38502190801144e-43,9959.330658118106,0.996422961155571,-2.7920629894627e-22
999300,0.0,8.370051749192436e-43,9959.330658118084,0.9964229611555713,-2.7868710839628344e-22
999360,0.0,8.355075433871832e-43,9959.330658118062,0.9964229611555715,-2.78167824783893e-22
999420,0.0,8.340092962049629e-43,9959.33065811804,0.9964229611555717,-2.7764844810909867e-22
999480,0.0,8.32510433372583e-43,9959.33065811802,0.9964229611555719,-2.771289783719004e-22
999540,0.0,8.310109548900429e-43,9959.330658117999,0.9964229611555722,-2.766094155722982e-22
999600,0.0,8.295108607573433e-43,9959.330658117977,0.9964229611555724,-2.760897597102921e-22
999660,0.0,8.280101509744837e-43,9959.330658117957,0.9964229611555726,-2.755700107858821e-22
999720,0.0,8.265088255414645e-43,9959.330658117935,0.9964229611555728,-2.7505016879906817e-22
999780,0.0,8.250068844582852e-43,9959.330658117913,0.996422961155573,-2.745302337498503e-22
999840,0.0,8.235043277249463e-43,9959.330658117891,0.9964229611555733,-2.740102056382286e-22
999900,0.0,8.220011553414474e-43,9959.330658117871,0.9964229611555735,-2.734900844642029e-22
999960,0.0,8.204973673077887e-43,9959.33065811785,0.9964229611555738,-2.729698702277733e-22
1000020,0.0,8.189929636239702e-43,9959.330658117828,0.996422961155574,-2.7244956292893983e-22
1000080,0.0,8.174879442899918e-43,9959.330658117808,0.9964229611555743,-2.7192916256770244e-22
1000140,0.0,8.159823093058536e-43,9959.330658117786,0.9964229611555745,-2.7140866914406116e-22
1000200,0.0,8.144760586715555e-43,9959.330658117764,0.9964229611555747,-2.708880826580159e-22
1000260,0.0,8.129691923870977e-43,9959.330658117742,0.9964229611555749,-2.7036740310956677e-22
1000320,0.0,8.1146171045248e-43,9959.330658117722,0.9964229611555752,-2.6984663049871373e-22
1000380,0.0,8.099536128677025e-43,9959.3306581177,0.9964229611555754,-2.6932576482545677e-22
1000440,0.0,8.08444899632765e-43,9959.330658117678,0.9964229611555756,-2.6880480608979587e-22
1000500,0.0,8.069355707476678e-43,9959.330658117657,0.9964229611555758,-2.68283754291731e-22
1000560,0.0,8.054256262124107e-43,9959.330658117637,0.996422961155576,-2.6776260943126235e-22
1000620,0.0,8.039150660269938e-43,9959.330658117615,0.9964229611555763,-2.6724137150838973e-22
1000680,0.0,8.024038901914171e-43,9959.330658117593,0.9964229611555765,-2.667200405231132e-22
1000740,0.0,8.008920987056805e-43,9959.330658117571,0.9964229611555767,-2.661986164754328e-22
1000800,0.0,7.993796915697842e-43,9959.330658117551,0.9964229611555769,-2.656770993653484e-22
1000860,0.0,7.978666687837278e-43,9959.33065811753,0.9964229611555772,-2.651554891928601e-22
1000920,0.0,7.963530303475119e-43,9959.330658117507,0.9964229611555774,-2.6463378595796793e-22
1000980,0.0,7.948387762611361e-43,9959.330658117486,0.9964229611555776,-2.641119896606719e-22
1001040,0.0,7.933239065246002e-43,9959.330658117466,0.9964229611555778,-2.6359010030097184e-22
1001100,0.0,7.918084211379048e-43,9959.330658117444,0.996422961155578,-2.6306811787886794e-22
1001160,0.0,7.902923201010493e-43,9959.330658117422,0.9964229611555783,-2.625460423943601e-22
1001220,0.0,7.887756034140341e-43,9959.3306581174,0.9964229611555785,-2.6202387384744838e-22
1001280,0.0,7.87258271076859e-43,9959.33065811738,0.9964229611555787,-2.615016122381327e-22
1001340,0.0,7.857403230895241e-43,9959.330658117358,0.9964229611555789,-2.6097925756641315e-22
1001400,0.0,7.842217594520294e-43,9959.330658117336,0.9964229611555792,-2.6045680983228963e-22
1001460,0.0,7.827025801643749e-43,9959.330658117315,0.9964229611555794,-2.5993426903576225e-22
1001520,0.0,7.811827852265604e-43,9959.330658117293,0.9964229611555796,-2.594116351768309e-22
1001580,0.0,7.79662374638586e-43,9959.330658117273,0.9964229611555798,-2.588889082554957e-22
1001640,0.0,7.78141348400452e-43,9959.330658117251,0.99642296115558,-2.5836608827175656e-22
1001700,0.0,7.766197065121582e-43,9959.33065811723,0.9964229611555803,-2.5784317522561347e-22
1001760,0.0,7.750974489737044e-43,9959.330658117207,0.9964229611555805,-2.573201691170665e-22
1001820,0.0,7.735745757850908e-43,9959.330658117187,0.9964229611555807,-2.5679706994611562e-22
1001880,0.0,7.720510869463174e-43,9959.330658117166,0.9964229611555809,-2.5627387771276087e-22
1001940,0.0,7.705269824573842e-43,9959.330658117144,0.9964229611555812,-2.5575059241700216e-22
1002000,0.0,7.69002262318291e-43,9959.330658117122,0.9964229611555814,-2.5522721405883955e-22
1002060,0.0,7.674769265290382e-43,9959.3306581171,0.9964229611555816,-2.54703742638273e-22
1002120,0.0,7.659509750896254e-43,9959.33065811708,0.9964229611555818,-2.5418017815530257e-22
1002180,0.0,7.644244080000529e-43,9959.330658117058,0.996422961155582,-2.5365652060992824e-22
1002240,0.0,7.628972252603204e-43,9959.330658117036,0.9964229611555823,-2.5313277000214997e-22
1002300,0.0,7.613694268704281e-43,9959.330658117015,0.9964229611555825,-2.526089263319678e-22
1002360,0.0,7.598410128303761e-43,9959.330658116993,0.9964229611555827,-2.520849895993817e-22
1002420,0.0,7.583119831401642e-43,9959.330658116973,0.9964229611555829,-2.5156095980439166e-22
1002480,0.0,7.567823377997922e-43,9959.33065811695,0.9964229611555832,-2.510368369469977e-22
1002540,0.0,7.552520768092607e-43,9959.330658116929,0.9964229611555834,-2.505126210271999e-22
1002600,0.0,7.537212001685693e-43,9959.330658116907,0.9964229611555836,-2.4998831204499812e-22
1002660,0.0,7.52189707877718e-43,9959.330658116885,0.9964229611555838,-2.4946391000039247e-22
1002720,0.0,7.50657599936707e-43,9959.330658116865,0.996422961155584,-2.489394148933829e-22
1002780,0.0,7.49124876345536e-43,9959.330658116844,0.9964229611555843,-2.4841482672396944e-22
1002840,0.0,7.475915371042053e-43,9959.330658116822,0.9964229611555845,-2.4789014549215207e-22
1002900,0.0,7.460575822127146e-43,9959.3306581168,0.9964229611555847,-2.473653711979307e-22
1002960,0.0,7.445230116710642e-43,9959.330658116778,0.9964229611555849,-2.4684050384130553e-22
1003020,0.0,7.429878254792539e-43,9959.330658116756,0.9964229611555852,-2.463155434222764e-22
1003080,0.0,7.414520236372837e-43,9959.330658116736,0.9964229611555854,-2.4579048994084336e-22
1003140,0.0,7.399156061451538e-43,9959.330658116714,0.9964229611555856,-2.452653433970064e-22
1003200,0.0,7.38378573002864e-43,9959.330658116693,0.9964229611555858,-2.447401037907655e-22
1003260,0.0,7.368409242104146e-43,9959.33065811667,0.996422961155586,-2.4421477112212074e-22
1003320,0.0,7.353026597678052e-43,9959.330658116649,0.9964229611555863,-2.4368934539107204e-22
1003380,0.0,7.337637796750358e-43,9959.330658116627,0.9964229611555865,-2.4316382659761943e-22
1003440,0.0,7.322242839321068e-43,9959.330658116607,0.9964229611555867,-2.426382147417629e-22
1003500,0.0,7.306841725390176e-43,9959.330658116585,0.996422961155587,-2.421125098235024e-22
1003560,0.0,7.291434454957688e-43,9959.330658116563,0.9964229611555873,-2.4158671184283805e-22
1003620,0.0,7.276021028023603e-43,9959.330658116542,0.9964229611555875,-2.410608207997698e-22
1003680,0.0,7.260601444587918e-43,9959.33065811652,0.9964229611555877,-2.405348366942976e-22
1003740,0.0,7.245175704650635e-43,9959.330658116498,0.9964229611555879,-2.4000875952642153e-22
1003800,0.0,7.229743808211754e-43,9959.330658116476,0.9964229611555881,-2.394825892961415e-22
1003860,0.0,7.214305755271274e-43,9959.330658116456,0.9964229611555884,-2.389563260034576e-22
1003920,0.0,7.198861545829196e-43,9959.330658116434,0.9964229611555886,-2.3842996964836977e-22
1003980,0.0,7.18341117988552e-43,9959.330658116412,0.9964229611555888,-2.3790352023087803e-22
1004040,0.0,7.167954657440246e-43,9959.33065811639,0.996422961155589,-2.373769777509824e-22
1004100,0.0,7.152491978493372e-43,9959.330658116369,0.9964229611555893,-2.3685034220868283e-22
1004160,0.0,7.137023143044901e-43,9959.330658116347,0.9964229611555895,-2.363236136039793e-22
1004220,0.0,7.121548151094831e-43,9959.330658116325,0.9964229611555897,-2.3579679193687196e-22
1004280,0.0,7.1060670026431634e-43,9959.330658116305,0.9964229611555899,-2.3526987720736064e-22
1004340,0.0,7.0905796976898964e-43,9959.330658116283,0.9964229611555901,-2.3474286941544543e-22
1004400,0.0,7.075086236235032e-43,9959.330658116261,0.9964229611555904,-2.342157685611263e-22
1004460,0.0,7.059586618278568e-43,9959.33065811624,0.9964229611555906,-2.336885746444032e-22
1004520,0.0,7.044080843820506e-43,9959.330658116218,0.9964229611555908,-2.3316128766527625e-22
1004580,0.0,7.028568912860847e-43,9959.330658116196,0.996422961155591,-2.3263390762374536e-22
1004640,0.0,7.013050825399588e-43,9959.330658116174,0.9964229611555913,-2.321064345198106e-22
1004700,0.0,6.997526581436732e-43,9959.330658116152,0.9964229611555915,-2.315788683534719e-22
1004760,0.0,6.981996180972278e-43,9959.330658116132,0.9964229611555917,-2.310512091247293e-22
1004820,0.0,6.9664596240062244e-43,9959.33065811611,0.9964229611555919,-2.305234568335828e-22
1004880,0.0,6.9509169105385734e-43,9959.330658116089,0.9964229611555921,-2.2999561148003233e-22
1004940,0.0,6.935368040569323e-43,9959.330658116067,0.9964229611555924,-2.29467673064078e-22
1005000,0.0,6.919813014098475e-43,9959.330658116045,0.9964229611555926,-2.289396415857197e-22
1005060,0.0,6.904251831126029e-43,9959.330658116023,0.9964229611555928,-2.2841151704495754e-22
1005120,0.0,6.8886844916519834e-43,9959.330658116001,0.996422961155593,-2.2788329944179147e-22
1005180,0.0,6.873110995676341e-43,9959.33065811598,0.9964229611555933,-2.273549887762215e-22
1005240,0.0,6.857531343199099e-43,9959.330658115958,0.9964229611555935,-2.2682658504824756e-22
1005300,0.0,6.841945534220259e-43,9959.330658115938,0.9964229611555938,-2.2629808825786973e-22
1005360,0.0,6.8263535687398215e-43,9959.330658115916,0.996422961155594,-2.25769498405088e-22
1005420,0.0,6.810755446757784e-43,9959.330658115894,0.9964229611555943,-2.2524081548990235e-22
1005480,0.0,6.795151168274149e-43,9959.330658115872,0.9964229611555945,-2.2471203951231276e-22
1005540,0.0,6.7795407332889144e-43,9959.33065811585,0.9964229611555947,-2.2418317047231926e-22
1005600,0.0,6.763924141802083e-43,9959.330658115829,0.9964229611555949,-2.2365420836992186e-22
1005660,0.0,6.748301393813653e-43,9959.330658115807,0.9964229611555951,-2.2312515320512055e-22
1005720,0.0,6.732672489323625e-43,9959.330658115785,0.9964229611555954,-2.2259600497791534e-22
1005780,0.0,6.7170374283319985e-43,9959.330658115763,0.9964229611555956,-2.220667636883062e-22
1005840,0.0,6.701396210838773e-43,9959.330658115741,0.9964229611555958,-2.215374293362932e-22
1005900,0.0,6.68574883684395e-43,9959.33065811572,0.996422961155596,-2.2100800192187623e-22
1005960,0.0,6.6700953063475285e-43,9959.330658115698,0.9964229611555963,-2.2047848144505535e-22
1006020,0.0,6.654435619349508e-43,9959.330658115678,0.9964229611555965,-2.1994886790583057e-22
1006080,0.0,6.63876977584989e-43,9959.330658115656,0.9964229611555967,-2.194191613042019e-22
1006140,0.0,6.623097775848673e-43,9959.330658115634,0.9964229611555969,-2.188893616401693e-22
1006200,0.0,6.607419619345858e-43,9959.330658115612,0.9964229611555971,-2.1835946891373275e-22
1006260,0.0,6.591735306341444e-43,9959.33065811559,0.9964229611555974,-2.178294831248923e-22
1006320,0.0,6.5760448368354325e-43,9959.330658115568,0.9964229611555976,-2.1729940427364795e-22
1006380,0.0,6.560348210827823e-43,9959.330658115547,0.9964229611555978,-2.1676923235999974e-22
1006440,0.0,6.544645428318614e-43,9959.330658115525,0.996422961155598,-2.1623896738394754e-22
1006500,0.0,6.528936489307806e-43,9959.330658115503,0.9964229611555983,-2.157086093454914e-22
1006560,0.0,6.513221393795401e-43,9959.330658115481,0.9964229611555985,-2.151781582446314e-22
1006620,0.0,6.497500141781397e-43,9959.33065811546,0.9964229611555987,-2.1464761408136753e-22
1006680,0.0,6.481772733265796e-43,9959.330658115437,0.9964229611555989,-2.1411697685569966e-22
1006740,0.0,6.466039168248595e-43,9959.330658115416,0.9964229611555993,-2.1358624656762797e-22
1006800,0.0,6.450299446729797e-43,9959.330658115394,0.9964229611555995,-2.130554232171523e-22
1006860,0.0,6.434553568709399e-43,9959.330658115372,0.9964229611555997,-2.125245068042727e-22
1006920,0.0,6.418801534187404e-43,9959.33065811535,0.9964229611555999,-2.1199349732898926e-22
1006980,0.0,6.40304334316381e-43,9959.330658115328,0.9964229611556001,-2.114623947913019e-22
1007040,0.0,6.387278995638619e-43,9959.330658115307,0.9964229611556004,-2.109311991912106e-22
1007100,0.0,6.371508491611828e-43,9959.330658115285,0.9964229611556006,-2.1039991052871536e-22
1007160,0.0,6.35573183108344e-43,9959.330658115263,0.9964229611556008,-2.0986852880381623e-22
1007220,0.0,6.339949014053453e-43,9959.330658115243,0.996422961155601,-2.093370540165132e-22
1007280,0.0,6.3241600405218666e-43,9959.330658115221,0.9964229611556013,-2.0880548616680625e-22
1007340,0.0,6.308364910488684e-43,9959.3306581152,0.9964229611556015,-2.082738252546954e-22
1007400,0.0,6.292563623953902e-43,9959.330658115177,0.9964229611556017,-2.077420712801806e-22
1007460,0.0,6.276756180917519e-43,9959.330658115156,0.9964229611556019,-2.0721022424326185e-22
1007520,0.0,6.260942581379541e-43,9959.330658115134,0.9964229611556021,-2.0667828414393927e-22
1007580,0.0,6.245122825339963e-43,9959.330658115112,0.9964229611556024,-2.0614625098221276e-22
1007640,0.0,6.229296912798789e-43,9959.33065811509,0.9964229611556026,-2.0561412475808234e-22
1007700,0.0,6.213464843756015e-43,9959.330658115068,0.9964229611556028,-2.0508190547154797e-22
1007760,0.0,6.197626618211642e-43,9959.330658115046,0.996422961155603,-2.0454959312260972e-22
1007820,0.0,6.181782236165672e-43,9959.330658115025,0.9964229611556032,-2.0401718771126754e-22
1007880,0.0,6.165931697618103e-43,9959.330658115003,0.9964229611556035,-2.0348468923752146e-22
1007940,0.0,6.150075002568936e-43,9959.33065811498,0.9964229611556038,-2.0295209770137148e-22
1008000,0.0,6.134212151018171e-43,9959.330658114959,0.996422961155604,-2.0241941310281756e-22
1008060,0.0,6.118343142965806e-43,9959.330658114937,0.9964229611556042,-2.0188663544185974e-22
1008120,0.0,6.102467978411845e-43,9959.330658114915,0.9964229611556045,-2.0135376471849802e-22
1008180,0.0,6.086586657356284e-43,9959.330658114894,0.9964229611556047,-2.0082080093273237e-22
1008240,0.0,6.070699179799124e-43,9959.330658114872,0.9964229611556049,-2.0028774408456279e-22
1008300,0.0,6.0548055457403676e-43,9959.33065811485,0.9964229611556051,-1.997545941739893e-22
1008360,0.0,6.038905755180011e-43,9959.330658114828,0.9964229611556054,-1.9922135120101191e-22
1008420,0.0,6.022999808118058e-43,9959.330658114806,0.9964229611556056,-1.9868801516563062e-22
1008480,0.0,6.007087704554505e-43,9959.330658114784,0.9964229611556058,-1.9815458606784542e-22
1008540,0.0,5.991169444489355e-43,9959.330658114763,0.996422961155606,-1.976210639076563e-22
1008600,0.0,5.975245027922605e-43,9959.33065811474,0.9964229611556062,-1.9708744868506324e-22
1008660,0.0,5.959314454854258e-43,9959.330658114719,0.9964229611556065,-1.965537404000663e-22
1008720,0.0,5.9433777252843115e-43,9959.330658114697,0.9964229611556067,-1.9601993905266542e-22
1008780,0.0,5.927434839212768e-43,9959.330658114675,0.9964229611556069,-1.9548604464286065e-22
1008840,0.0,5.911485796639625e-43,9959.330658114653,0.9964229611556071,-1.9495205717065195e-22
1008900,0.0,5.895530597564884e-43,9959.330658114632,0.9964229611556074,-1.9441797663603933e-22
1008960,0.0,5.8795692419885455e-43,9959.33065811461,0.9964229611556076,-1.9388380303902282e-22
1009020,0.0,5.863601729910608e-43,9959.330658114586,0.9964229611556079,-1.9334953637960241e-22
1009080,0.0,5.847628061331072e-43,9959.330658114564,0.9964229611556081,-1.9281517665777807e-22
1009140,0.0,5.8316482362499385e-43,9959.330658114543,0.9964229611556084,-1.9228072387354983e-22
1009200,0.0,5.815662254667204e-43,9959.33065811452,0.9964229611556086,-1.9174617802691764e-22
1009260,0.0,5.799670116582874e-43,9959.330658114499,0.9964229611556088,-1.9121153911788154e-22
1009320,0.0,5.783671821996945e-43,9959.330658114477,0.996422961155609,-1.9067680714644156e-22
1009380,0.0,5.767667370909417e-43,9959.330658114455,0.9964229611556092,-1.9014198211259765e-22
1009440,0.0,5.751656763320291e-43,9959.330658114433,0.9964229611556095,-1.8960706401634984e-22
1009500,0.0,5.735639999229567e-43,9959.330658114412,0.9964229611556097,-1.890720528576981e-22
1009560,0.0,5.7196170786372445e-43,9959.33065811439,0.9964229611556099,-1.8853694863664245e-22
1009620,0.0,5.703588001543323e-43,9959.330658114368,0.9964229611556101,-1.880017513531829e-22
1009680,0.0,5.687552767947804e-43,9959.330658114346,0.9964229611556104,-1.874664610073194e-22
1009740,0.0,5.671511377850687e-43,9959.330658114324,0.9964229611556106,-1.8693107759905202e-22
1009800,0.0,5.65546383125197e-43,9959.330658114302,0.9964229611556108,-1.8639560112838073e-22
1009860,0.0,5.639410128151656e-43,9959.33065811428,0.996422961155611,-1.8586003159530552e-22
1009920,0.0,5.623350268549743e-43,9959.330658114259,0.9964229611556112,-1.853243689998264e-22
1009980,0.0,5.607284252446232e-43,9959.330658114237,0.9964229611556116,-1.8478861334194337e-22
1010040,0.0,5.591212079841123e-43,9959.330658114215,0.9964229611556118,-1.8425276462165642e-22
1010100,0.0,5.575133750734415e-43,9959.330658114193,0.996422961155612,-1.8371682283896557e-22
1010160,0.0,5.55904926512611e-43,9959.330658114171,0.9964229611556122,-1.8318078799387078e-22
1010220,0.0,5.542958623016204e-43,9959.330658114148,0.9964229611556125,-1.8264466008637207e-22
1010280,0.0,5.526861824404701e-43,9959.330658114126,0.9964229611556127,-1.8210843911646947e-22
1010340,0.0,5.510758869291601e-43,9959.330658114104,0.9964229611556129,-1.8157212508416297e-22
1010400,0.0,5.494649757676901e-43,9959.330658114082,0.9964229611556131,-1.8103571798945255e-22
1010460,0.0,5.478534489560603e-43,9959.33065811406,0.9964229611556134,-1.804992178323382e-22
1010520,0.0,5.462413064942706e-43,9959.330658114039,0.9964229611556136,-1.7996262461281993e-22
1010580,0.0,5.4462854838232124e-43,9959.330658114017,0.9964229611556138,-1.7942593833089777e-22
1010640,0.0,5.43015174620212e-43,9959.330658113995,0.996422961155614,-1.788891589865717e-22
1010700,0.0,5.414011852079428e-43,9959.330658113973,0.9964229611556142,-1.783522865798417e-22
1010760,0.0,5.397865801455138e-43,9959.330658113951,0.9964229611556145,-1.7781532111070778e-22
1010820,0.0,5.38171359432925e-43,9959.33065811393,0.9964229611556147,-1.7727826257916997e-22
1010880,0.0,5.365555230701764e-43,9959.330658113908,0.996422961155615,-1.7674111098522824e-22
1010940,0.0,5.349390710572679e-43,9959.330658113884,0.9964229611556152,-1.762038663288826e-22
1011000,0.0,5.333220033941997e-43,9959.330658113862,0.9964229611556155,-1.7566652861013306e-22
1011060,0.0,5.317043200809716e-43,9959.33065811384,0.9964229611556157,-1.7512909782897956e-22
1011120,0.0,5.300860211175836e-43,9959.330658113819,0.9964229611556159,-1.745915739854222e-22
1011180,0.0,5.284671065040357e-43,9959.330658113797,0.9964229611556161,-1.7405395707946089e-22
1011240,0.0,5.268475762403281e-43,9959.330658113775,0.9964229611556163,-1.7351624711109568e-22
1011300,0.0,5.252274303264606e-43,9959.330658113753,0.9964229611556166,-1.7297844408032656e-22
1011360,0.0,5.236066687624334e-43,9959.330658113731,0.9964229611556168,-1.7244054798715352e-22
1011420,0.0,5.219852915482462e-43,9959.33065811371,0.996422961155617,-1.7190255883157658e-22
1011480,0.0,5.203632986838992e-43,9959.330658113688,0.9964229611556172,-1.7136447661359573e-22
1011540,0.0,5.187406901693924e-43,9959.330658113664,0.9964229611556175,-1.7082630133321095e-22
1011600,0.0,5.171174660047258e-43,9959.330658113642,0.9964229611556177,-1.7028803299042227e-22
1011660,0.0,5.1549362618989925e-43,9959.33065811362,0.9964229611556179,-1.6974967158522966e-22
1011720,0.0,5.138691707249129e-43,9959.330658113598,0.9964229611556182,-1.6921121711763314e-22
1011780,0.0,5.122440996097668e-43,9959.330658113577,0.9964229611556185,-1.6867266958763272e-22
1011840,0.0,5.106184128444608e-43,9959.330658113555,0.9964229611556187,-1.6813402899522837e-22
1011900,0.0,5.08992110428995e-43,9959.330658113533,0.9964229611556189,-1.6759529534042014e-22
1011960,0.0,5.073651923633693e-43,9959.330658113511,0.9964229611556191,-1.6705646862320796e-22
1012020,0.0,5.057376586475839e-43,9959.330658113488,0.9964229611556193,-1.6651754884359188e-22
1012080,0.0,5.041095092816386e-43,9959.330658113466,0.9964229611556196,-1.6597853600157191e-22
1012140,0.0,5.024807442655334e-43,9959.330658113444,0.9964229611556198,-1.6543943009714802e-22
1012200,0.0,5.008513635992684e-43,9959.330658113422,0.99642296115562,-1.6490023113032017e-22
1012260,0.0,4.992213672828435e-43,9959.3306581134,0.9964229611556202,-1.6436093910108845e-22
1012320,0.0,4.975907553162588e-43,9959.330658113378,0.9964229611556205,-1.638215540094528e-22
1012380,0.0,4.959595276995144e-43,9959.330658113357,0.9964229611556207,-1.6328207585541325e-22
1012440,0.0,4.9432768443261004e-43,9959.330658113333,0.9964229611556209,-1.627425046389698e-22
1012500,0.0,4.926952255155459e-43,9959.330658113311,0.9964229611556212,-1.6220284036012242e-22
1012560,0.0,4.910621509483219e-43,9959.33065811329,0.9964229611556215,-1.616630830188711e-22
1012620,0.0,4.894284607309381e-43,9959.330658113267,0.9964229611556217,-1.611232326152159e-22
1012680,0.0,4.8779415486339435e-43,9959.330658113246,0.9964229611556219,-1.6058328914915677e-22
1012740,0.0,4.861592333456908e-43,9959.330658113224,0.9964229611556221,-1.6004325262069374e-22
1012800,0.0,4.845236961778275e-43,9959.330658113202,0.9964229611556223,-1.595031230298268e-22
1012860,0.0,4.828875433598043e-43,9959.330658113178,0.9964229611556226,-1.5896290037655593e-22
1012920,0.0,4.812507748916213e-43,9959.330658113156,0.9964229611556228,-1.5842258466088116e-22
1012980,0.0,4.7961339077327854e-43,9959.330658113135,0.996422961155623,-1.5788217588280248e-22
1013040,0.0,4.779753910047758e-43,9959.330658113113,0.9964229611556232,-1.573416740423199e-22
1013100,0.0,4.7633677558611335e-43,9959.330658113091,0.9964229611556235,-1.568010791394334e-22
1013160,0.0,4.746975445172909e-43,9959.33065811307,0.9964229611556237,-1.5626039117414296e-22
1013220,0.0,4.730576977983087e-43,9959.330658113046,0.996422961155624,-1.5571961014644862e-22
1013280,0.0,4.7141723542916674e-43,9959.330658113024,0.9964229611556242,-1.5517873605635037e-22
1013340,0.0,4.697761574098648e-43,9959.330658113002,0.9964229611556245,-1.5463776890384822e-22
1013400,0.0,4.681344637404032e-43,9959.33065811298,0.9964229611556247,-1.5409670868894214e-22
1013460,0.0,4.6649215442078166e-43,9959.330658112958,0.9964229611556249,-1.5355555541163213e-22
1013520,0.0,4.648492294510003e-43,9959.330658112935,0.9964229611556251,-1.5301430907191825e-22
1013580,0.0,4.632056888310591e-43,9959.330658112913,0.9964229611556253,-1.5247296966980043e-22
1013640,0.0,4.615615325609581e-43,9959.33065811289,0.9964229611556256,-1.519315372052787e-22
1013700,0.0,4.599167606406972e-43,9959.330658112869,0.9964229611556258,-1.5139001167835306e-22
1013760,0.0,4.582713730702765e-43,9959.330658112847,0.996422961155626,-1.508483930890235e-22
1013820,0.0,4.56625369849696e-43,9959.330658112825,0.9964229611556262,-1.5030668143729003e-22
1013880,0.0,4.549787509789556e-43,9959.330658112802,0.9964229611556265,-1.4976487672315267e-22
1013940,0.0,4.5333151645805545e-43,9959.33065811278,0.9964229611556268,-1.4922297894661138e-22
1014000,0.0,4.5168366628699544e-43,9959.330658112758,0.996422961155627,-1.4868098810766618e-22
1014060,0.0,4.500352004657755e-43,9959.330658112736,0.9964229611556272,-1.4813890420631706e-22
1014120,0.0,4.483861189943959e-43,9959.330658112714,0.9964229611556275,-1.4759672724256403e-22
1014180,0.0,4.467364218728562e-43,9959.33065811269,0.9964229611556277,-1.4705445721640708e-22
1014240,0.0,4.450861091011568e-43,9959.330658112669,0.9964229611556279,-1.4651209412784622e-22
1014300,0.0,4.434351806792976e-43,9959.330658112647,0.9964229611556281,-1.4596963797688145e-22
1014360,0.0,4.4178363660727864e-43,9959.330658112625,0.9964229611556283,-1.4542708876351276e-22
1014420,0.0,4.401314768850998e-43,9959.330658112602,0.9964229611556286,-1.4488444648774019e-22
1014480,0.0,4.38478701512761e-43,9959.33065811258,0.9964229611556288,-1.4434171114956368e-22
1014540,0.0,4.368253104902625e-43,9959.330658112558,0.996422961155629,-1.4379888274898325e-22
1014600,0.0,4.351713038176041e-43,9959.330658112536,0.9964229611556293,-1.4325596128599892e-22
1014660,0.0,4.335166814947858e-43,9959.330658112514,0.9964229611556296,-1.4271294676061066e-22
1014720,0.0,4.318614435218078e-43,9959.33065811249,0.9964229611556298,-1.421698391728185e-22
1014780,0.0,4.302055898986699e-43,9959.330658112469,0.99642296115563,-1.4162663852262244e-22
1014840,0.0,4.285491206253722e-43,9959.330658112447,0.9964229611556302,-1.4108334481002244e-22
1014900,0.0,4.268920357019146e-43,9959.330658112425,0.9964229611556304,-1.4053995803501856e-22
1014960,0.0,4.2523433512829724e-43,9959.330658112402,0.9964229611556307,-1.3999647819761073e-22
1015020,0.0,4.235760189045201e-43,9959.33065811238,0.9964229611556309,-1.3945290529779902e-22
1015080,0.0,4.2191708703058296e-43,9959.330658112358,0.9964229611556311,-1.389092393355834e-22
1015140,0.0,4.202575395064861e-43,9959.330658112336,0.9964229611556313,-1.3836548031096385e-22
1015200,0.0,4.185973763322293e-43,9959.330658112314,0.9964229611556316,-1.3782162822394035e-22
1015260,0.0,4.1693659750781276e-43,9959.33065811229,0.9964229611556319,-1.3727768307451298e-22
1015320,0.0,4.152752030332363e-43,9959.330658112269,0.9964229611556321,-1.367336448626817e-22
1015380,0.0,4.136131929085001e-43,9959.330658112247,0.9964229611556323,-1.361895135884465e-22
1015440,0.0,4.119505671336041e-43,9959.330658112225,0.9964229611556326,-1.3564528925180739e-22
1015500,0.0,4.102873257085482e-43,9959.330658112201,0.9964229611556328,-1.3510097185276437e-22
1015560,0.0,4.0862346863333244e-43,9959.33065811218,0.996422961155633,-1.3455656139131742e-22
1015620,0.0,4.0695899590795684e-43,9959.330658112158,0.9964229611556332,-1.3401205786746657e-22
1015680,0.0,4.0529390753242135e-43,9959.330658112136,0.9964229611556334,-1.3346746128121178e-22
1015740,0.0,4.0362820350672614e-43,9959.330658112112,0.9964229611556337,-1.329227716325531e-22
1015800,0.0,4.0196188383087104e-43,9959.33065811209,0.9964229611556339,-1.3237798892149053e-22
1015860,0.0,4.0029494850485614e-43,9959.330658112069,0.9964229611556342,-1.3183311314802401e-22
1015920,0.0,3.986273975286814e-43,9959.330658112047,0.9964229611556344,-1.312881443121536e-22
1015980,0.0,3.9695923090234685e-43,9959.330658112023,0.9964229611556347,-1.3074308241387926e-22
1016040,0.0,3.9529044862585245e-43,9959.330658112001,0.9964229611556349,-1.3019792745320103e-22
1016100,0.0,3.936210506991982e-43,9959.33065811198,0.9964229611556351,-1.2965267943011887e-22
1016160,0.0,3.91951037122384e-43,9959.330658111956,0.9964229611556353,-1.2910733834463278e-22
1016220,0.0,3.902804078954101e-43,9959.330658111934,0.9964229611556356,-1.285619041967428e-22
1016280,0.0,3.8860916301827635e-43,9959.330658111912,0.9964229611556358,-1.2801637698644891e-22
1016340,0.0,3.869373024909828e-43,9959.33065811189,0.996422961155636,-1.2747075671375111e-22
1016400,0.0,3.852648263135294e-43,9959.330658111867,0.9964229611556362,-1.2692504337864938e-22
1016460,0.0,3.835917344859161e-43,9959.330658111845,0.9964229611556366,-1.2637923698114375e-22
1016520,0.0,3.81918027008143e-43,9959.330658111823,0.9964229611556368,-1.258333375212342e-22
1016580,0.0,3.802437038802101e-43,9959.3306581118,0.996422961155637,-1.2528734499892074e-22
1016640,0.0,3.7856876510211735e-43,9959.330658111778,0.9964229611556372,-1.2474125941420337e-22
1016700,0.0,3.768932106738647e-43,9959.330658111756,0.9964229611556374,-1.2419508076708207e-22
1016760,0.0,3.7521704059545226e-43,9959.330658111734,0.9964229611556377,-1.2364880905755686e-22
1016820,0.0,3.7354025486688e-43,9959.33065811171,0.9964229611556379,-1.2310244428562775e-22
1016880,0.0,3.718628534881479e-43,9959.330658111689,0.9964229611556381,-1.2255598645129474e-22
1016940,0.0,3.701848364592559e-43,9959.330658111667,0.9964229611556383,-1.220094355545578e-22
1017000,0.0,3.685062037802042e-43,9959.330658111643,0.9964229611556387,-1.2146279159541695e-22
1017060,0.0,3.668269554509926e-43,9959.330658111621,0.9964229611556389,-1.2091605457387218e-22
1017120,0.0,3.651470914716211e-43,9959.3306581116,0.9964229611556391,-1.2036922448992352e-22
1017180,0.0,3.634666118420898e-43,9959.330658111578,0.9964229611556393,-1.1982230134357092e-22
1017240,0.0,3.617855165623987e-43,9959.330658111554,0.9964229611556396,-1.192752851348144e-22
1017300,0.0,3.6010380563254775e-43,9959.330658111532,0.9964229611556398,-1.1872817586365399e-22
1017360,0.0,3.5842147905253702e-43,9959.33065811151,0.99642296115564,-1.1818097353008967e-22
1017420,0.0,3.567385368223664e-43,9959.330658111487,0.9964229611556402,-1.1763367813412142e-22
1017480,0.0,3.550549789420359e-43,9959.330658111465,0.9964229611556404,-1.1708628967574926e-22
1017540,0.0,3.5337080541154564e-43,9959.330658111443,0.9964229611556407,-1.165388081549732e-22
1017600,0.0,3.5168601623089554e-43,9959.33065811142,0.996422961155641,-1.1599123357179324e-22
1017660,0.0,3.5000061140008554e-43,9959.330658111397,0.9964229611556412,-1.154435659262093e-22
1017720,0.0,3.4831459091911575e-43,9959.330658111376,0.9964229611556414,-1.148958052182215e-22
1017780,0.0,3.4662795478798614e-43,9959.330658111352,0.9964229611556417,-1.1434795144782979e-22
1017840,0.0,3.4494070300669666e-43,9959.33065811133,0.9964229611556419,-1.1380000461503416e-22
1017900,0.0,3.4325283557524737e-43,9959.330658111308,0.9964229611556421,-1.1325196471983463e-22
1017960,0.0,3.4156435249363827e-43,9959.330658111285,0.9964229611556423,-1.1270383176223117e-22
1018020,0.0,3.398752537618693e-43,9959.330658111263,0.9964229611556426,-1.121556057422238e-22
1018080,0.0,3.381855393799405e-43,9959.330658111241,0.9964229611556428,-1.116072866598125e-22
1018140,0.0,3.364952093478518e-43,9959.330658111217,0.9964229611556431,-1.110588745149973e-22
1018200,0.0,3.3480426366560333e-43,9959.330658111196,0.9964229611556433,-1.105103693077782e-22
1018260,0.0,3.3311270233319505e-43,9959.330658111174,0.9964229611556435,-1.0996177103815518e-22
1018320,0.0,3.314205253506269e-43,9959.33065811115,0.9964229611556438,-1.0941307970612824e-22
1018380,0.0,3.2972773271789897e-43,9959.330658111128,0.996422961155644,-1.088642953116974e-22
1018440,0.0,3.280343244350111e-43,9959.330658111106,0.9964229611556442,-1.0831541785486263e-22
1018500,0.0,3.263403005019635e-43,9959.330658111083,0.9964229611556444,-1.0776644733562396e-22
1018560,0.0,3.24645660918756e-43,9959.330658111061,0.9964229611556447,-1.0721738375398138e-22
1018620,0.0,3.2295040568538874e-43,9959.33065811104,0.9964229611556449,-1.0666822710993488e-22
1018680,0.0,3.212545348018615e-43,9959.330658111016,0.9964229611556452,-1.0611897740348445e-22
1018740,0.0,3.1955804826817456e-43,9959.330658110994,0.9964229611556454,-1.0556963463463013e-22
1018800,0.0,3.1786094608432773e-43,9959.33065811097,0.9964229611556457,-1.0502019880337189e-22
1018860,0.0,3.161632282503211e-43,9959.330658110948,0.9964229611556459,-1.0447066990970973e-22
1018920,0.0,3.144648947661546e-43,9959.330658110926,0.9964229611556461,-1.0392104795364367e-22
1018980,0.0,3.127659456318283e-43,9959.330658110903,0.9964229611556463,-1.0337133293517369e-22
1019040,0.0,3.110663808473421e-43,9959.33065811088,0.9964229611556465,-1.0282152485429979e-22
1019100,0.0,3.0936620041269612e-43,9959.330658110859,0.9964229611556468,-1.0227162371102199e-22
1019160,0.0,3.076654043278903e-43,9959.330658110835,0.9964229611556471,-1.0172162950534028e-22
1019220,0.0,3.0596399259292467e-43,9959.330658110814,0.9964229611556473,-1.0117154223725464e-22
1019280,0.0,3.0426196520779916e-43,9959.330658110792,0.9964229611556475,-1.0062136190676509e-22
1019340,0.0,3.025593221725138e-43,9959.330658110768,0.9964229611556478,-1.0007108851387164e-22
1019400,0.0,3.0085606348706865e-43,9959.330658110746,0.996422961155648,-9.952072205857428e-23
1019460,0.0,2.9915218915146364e-43,9959.330658110723,0.9964229611556482,-9.8970262540873e-23
1019520,0.0,2.974476991656988e-43,9959.3306581107,0.9964229611556484,-9.841970996076779e-23
1019580,0.0,2.9574259352977414e-43,9959.330658110679,0.9964229611556487,-9.786906431825868e-23
1019640,0.0,2.9403687224368964e-43,9959.330658110655,0.9964229611556489,-9.731832561334567e-23
1019700,0.0,2.9233053530744534e-43,9959.330658110634,0.9964229611556492,-9.676749384602874e-23
1019760,0.0,2.906235827210411e-43,9959.33065811061,0.9964229611556494,-9.621656901630788e-23
1019820,0.0,2.8891601448447712e-43,9959.330658110588,0.9964229611556497,-9.566555112418313e-23
1019880,0.0,2.8720783059775325e-43,9959.330658110566,0.9964229611556499,-9.511444016965446e-23
1019940,0.0,2.854990310608696e-43,9959.330658110543,0.9964229611556501,-9.456323615272188e-23
1020000,0.0,2.8378961587382613e-43,9959.33065811052,0.9964229611556503,-9.401193907338538e-23
1020060,0.0,2.820795850366227e-43,9959.330658110497,0.9964229611556505,-9.346054893164496e-23
1020120,0.0,2.8036893854925955e-43,9959.330658110475,0.9964229611556508,-9.290906572750064e-23
1020180,0.0,2.7865767641173653e-43,9959.330658110453,0.9964229611556511,-9.23574894609524e-23
1020240,0.0,2.769457986240537e-43,9959.33065811043,0.9964229611556513,-9.180582013200026e-23
1020300,0.0,2.75233305186211e-43,9959.330658110408,0.9964229611556515,-9.125405774064418e-23
1020360,0.0,2.7352019609820845e-43,9959.330658110384,0.9964229611556518,-9.070220228688421e-23
1020420,0.0,2.7180647136004614e-43,9959.330658110362,0.996422961155652,-9.015025377072032e-23
1020480,0.0,2.7009213097172394e-43,9959.33065811034,0.9964229611556522,-8.959821219215253e-23
1020540,0.0,2.683771749332419e-43,9959.330658110317,0.9964229611556524,-8.90460775511808e-23
1020600,0.0,2.6666160324460005e-43,9959.330658110295,0.9964229611556527,-8.849384984780518e-23
1020660,0.0,2.6494541590579836e-43,9959.330658110272,0.996422961155653,-8.794152908202564e-23
1020720,0.0,2.632286129168368e-43,9959.33065811025,0.9964229611556532,-8.738911525384219e-23
1020780,0.0,2.615111942777154e-43,9959.330658110226,0.9964229611556534,-8.683660836325481e-23
1020840,0.0,2.5979315998843425e-43,9959.330658110204,0.9964229611556537,-8.628400841026353e-23
1020900,0.0,2.580745100489932e-43,9959.330658110182,0.9964229611556539,-8.573131539486835e-23
1020960,0.0,2.5635524445939235e-43,9959.330658110159,0.9964229611556541,-8.517852931706924e-23
1021020,0.0,2.5463536321963163e-43,9959.330658110137,0.9964229611556543,-8.462565017686621e-23
1021080,0.0,2.5291486632971107e-43,9959.330658110113,0.9964229611556545,-8.407267797425929e-23
1021140,0.0,2.5119375378963074e-43,9959.330658110091,0.9964229611556549,-8.351961270924845e-23
1021200,0.0,2.494720255993905e-43,9959.330658110068,0.9964229611556551,-8.29664543818337e-23
1021260,0.0,2.4774968175899044e-43,9959.330658110046,0.9964229611556553,-8.2413202992015e-23
1021320,0.0,2.4602672226843058e-43,9959.330658110022,0.9964229611556555,-8.185985853979243e-23
1021380,0.0,2.4430314712771087e-43,9959.33065811,0.9964229611556558,-8.130642102516593e-23
1021440,0.0,2.4257895633683136e-43,9959.330658109979,0.996422961155656,-8.075289044813553e-23
1021500,0.0,2.4085414989579193e-43,9959.330658109955,0.9964229611556562,-8.01992668087012e-23
1021560,0.0,2.3912872780459273e-43,9959.330658109933,0.9964229611556565,-7.964555010686296e-23
1021620,0.0,2.374026900632337e-43,9959.33065810991,0.9964229611556568,-7.909174034262082e-23
1021680,0.0,2.356760366717148e-43,9959.330658109888,0.996422961155657,-7.853783751597477e-23
1021740,0.0,2.3394876763003607e-43,9959.330658109864,0.9964229611556572,-7.798384162692479e-23
1021800,0.0,2.322208829381975e-43,9959.330658109842,0.9964229611556574,-7.74297526754709e-23
1021860,0.0,2.304923825961991e-43,9959.330658109819,0.9964229611556576,-7.68755706616131e-23
1021920,0.0,2.287632666040409e-43,9959.330658109797,0.9964229611556579,-7.632129558535138e-23
1021980,0.0,2.2703353496172282e-43,9959.330658109773,0.9964229611556581,-7.576692744668576e-23
1022040,0.0,2.2530318766924495e-43,9959.330658109751,0.9964229611556584,-7.521246624561622e-23
1022100,0.0,2.235722247266072e-43,9959.33065810973,0.9964229611556586,-7.465791198214278e-23
1022160,0.0,2.2184064613380963e-43,9959.330658109706,0.9964229611556589,-7.410326465626541e-23
1022220,0.0,2.2010845189085223e-43,9959.330658109684,0.9964229611556591,-7.354852426798413e-23
1022280,0.0,2.1837564199773498e-43,9959.33065810966,0.9964229611556593,-7.299369081729893e-23
1022340,0.0,2.1664221645445792e-43,9959.330658109639,0.9964229611556595,-7.243876430420984e-23
1022400,0.0,2.1490817526102102e-43,9959.330658109615,0.9964229611556598,-7.188374472871683e-23
1022460,0.0,2.131735184174243e-43,9959.330658109593,0.9964229611556601,-7.132863209081989e-23
1022520,0.0,2.114382459236677e-43,9959.33065810957,0.9964229611556603,-7.077342639051905e-23
1022580,0.0,2.097023577797513e-43,9959.330658109548,0.9964229611556605,-7.021812762781429e-23
1022640,0.0,2.0796585398567506e-43,9959.330658109524,0.9964229611556608,-6.966273580270562e-23
1022700,0.0,2.06228734541439e-43,9959.330658109502,0.996422961155661,-6.910725091519306e-23
1022760,0.0,2.0449099944704306e-43,9959.330658109478,0.9964229611556612,-6.855167296527655e-23
1022820,0.0,2.0275264870248733e-43,9959.330658109457,0.9964229611556614,-6.799600195295614e-23
1022880,0.0,2.0101368230777175e-43,9959.330658109433,0.9964229611556618,-6.744023787823183e-23
1022940,0.0,1.9927410026289633e-43,9959.330658109411,0.996422961155662,-6.68843807411036e-23
1023000,0.0,1.9753390256786107e-43,9959.330658109388,0.9964229611556622,-6.632843054157145e-23
1023060,0.0,1.95793089222666e-43,9959.330658109366,0.9964229611556624,-6.577238727963539e-23
1023120,0.0,1.9405166022731105e-43,9959.330658109342,0.9964229611556626,-6.521625095529541e-23
1023180,0.0,1.9230961558179634e-43,9959.33065810932,0.9964229611556629,-6.466002156855153e-23
1023240,0.0,1.905669552861217e-43,9959.330658109297,0.9964229611556631,-6.410369911940373e-23
1023300,0.0,1.888236793402873e-43,9959.330658109275,0.9964229611556634,-6.354728360785202e-23
1023360,0.0,1.8707978774429304e-43,9959.330658109251,0.9964229611556636,-6.299077503389641e-23
1023420,0.0,1.8533528049813895e-43,9959.33065810923,0.9964229611556639,-6.243417339753687e-23
1023480,0.0,1.8359015760182505e-43,9959.330658109206,0.9964229611556641,-6.187747869877342e-23
1023540,0.0,1.8184441905535123e-43,9959.330658109184,0.9964229611556643,-6.132069093760605e-23
1023600,0.0,1.8009806485871764e-43,9959.33065810916,0.9964229611556645,-6.076381011403478e-23
1023660,0.0,1.7835109501192421e-43,9959.330658109138,0.9964229611556648,-6.02068362280596e-23
1023720,0.0,1.7660350951497098e-43,9959.330658109115,0.9964229611556651,-5.964976927968049e-23
1023780,0.0,1.7485530836785782e-43,9959.330658109091,0.9964229611556653,-5.909260926889748e-23
1023840,0.0,1.731064915705849e-43,9959.33065810907,0.9964229611556655,-5.853535619571054e-23
1023900,0.0,1.7135705912315214e-43,9959.330658109046,0.9964229611556658,-5.797801006011971e-23
1023960,0.0,1.6960701102555955e-43,9959.330658109024,0.996422961155666,-5.742057086212497e-23
1024020,0.0,1.6785634727780707e-43,9959.330658109,0.9964229611556662,-5.686303860172629e-23
1024080,0.0,1.6610506787989481e-43,9959.330658108978,0.9964229611556664,-5.630541327892371e-23
1024140,0.0,1.6435317283182269e-43,9959.330658108955,0.9964229611556668,-5.574769489371722e-23
1024200,0.0,1.6260066213359075e-43,9959.330658108933,0.996422961155667,-5.518988344610683e-23
1024260,0.0,1.6084753578519896e-43,9959.33065810891,0.9964229611556672,-5.46319789360925e-23
1024320,0.0,1.5909379378664734e-43,9959.330658108887,0.9964229611556674,-5.407398136367426e-23
1024380,0.0,1.573394361379359e-43,9959.330658108864,0.9964229611556676,-5.351589072885213e-23
1024440,0.0,1.5558446283906459e-43,9959.330658108842,0.9964229611556679,-5.295770703162607e-23
1024500,0.0,1.538288738900335e-43,9959.330658108818,0.9964229611556681,-5.23994302719961e-23
1024560,0.0,1.5207266929084252e-43,9959.330658108795,0.9964229611556684,-5.1841060449962216e-23
1024620,0.0,1.5031584904149174e-43,9959.330658108773,0.9964229611556686,-5.1282597565524425e-23
1024680,0.0,1.4855841314198111e-43,9959.330658108749,0.9964229611556689,-5.072404161868271e-23
1024740,0.0,1.4680036159231066e-43,9959.330658108727,0.9964229611556691,-5.0165392609437094e-23
1024800,0.0,1.4504169439248035e-43,9959.330658108704,0.9964229611556693,-4.960665053778756e-23
1024860,0.0,1.4328241154249023e-43,9959.330658108682,0.9964229611556695,-4.9047815403734116e-23
1024920,0.0,1.4152251304234027e-43,9959.330658108658,0.9964229611556698,-4.848888720727675e-23
1024980,0.0,1.3976199889203048e-43,9959.330658108634,0.9964229611556701,-4.792986594841548e-23
1025040,0.0,1.3800086909156083e-43,9959.330658108613,0.9964229611556703,-4.737075162715029e-23
1025100,0.0,1.3623912364093137e-43,9959.330658108589,0.9964229611556705,-4.68115442434812e-23
1025160,0.0,1.3447676254014207e-43,9959.330658108567,0.9964229611556707,-4.625224379740819e-23
1025220,0.0,1.3271378578919293e-43,9959.330658108544,0.996422961155671,-4.569285028893126e-23
1025280,0.0,1.3095019338808398e-43,9959.330658108522,0.9964229611556712,-4.5133363718050425e-23
1025340,0.0,1.2918598533681514e-43,9959.330658108498,0.9964229611556715,-4.4573784084765673e-23
1025400,0.0,1.2742116163538652e-43,9959.330658108474,0.9964229611556717,-4.4014111389077017e-23
1025460,0.0,1.2565572228379802e-43,9959.330658108453,0.996422961155672,-4.345434563098444e-23
1025520,0.0,1.2388966728204971e-43,9959.330658108429,0.9964229611556722,-4.2894486810487944e-23
1025580,0.0,1.2212299663014156e-43,9959.330658108407,0.9964229611556724,-4.233453492758754e-23
1025640,0.0,1.2035571032807359e-43,9959.330658108383,0.9964229611556726,-4.177448998228323e-23
1025700,0.0,1.1858780837584577e-43,9959.33065810836,0.9964229611556729,-4.1214351974575e-23
1025760,0.0,1.1681929077345812e-43,9959.330658108338,0.9964229611556732,-4.065412090446286e-23
1025820,0.0,1.1505015752091063e-43,9959.330658108314,0.9964229611556734,-4.00937967719468e-23
1025880,0.0,1.1328040861820332e-43,9959.330658108292,0.9964229611556736,-3.953337957702684e-23
1025940,0.0,1.1151004406533616e-43,9959.330658108269,0.9964229611556739,-3.897286931970296e-23
1026000,0.0,1.0973906386230918e-43,9959.330658108245,0.9964229611556741,-3.841226599997517e-23
1026060,0.0,1.0796746800912234e-43,9959.330658108223,0.9964229611556743,-3.7851569617843464e-23
1026120,0.0,1.0619525650577568e-43,9959.3306581082,0.9964229611556746,-3.729078017330784e-23
1026180,0.0,1.0442242935226919e-43,9959.330658108178,0.9964229611556749,-3.672989766636831e-23
1026240,0.0,1.0264898654860287e-43,9959.330658108154,0.9964229611556751,-3.6168922097024865e-23
1026300,0.0,1.008749280947767e-43,9959.33065810813,0.9964229611556753,-3.560785346527751e-23
1026360,0.0,9.91002539907907e-44,9959.330658108109,0.9964229611556755,-3.504669177112624e-23
1026420,0.0,9.732496423664487e-44,9959.330658108085,0.9964229611556757,-3.4485437014571054e-23
1026480,0.0,9.55490588323392e-44,9959.330658108063,0.9964229611556761,-3.3924089195611957e-23
1026540,0.0,9.377253777787369e-44,9959.33065810804,0.9964229611556763,-3.336264831424895e-23
1026600,0.0,9.199540107324836e-44,9959.330658108016,0.9964229611556765,-3.280111437048203e-23
1026660,0.0,9.021764871846317e-44,9959.330658107994,0.9964229611556767,-3.223948736431119e-23
1026720,0.0,8.843928071351818e-44,9959.33065810797,0.996422961155677,-3.1677767295736446e-23
1026780,0.0,8.666029705841334e-44,9959.330658107947,0.9964229611556772,-3.111595416475778e-23
1026840,0.0,8.488069775314867e-44,9959.330658107925,0.9964229611556775,-3.055404797137521e-23
1026900,0.0,8.310048279772416e-44,9959.330658107901,0.9964229611556777,-2.9992048715588726e-23
1026960,0.0,8.13196521921398e-44,9959.330658107878,0.996422961155678,-2.942995639739833e-23
1027020,0.0,7.953820593639564e-44,9959.330658107856,0.9964229611556782,-2.8867771016804013e-23
1027080,0.0,7.775614403049161e-44,9959.330658107832,0.9964229611556784,-2.830549257380579e-23
1027140,0.0,7.597346647442776e-44,9959.33065810781,0.9964229611556786,-2.7743121068403647e-23
1027200,0.0,7.419017326820407e-44,9959.330658107787,0.9964229611556789,-2.7180656500597595e-23
1027260,0.0,7.240626441182055e-44,9959.330658107763,0.9964229611556792,-2.661809887038763e-23
1027320,0.0,7.06217399052772e-44,9959.330658107741,0.9964229611556794,-2.605544817777375e-23
1027380,0.0,6.883659974857401e-44,9959.330658107718,0.9964229611556796,-2.5492704422755962e-23
1027440,0.0,6.705084394171099e-44,9959.330658107694,0.9964229611556799,-2.492986760533426e-23
1027500,0.0,6.526447248468812e-44,9959.330658107672,0.9964229611556801,-2.4366937725508644e-23
1027560,0.0,6.347748537750543e-44,9959.330658107649,0.9964229611556803,-2.3803914783279114e-23
1027620,0.0,6.16898826201629e-44,9959.330658107625,0.9964229611556806,-2.3240798778645672e-23
1027680,0.0,5.990166421266055e-44,9959.330658107603,0.9964229611556809,-2.267758971160832e-23
1027740,0.0,5.811283015499835e-44,9959.33065810758,0.9964229611556811,-2.2114287582167052e-23
1027800,0.0,5.632338044717631e-44,9959.330658107556,0.9964229611556813,-2.155089239032187e-23
1027860,0.0,5.453331508919445e-44,9959.330658107534,0.9964229611556815,-2.0987404136072776e-23
1027920,0.0,5.274263408105275e-44,9959.33065810751,0.9964229611556817,-2.042382281941977e-23
1027980,0.0,5.095133742275121e-44,9959.330658107487,0.9964229611556821,-1.986014844036285e-23
1028040,0.0,4.915942511428984e-44,9959.330658107465,0.9964229611556823,-1.9296380998902016e-23
1028100,0.0,4.736689715566863e-44,9959.330658107441,0.9964229611556825,-1.8732520495037273e-23
1028160,0.0,4.557375354688759e-44,9959.330658107418,0.9964229611556827,-1.8168566928768612e-23
1028220,0.0,4.377999428794671e-44,9959.330658107396,0.996422961155683,-1.7604520300096042e-23
1028280,0.0,4.1985619378846e-44,9959.330658107372,0.9964229611556833,-1.7040380609019558e-23
1028340,0.0,4.0190628819585456e-44,9959.330658107348,0.9964229611556835,-1.647614785553916e-23
1028400,0.0,3.8395022610165074e-44,9959.330658107327,0.9964229611556837,-1.591182203965485e-23
1028460,0.0,3.659880075058486e-44,9959.330658107303,0.996422961155684,-1.5347403161366625e-23
1028520,0.0,3.4801963240844806e-44,9959.33065810728,0.9964229611556842,-1.4782891220674488e-23
1028580,0.0,3.3004510080944926e-44,9959.330658107257,0.9964229611556844,-1.421828621757844e-23
1028640,0.0,3.1206441270885206e-44,9959.330658107234,0.9964229611556847,-1.365358815207848e-23
1028700,0.0,2.940775681066565e-44,9959.33065810721,0.996422961155685,-1.3088797024174604e-23
1028760,0.0,2.7608456700286263e-44,9959.330658107187,0.9964229611556852,-1.2523912833866816e-23
1028820,0.0,2.5808540939747035e-44,9959.330658107165,0.9964229611556854,-1.1958935581155114e-23
1028880,0.0,2.400800952904798e-44,9959.330658107141,0.9964229611556856,-1.1393865266039499e-23
1028940,0.0,2.2206862468189091e-44,9959.330658107117,0.9964229611556858,-1.0828701888519974e-23
1029000,0.0,2.040509975717036e-44,9959.330658107096,0.9964229611556862,-1.0263445448596535e-23
1029060,0.0,1.86027213959918e-44,9959.330658107072,0.9964229611556864,-9.698095946269183e-24
1029120,0.0,1.67997273846534e-44,9959.330658107048,0.9964229611556866,-9.132653381537916e-24
1029180,0.0,1.4996117723155168e-44,9959.330658107026,0.9964229611556868,-8.567117754402738e-24
1029240,0.0,1.31918924114971e-44,9959.330658107003,0.9964229611556871,-8.001489064863646e-24
1029300,0.0,1.13870514496792e-44,9959.33065810698,0.9964229611556873,-7.435767312920642e-24
1029360,0.0,9.581594837701462e-45,9959.330658106956,0.9964229611556876,-6.869952498573724e-24
1029420,0.0,7.77552257556389e-45,9959.330658106934,0.9964229611556878,-6.304044621822894e-24
1029480,0.0,5.968834663266484e-45,9959.33065810691,0.9964229611556881,-5.73804368266815e-24
1029540,0.0,4.161531100809243e-45,9959.330658106886,0.9964229611556883,-5.171949681109495e-24
1029600,0.0,2.3536118881921682e-45,9959.330658106863,0.9964229611556885,-4.605762617146926e-24
1029660,0.0,5.450770254152576e-46,9959.330658106841,0.9964229611556888,-4.039482490780443e-24
1029720,0.0,-1.2640734875214873e-45,9959.330658106817,0.9964229611556891,-3.473109302010048e-24
1029780,0.0,-3.0738396506180667e-45,9959.330658106794,0.9964229611556893,-2.9066430508357403e-24
1029840,0.0,3.0297770253101624e-44,9959.330658071081,0.9964229611560624,8.579449287090242e-22
1029900,0.0,3.0292649554869247e-44,9959.330658071087,0.9964229611560624,8.578001865615353e-22
1029960,0.0,3.028752885663687e-44,9959.330658071092,0.9964229611560623,8.576554444140466e-22
1030020,0.0,3.028240815840449e-44,9959.330658071098,0.9964229611560622,8.57510702266558e-22
1030080,0.0,3.027728746017211e-44,9959.330658071105,0.9964229611560622,8.573659601190692e-22
1030140,0.0,3.027216676193973e-44,9959.33065807111,0.9964229611560621,8.572212179715803e-22
1030200,0.0,3.0267046063707353e-44,9959.330658071116,0.9964229611560621,8.570764758240917e-22
1030260,0.0,3.0261925365474976e-44,9959.330658071121,0.996422961156062,8.569317336766028e-22
1030320,0.0,3.02568046672426e-44,9959.330658071129,0.996422961156062,8.56786991529114e-22
1030380,0.0,3.025168396901022e-44,9959.330658071134,0.9964229611560619,8.566422493816254e-22
1030440,0.0,3.0246563270777836e-44,9959.33065807114,0.9964229611560619,8.564975072341365e-22
1030500,0.0,3.024144257254546e-44,9959.330658071145,0.9964229611560618,8.563527650866478e-22
1030560,0.0,3.0236321874313083e-44,9959.33065807115,0.9964229611560617,8.562080229391591e-22
1030620,0.0,3.0231201176080706e-44,9959.330658071158,0.9964229611560617,8.560632807916702e-22
1030680,0.0,3.022608047784833e-44,9959.330658071163,0.9964229611560615,8.559185386441815e-22
1030740,0.0,3.0220959779615947e-44,9959.330658071169,0.9964229611560615,8.557737964966927e-22
1030800,0.0,3.0215839081383565e-44,9959.330658071174,0.9964229611560614,8.55629054349204e-22
1030860,0.0,3.021071838315119e-44,9959.33065807118,0.9964229611560614,8.554843122017153e-22
1030920,0.0,3.020559768491881e-44,9959.330658071187,0.9964229611560613,8.553395700542266e-22
1030980,0.0,3.0200476986686435e-44,9959.330658071192,0.9964229611560613,8.551948279067377e-22
1031040,0.0,3.0195356288454053e-44,9959.330658071198,0.9964229611560612,8.550500857592488e-22
1031100,0.0,3.0190235590221677e-44,9959.330658071203,0.9964229611560612,8.549053436117601e-22
1031160,0.0,3.0185114891989295e-44,9959.33065807121,0.9964229611560611,8.547606014642714e-22
1031220,0.0,3.017999419375692e-44,9959.330658071216,0.996422961156061,8.546158593167827e-22
1031280,0.0,3.017487349552454e-44,9959.330658071221,0.996422961156061,8.544711171692939e-22
1031340,0.0,3.016975279729216e-44,9959.330658071227,0.9964229611560609,8.543263750218052e-22
1031400,0.0,3.0164632099059783e-44,9959.330658071232,0.9964229611560609,8.541816328743163e-22
1031460,0.0,3.0159511400827406e-44,9959.33065807124,0.9964229611560608,8.540368907268276e-22
1031520,0.0,3.0154390702595024e-44,9959.330658071245,0.9964229611560608,8.538921485793389e-22
1031580,0.0,3.0149270004362643e-44,9959.33065807125,0.9964229611560607,8.5374740643185e-22
1031640,0.0,3.0144149306130266e-44,9959.330658071256,0.9964229611560607,8.536026642843613e-22
1031700,0.0,3.013902860789789e-44,9959.330658071263,0.9964229611560605,8.534579221368726e-22
1031760,0.0,3.013390790966551e-44,9959.330658071269,0.9964229611560604,8.533131799893838e-22
1031820,0.0,3.0128787211433135e-44,9959.330658071274,0.9964229611560604,8.53168437841895e-22
1031880,0.0,3.0123666513200754e-44,9959.33065807128,0.9964229611560603,8.530236956944062e-22
1031940,0.0,3.011854581496837e-44,9959.330658071285,0.9964229611560603,8.528789535469175e-22
1032000,0.0,3.0113425116735995e-44,9959.330658071292,0.9964229611560602,8.527342113994288e-22
1032060,0.0,3.010830441850362e-44,9959.330658071298,0.9964229611560602,8.525894692519401e-22
1032120,0.0,3.010318372027124e-44,9959.330658071303,0.9964229611560601,8.524447271044512e-22
1032180,0.0,3.009806302203886e-44,9959.330658071309,0.9964229611560601,8.522999849569625e-22
1032240,0.0,3.0092942323806483e-44,9959.330658071314,0.99642296115606,8.521552428094736e-22
1032300,0.0,3.00878216255741e-44,9959.330658071322,0.99642296115606,8.52010500661985e-22
1032360,0.0,3.0082700927341725e-44,9959.330658071327,0.9964229611560599,8.518657585144963e-22
1032420,0.0,3.007758022910935e-44,9959.330658071332,0.9964229611560598,8.517210163670076e-22
1032480,0.0,3.0072459530876966e-44,9959.330658071338,0.9964229611560598,8.515762742195187e-22
1032540,0.0,3.006733883264459e-44,9959.330658071345,0.9964229611560597,8.5143153207203e-22
1032600,0.0,3.0062218134412212e-44,9959.33065807135,0.9964229611560597,8.512867899245411e-22
1032660,0.0,3.0057097436179836e-44,9959.330658071356,0.9964229611560596,8.511420477770524e-22
1032720,0.0,3.0051976737947454e-44,9959.330658071362,0.9964229611560596,8.509973056295637e-22
1032780,0.0,3.004685603971507e-44,9959.330658071367,0.9964229611560594,8.508525634820748e-22
1032840,0.0,3.0041735341482695e-44,9959.330658071374,0.9964229611560594,8.507078213345862e-22
1032900,0.0,3.003661464325032e-44,9959.33065807138,0.9964229611560593,8.505630791870975e-22
1032960,0.0,3.003149394501794e-44,9959.330658071385,0.9964229611560592,8.504183370396086e-22
1033020,0.0,3.0026373246785565e-44,9959.33065807139,0.9964229611560592,8.502735948921199e-22
1033080,0.0,3.002125254855318e-44,9959.330658071396,0.9964229611560591,8.50128852744631e-22
1033140,0.0,3.00161318503208e-44,9959.330658071403,0.9964229611560591,8.499841105971423e-22
1033200,0.0,3.0011011152088425e-44,9959.330658071409,0.996422961156059,8.498393684496536e-22
1033260,0.0,3.000589045385605e-44,9959.330658071414,0.996422961156059,8.49694626302165e-22
1033320,0.0,3.000076975562367e-44,9959.33065807142,0.9964229611560589,8.49549884154676e-22
1033380,0.0,2.999564905739129e-44,9959.330658071427,0.9964229611560589,8.494051420071872e-22
1033440,0.0,2.9990528359158913e-44,9959.330658071432,0.9964229611560588,8.492603998596985e-22
1033500,0.0,2.998540766092653e-44,9959.330658071438,0.9964229611560587,8.491156577122098e-22
1033560,0.0,2.9980286962694154e-44,9959.330658071443,0.9964229611560587,8.48970915564721e-22
1033620,0.0,2.9975166264461773e-44,9959.330658071449,0.9964229611560586,8.488261734172322e-22
1033680,0.0,2.9970045566229396e-44,9959.330658071456,0.9964229611560586,8.486814312697435e-22
1033740,0.0,2.996492486799702e-44,9959.330658071462,0.9964229611560584,8.485366891222546e-22
1033800,0.0,2.995980416976464e-44,9959.330658071467,0.9964229611560584,8.48391946974766e-22
1033860,0.0,2.995468347153226e-44,9959.330658071472,0.9964229611560583,8.482472048272772e-22
1033920,0.0,2.994956277329988e-44,9959.330658071478,0.9964229611560583,8.481024626797884e-22
1033980,0.0,2.99444420750675e-44,9959.330658071485,0.9964229611560582,8.479577205322997e-22
1034040,0.0,2.9939321376835125e-44,9959.33065807149,0.9964229611560582,8.47812978384811e-22
1034100,0.0,2.993420067860275e-44,9959.330658071496,0.9964229611560581,8.476682362373221e-22
1034160,0.0,2.992907998037037e-44,9959.330658071502,0.996422961156058,8.475234940898334e-22
1034220,0.0,2.992395928213799e-44,9959.330658071509,0.996422961156058,8.473787519423445e-22
1034280,0.0,2.991883858390561e-44,9959.330658071514,0.9964229611560579,8.472340097948558e-22
1034340,0.0,2.991371788567323e-44,9959.33065807152,0.9964229611560579,8.470892676473671e-22
1034400,0.0,2.9908597187440855e-44,9959.330658071525,0.9964229611560578,8.4694452549987835e-22
1034460,0.0,2.990347648920848e-44,9959.33065807153,0.9964229611560578,8.467997833523897e-22
1034520,0.0,2.9898355790976096e-44,9959.330658071538,0.9964229611560577,8.466550412049008e-22
1034580,0.0,2.989323509274372e-44,9959.330658071543,0.9964229611560577,8.465102990574121e-22
1034640,0.0,2.9888114394511337e-44,9959.330658071549,0.9964229611560576,8.463655569099233e-22
1034700,0.0,2.988299369627896e-44,9959.330658071554,0.9964229611560574,8.462208147624346e-22
1034760,0.0,2.9877872998046584e-44,9959.330658071562,0.9964229611560574,8.460760726149458e-22
1034820,0.0,2.98727522998142e-44,9959.330658071567,0.9964229611560573,8.459313304674569e-22
1034880,0.0,2.9867631601581825e-44,9959.330658071573,0.9964229611560573,8.457865883199682e-22
1034940,0.0,2.986251090334945e-44,9959.330658071578,0.9964229611560572,8.4564184617247955e-22
1035000,0.0,2.9857390205117067e-44,9959.330658071583,0.9964229611560572,8.454971040249908e-22
1035060,0.0,2.985226950688469e-44,9959.33065807159,0.9964229611560571,8.453523618775021e-22
1035120,0.0,2.984714880865231e-44,9959.330658071596,0.9964229611560571,8.452076197300132e-22
1035180,0.0,2.984202811041993e-44,9959.330658071602,0.996422961156057,8.450628775825244e-22
1035240,0.0,2.9836907412187555e-44,9959.330658071607,0.996422961156057,8.449181354350357e-22
1035300,0.0,2.983178671395518e-44,9959.330658071613,0.9964229611560569,8.44773393287547e-22
1035360,0.0,2.9826666015722796e-44,9959.33065807162,0.9964229611560568,8.446286511400582e-22
1035420,0.0,2.9821545317490415e-44,9959.330658071625,0.9964229611560568,8.4448390899256935e-22
1035480,0.0,2.981642461925804e-44,9959.33065807163,0.9964229611560567,8.443391668450807e-22
1035540,0.0,2.981130392102566e-44,9959.330658071636,0.9964229611560567,8.441944246975919e-22
1035600,0.0,2.9806183222793284e-44,9959.330658071643,0.9964229611560566,8.440496825501032e-22
1035660,0.0,2.9801062524560902e-44,9959.330658071649,0.9964229611560566,8.439049404026143e-22
1035720,0.0,2.9795941826328526e-44,9959.330658071654,0.9964229611560564,8.437601982551256e-22
1035780,0.0,2.9790821128096144e-44,9959.33065807166,0.9964229611560564,8.436154561076368e-22
1035840,0.0,2.9785700429863767e-44,9959.330658071665,0.9964229611560563,8.434707139601481e-22
1035900,0.0,2.978057973163139e-44,9959.330658071673,0.9964229611560562,8.433259718126593e-22
1035960,0.0,2.977545903339901e-44,9959.330658071678,0.9964229611560562,8.4318122966517055e-22
1036020,0.0,2.977033833516663e-44,9959.330658071684,0.9964229611560561,8.430364875176818e-22
1036080,0.0,2.9765217636934255e-44,9959.330658071689,0.9964229611560561,8.428917453701931e-22
1036140,0.0,2.9760096938701873e-44,9959.330658071694,0.996422961156056,8.427470032227043e-22
1036200,0.0,2.9754976240469497e-44,9959.330658071702,0.996422961156056,8.426022610752156e-22
1036260,0.0,2.9749855542237115e-44,9959.330658071707,0.9964229611560559,8.424575189277267e-22
1036320,0.0,2.974473484400474e-44,9959.330658071713,0.9964229611560559,8.42312776780238e-22
1036380,0.0,2.973961414577236e-44,9959.330658071718,0.9964229611560558,8.421680346327492e-22
1036440,0.0,2.9734493447539985e-44,9959.330658071725,0.9964229611560558,8.420232924852605e-22
1036500,0.0,2.9729372749307603e-44,9959.33065807173,0.9964229611560557,8.4187855033777175e-22
1036560,0.0,2.972425205107522e-44,9959.330658071736,0.9964229611560556,8.41733808190283e-22
1036620,0.0,2.9719131352842844e-44,9959.330658071742,0.9964229611560556,8.415890660427942e-22
1036680,0.0,2.9714010654610467e-44,9959.330658071747,0.9964229611560554,8.414443238953055e-22
1036740,0.0,2.970888995637809e-44,9959.330658071754,0.9964229611560554,8.412995817478167e-22
1036800,0.0,2.9703769258145714e-44,9959.33065807176,0.9964229611560553,8.41154839600328e-22
1036860,0.0,2.969864855991333e-44,9959.330658071765,0.9964229611560553,8.410100974528391e-22
1036920,0.0,2.969352786168095e-44,9959.33065807177,0.9964229611560552,8.408653553053504e-22
1036980,0.0,2.9688407163448574e-44,9959.330658071776,0.9964229611560552,8.407206131578616e-22
1037040,0.0,2.9683286465216197e-44,9959.330658071784,0.9964229611560551,8.405758710103729e-22
1037100,0.0,2.967816576698382e-44,9959.330658071789,0.996422961156055,8.404311288628842e-22
1037160,0.0,2.967304506875144e-44,9959.330658071794,0.996422961156055,8.402863867153953e-22
1037220,0.0,2.966792437051906e-44,9959.3306580718,0.9964229611560549,8.401416445679066e-22
1037280,0.0,2.966280367228668e-44,9959.330658071807,0.9964229611560549,8.399969024204179e-22
1037340,0.0,2.9657682974054303e-44,9959.330658071813,0.9964229611560548,8.398521602729291e-22
1037400,0.0,2.965256227582192e-44,9959.330658071818,0.9964229611560548,8.397074181254402e-22
1037460,0.0,2.9647441577589545e-44,9959.330658071824,0.9964229611560547,8.395626759779515e-22
1037520,0.0,2.964232087935717e-44,9959.330658071829,0.9964229611560547,8.394179338304627e-22
1037580,0.0,2.963720018112479e-44,9959.330658071836,0.9964229611560546,8.3927319168297405e-22
1037640,0.0,2.963207948289241e-44,9959.330658071842,0.9964229611560546,8.391284495354854e-22
1037700,0.0,2.9626958784660027e-44,9959.330658071847,0.9964229611560544,8.389837073879965e-22
1037760,0.0,2.962183808642765e-44,9959.330658071853,0.9964229611560543,8.388389652405077e-22
1037820,0.0,2.9616717388195274e-44,9959.33065807186,0.9964229611560543,8.38694223093019e-22
1037880,0.0,2.9611596689962897e-44,9959.330658071865,0.9964229611560542,8.385494809455302e-22
1037940,0.0,2.960647599173052e-44,9959.33065807187,0.9964229611560542,8.384047387980415e-22
1038000,0.0,2.960135529349814e-44,9959.330658071876,0.9964229611560541,8.382599966505526e-22
1038060,0.0,2.9596234595265757e-44,9959.330658071882,0.9964229611560541,8.381152545030639e-22
1038120,0.0,2.959111389703338e-44,9959.330658071889,0.996422961156054,8.379705123555752e-22
1038180,0.0,2.9585993198801003e-44,9959.330658071895,0.996422961156054,8.378257702080865e-22
1038240,0.0,2.9580872500568627e-44,9959.3306580719,0.9964229611560539,8.376810280605977e-22
1038300,0.0,2.9575751802336245e-44,9959.330658071905,0.9964229611560538,8.375362859131089e-22
1038360,0.0,2.957063110410387e-44,9959.33065807191,0.9964229611560538,8.373915437656201e-22
1038420,0.0,2.9565510405871486e-44,9959.330658071918,0.9964229611560537,8.372468016181314e-22
1038480,0.0,2.956038970763911e-44,9959.330658071924,0.9964229611560537,8.371020594706426e-22
1038540,0.0,2.9555269009406733e-44,9959.330658071929,0.9964229611560536,8.369573173231539e-22
1038600,0.0,2.955014831117435e-44,9959.330658071935,0.9964229611560536,8.3681257517566505e-22
1038660,0.0,2.9545027612941974e-44,9959.330658071942,0.9964229611560534,8.366678330281764e-22
1038720,0.0,2.9539906914709597e-44,9959.330658071947,0.9964229611560534,8.365230908806876e-22
1038780,0.0,2.953478621647722e-44,9959.330658071953,0.9964229611560533,8.363783487331989e-22
1038840,0.0,2.952966551824484e-44,9959.330658071958,0.9964229611560532,8.362336065857101e-22
1038900,0.0,2.9524544820012457e-44,9959.330658071964,0.9964229611560532,8.360888644382213e-22
1038960,0.0,2.951942412178008e-44,9959.33065807197,0.9964229611560531,8.359441222907325e-22
1039020,0.0,2.9514303423547704e-44,9959.330658071976,0.9964229611560531,8.357993801432438e-22
1039080,0.0,2.9509182725315327e-44,9959.330658071982,0.996422961156053,8.35654637995755e-22
1039140,0.0,2.950406202708295e-44,9959.330658071987,0.996422961156053,8.355098958482663e-22
1039200,0.0,2.949894132885057e-44,9959.330658071993,0.9964229611560529,8.353651537007775e-22
1039260,0.0,2.9493820630618187e-44,9959.330658072,0.9964229611560529,8.352204115532888e-22
1039320,0.0,2.948869993238581e-44,9959.330658072005,0.9964229611560528,8.350756694058e-22
1039380,0.0,2.9483579234153433e-44,9959.330658072011,0.9964229611560528,8.349309272583113e-22
1039440,0.0,2.947845853592105e-44,9959.330658072016,0.9964229611560527,8.347861851108224e-22
1039500,0.0,2.9473337837688675e-44,9959.330658072024,0.9964229611560526,8.346414429633336e-22
1039560,0.0,2.94682171394563e-44,9959.33065807203,0.9964229611560526,8.344967008158449e-22
1039620,0.0,2.9463096441223916e-44,9959.330658072035,0.9964229611560524,8.343519586683562e-22
1039680,0.0,2.945797574299154e-44,9959.33065807204,0.9964229611560524,8.3420721652086745e-22
1039740,0.0,2.9452855044759157e-44,9959.330658072045,0.9964229611560523,8.340624743733786e-22
1039800,0.0,2.944773434652678e-44,9959.330658072053,0.9964229611560523,8.339177322258899e-22
1039860,0.0,2.9442613648294404e-44,9959.330658072058,0.9964229611560522,8.337729900784011e-22
1039920,0.0,2.9437492950062027e-44,9959.330658072064,0.9964229611560522,8.336282479309124e-22
1039980,0.0,2.9432372251829645e-44,9959.33065807207,0.9964229611560521,8.334835057834237e-22
1040040,0.0,2.9427251553597264e-44,9959.330658072075,0.996422961156052,8.333387636359348e-22
1040100,0.0,2.9422130855364887e-44,9959.330658072082,0.996422961156052,8.33194021488446e-22
1040160,0.0,2.941701015713251e-44,9959.330658072087,0.9964229611560519,8.330492793409573e-22
1040220,0.0,2.9411889458900133e-44,9959.330658072093,0.9964229611560519,8.329045371934686e-22
1040280,0.0,2.9406768760667757e-44,9959.330658072098,0.9964229611560518,8.327597950459799e-22
1040340,0.0,2.9401648062435375e-44,9959.330658072106,0.9964229611560518,8.32615052898491e-22
1040400,0.0,2.9396527364202993e-44,9959.330658072111,0.9964229611560517,8.324703107510023e-22
1040460,0.0,2.9391406665970616e-44,9959.330658072116,0.9964229611560517,8.323255686035135e-22
1040520,0.0,2.938628596773824e-44,9959.330658072122,0.9964229611560516,8.321808264560248e-22
1040580,0.0,2.9381165269505863e-44,9959.330658072127,0.9964229611560516,8.32036084308536e-22
1040640,0.0,2.937604457127348e-44,9959.330658072135,0.9964229611560514,8.318913421610472e-22
1040700,0.0,2.9370923873041104e-44,9959.33065807214,0.9964229611560513,8.317466000135584e-22
1040760,0.0,2.936580317480872e-44,9959.330658072146,0.9964229611560513,8.316018578660698e-22
1040820,0.0,2.9360682476576346e-44,9959.330658072151,0.9964229611560512,8.31457115718581e-22
1040880,0.0,2.935556177834397e-44,9959.330658072158,0.9964229611560512,8.313123735710923e-22
1040940,0.0,2.9350441080111587e-44,9959.330658072164,0.9964229611560511,8.311676314236034e-22
1041000,0.0,2.934532038187921e-44,9959.33065807217,0.9964229611560511,8.310228892761147e-22
1041060,0.0,2.9340199683646834e-44,9959.330658072175,0.996422961156051,8.308781471286259e-22
1041120,0.0,2.933507898541445e-44,9959.33065807218,0.996422961156051,8.307334049811372e-22
1041180,0.0,2.9329958287182075e-44,9959.330658072187,0.9964229611560509,8.305886628336484e-22
1041240,0.0,2.9324837588949693e-44,9959.330658072193,0.9964229611560508,8.304439206861596e-22
1041300,0.0,2.9319716890717317e-44,9959.330658072198,0.9964229611560508,8.302991785386709e-22
1041360,0.0,2.931459619248494e-44,9959.330658072204,0.9964229611560507,8.301544363911822e-22
1041420,0.0,2.9309475494252563e-44,9959.33065807221,0.9964229611560507,8.300096942436934e-22
1041480,0.0,2.930435479602018e-44,9959.330658072216,0.9964229611560506,8.298649520962046e-22
1041540,0.0,2.92992340977878e-44,9959.330658072222,0.9964229611560506,8.297202099487158e-22
1041600,0.0,2.9294113399555423e-44,9959.330658072227,0.9964229611560504,8.295754678012271e-22
1041660,0.0,2.9288992701323046e-44,9959.330658072233,0.9964229611560504,8.294307256537383e-22
1041720,0.0,2.928387200309067e-44,9959.33065807224,0.9964229611560503,8.292859835062496e-22
1041780,0.0,2.9278751304858287e-44,9959.330658072246,0.9964229611560503,8.2914124135876075e-22
1041840,0.0,2.927363060662591e-44,9959.330658072251,0.9964229611560502,8.28996499211272e-22
1041900,0.0,2.926850990839353e-44,9959.330658072256,0.9964229611560501,8.288517570637833e-22
1041960,0.0,2.926338921016115e-44,9959.330658072262,0.9964229611560501,8.287070149162946e-22
1042020,0.0,2.9258268511928775e-44,9959.33065807227,0.99642296115605,8.285622727688058e-22
1042080,0.0,2.9253147813696394e-44,9959.330658072275,0.99642296115605,8.284175306213169e-22
1042140,0.0,2.9248027115464017e-44,9959.33065807228,0.9964229611560499,8.282727884738282e-22
1042200,0.0,2.924290641723164e-44,9959.330658072286,0.9964229611560499,8.281280463263394e-22
1042260,0.0,2.923778571899926e-44,9959.330658072291,0.9964229611560498,8.279833041788507e-22
1042320,0.0,2.923266502076688e-44,9959.330658072298,0.9964229611560498,8.27838562031362e-22
1042380,0.0,2.92275443225345e-44,9959.330658072304,0.9964229611560497,8.276938198838732e-22
1042440,0.0,2.9222423624302123e-44,9959.33065807231,0.9964229611560496,8.275490777363844e-22
1042500,0.0,2.9217302926069746e-44,9959.330658072315,0.9964229611560496,8.274043355888957e-22
1042560,0.0,2.921218222783737e-44,9959.330658072322,0.9964229611560494,8.272595934414069e-22
1042620,0.0,2.920706152960499e-44,9959.330658072327,0.9964229611560494,8.271148512939182e-22
1042680,0.0,2.9201940831372606e-44,9959.330658072333,0.9964229611560493,8.269701091464293e-22
1042740,0.0,2.919682013314023e-44,9959.330658072338,0.9964229611560493,8.268253669989406e-22
1042800,0.0,2.919169943490785e-44,9959.330658072344,0.9964229611560492,8.266806248514518e-22
1042860,0.0,2.9186578736675476e-44,9959.330658072351,0.9964229611560492,8.2653588270396315e-22
1042920,0.0,2.91814580384431e-44,9959.330658072357,0.9964229611560491,8.263911405564744e-22
1042980,0.0,2.9176337340210717e-44,9959.330658072362,0.9964229611560491,8.262463984089856e-22
1043040,0.0,2.9171216641978335e-44,9959.330658072367,0.996422961156049,8.261016562614968e-22
1043100,0.0,2.916609594374596e-44,9959.330658072373,0.9964229611560489,8.259569141140081e-22
1043160,0.0,2.916097524551358e-44,9959.33065807238,0.9964229611560489,8.258121719665193e-22
1043220,0.0,2.9155854547281205e-44,9959.330658072386,0.9964229611560488,8.256674298190306e-22
1043280,0.0,2.9150733849048823e-44,9959.330658072391,0.9964229611560488,8.255226876715417e-22
1043340,0.0,2.9145613150816447e-44,9959.330658072397,0.9964229611560487,8.25377945524053e-22
1043400,0.0,2.9140492452584065e-44,9959.330658072404,0.9964229611560487,8.252332033765643e-22
1043460,0.0,2.913537175435169e-44,9959.33065807241,0.9964229611560486,8.250884612290756e-22
1043520,0.0,2.9130251056119306e-44,9959.330658072415,0.9964229611560486,8.249437190815867e-22
1043580,0.0,2.912513035788693e-44,9959.33065807242,0.9964229611560484,8.24798976934098e-22
1043640,0.0,2.9120009659654553e-44,9959.330658072426,0.9964229611560483,8.246542347866092e-22
1043700,0.0,2.9114888961422176e-44,9959.330658072433,0.9964229611560483,8.245094926391205e-22
1043760,0.0,2.9109768263189794e-44,9959.330658072438,0.9964229611560482,8.243647504916317e-22
1043820,0.0,2.910464756495741e-44,9959.330658072444,0.9964229611560482,8.242200083441429e-22
1043880,0.0,2.9099526866725036e-44,9959.33065807245,0.9964229611560481,8.2407526619665415e-22
1043940,0.0,2.909440616849266e-44,9959.330658072457,0.9964229611560481,8.239305240491655e-22
1044000,0.0,2.908928547026028e-44,9959.330658072462,0.996422961156048,8.237857819016767e-22
1044060,0.0,2.9084164772027905e-44,9959.330658072467,0.996422961156048,8.23641039754188e-22
1044120,0.0,2.9079044073795524e-44,9959.330658072473,0.9964229611560479,8.234962976066991e-22
1044180,0.0,2.907392337556314e-44,9959.330658072478,0.9964229611560478,8.233515554592103e-22
1044240,0.0,2.9068802677330765e-44,9959.330658072486,0.9964229611560478,8.232068133117216e-22
1044300,0.0,2.906368197909839e-44,9959.330658072491,0.9964229611560477,8.230620711642329e-22
1044360,0.0,2.905856128086601e-44,9959.330658072497,0.9964229611560477,8.229173290167441e-22
1044420,0.0,2.905344058263363e-44,9959.330658072502,0.9964229611560476,8.2277258686925525e-22
1044480,0.0,2.9048319884401253e-44,9959.330658072508,0.9964229611560476,8.226278447217666e-22
1044540,0.0,2.9043199186168876e-44,9959.330658072515,0.9964229611560474,8.224831025742778e-22
1044600,0.0,2.9038078487936494e-44,9959.33065807252,0.9964229611560474,8.223383604267891e-22
1044660,0.0,2.903295778970412e-44,9959.330658072526,0.9964229611560473,8.221936182793004e-22
1044720,0.0,2.9027837091471736e-44,9959.330658072531,0.9964229611560473,8.220488761318115e-22
1044780,0.0,2.902271639323936e-44,9959.330658072538,0.9964229611560472,8.219041339843227e-22
1044840,0.0,2.901759569500698e-44,9959.330658072544,0.9964229611560471,8.21759391836834e-22
1044900,0.0,2.9012474996774606e-44,9959.33065807255,0.9964229611560471,8.216146496893452e-22
1044960,0.0,2.9007354298542224e-44,9959.330658072555,0.996422961156047,8.214699075418565e-22
1045020,0.0,2.900223360030984e-44,9959.33065807256,0.996422961156047,8.213251653943677e-22
1045080,0.0,2.8997112902077465e-44,9959.330658072568,0.9964229611560469,8.21180423246879e-22
1045140,0.0,2.899199220384509e-44,9959.330658072573,0.9964229611560469,8.210356810993902e-22
1045200,0.0,2.898687150561271e-44,9959.330658072578,0.9964229611560468,8.208909389519015e-22
1045260,0.0,2.8981750807380335e-44,9959.330658072584,0.9964229611560468,8.207461968044127e-22
1045320,0.0,2.8976630109147953e-44,9959.33065807259,0.9964229611560467,8.206014546569239e-22
1045380,0.0,2.897150941091557e-44,9959.330658072597,0.9964229611560466,8.204567125094351e-22
1045440,0.0,2.8966388712683195e-44,9959.330658072602,0.9964229611560466,8.203119703619464e-22
1045500,0.0,2.896126801445082e-44,9959.330658072608,0.9964229611560464,8.2016722821445765e-22
1045560,0.0,2.8956147316218436e-44,9959.330658072613,0.9964229611560464,8.200224860669689e-22
1045620,0.0,2.895102661798606e-44,9959.33065807262,0.9964229611560463,8.198777439194801e-22
1045680,0.0,2.8945905919753683e-44,9959.330658072626,0.9964229611560463,8.197330017719914e-22
1045740,0.0,2.89407852215213e-44,9959.330658072631,0.9964229611560462,8.195882596245026e-22
1045800,0.0,2.8935664523288924e-44,9959.330658072637,0.9964229611560462,8.194435174770139e-22
1045860,0.0,2.893054382505654e-44,9959.330658072642,0.9964229611560461,8.19298775329525e-22
1045920,0.0,2.8925423126824166e-44,9959.33065807265,0.9964229611560461,8.191540331820363e-22
1045980,0.0,2.892030242859179e-44,9959.330658072655,0.996422961156046,8.190092910345475e-22
1046040,0.0,2.891518173035941e-44,9959.33065807266,0.9964229611560459,8.1886454888705885e-22
1046100,0.0,2.891006103212703e-44,9959.330658072666,0.9964229611560459,8.187198067395701e-22
1046160,0.0,2.890494033389465e-44,9959.330658072671,0.9964229611560458,8.185750645920813e-22
1046220,0.0,2.889981963566227e-44,9959.330658072678,0.9964229611560458,8.184303224445925e-22
1046280,0.0,2.8894698937429895e-44,9959.330658072684,0.9964229611560457,8.182855802971038e-22
1046340,0.0,2.888957823919752e-44,9959.33065807269,0.9964229611560457,8.18140838149615e-22
1046400,0.0,2.888445754096514e-44,9959.330658072695,0.9964229611560456,8.179960960021263e-22
1046460,0.0,2.887933684273276e-44,9959.330658072702,0.9964229611560456,8.178513538546374e-22
1046520,0.0,2.887421614450038e-44,9959.330658072708,0.9964229611560455,8.1770661170714865e-22
1046580,0.0,2.8869095446268e-44,9959.330658072713,0.9964229611560453,8.1756186955966e-22
1046640,0.0,2.8863974748035624e-44,9959.330658072719,0.9964229611560453,8.174171274121713e-22
1046700,0.0,2.885885404980325e-44,9959.330658072724,0.9964229611560452,8.172723852646825e-22
1046760,0.0,2.8853733351570866e-44,9959.330658072731,0.9964229611560452,8.171276431171936e-22
1046820,0.0,2.884861265333849e-44,9959.330658072737,0.9964229611560451,8.169829009697049e-22
1046880,0.0,2.8843491955106107e-44,9959.330658072742,0.9964229611560451,8.168381588222161e-22
1046940,0.0,2.883837125687373e-44,9959.330658072748,0.996422961156045,8.166934166747274e-22
1047000,0.0,2.8833250558641354e-44,9959.330658072755,0.996422961156045,8.165486745272387e-22
1047060,0.0,2.882812986040897e-44,9959.33065807276,0.9964229611560449,8.1640393237974985e-22
1047120,0.0,2.8823009162176595e-44,9959.330658072766,0.9964229611560449,8.162591902322611e-22
1047180,0.0,2.881788846394422e-44,9959.330658072771,0.9964229611560448,8.161144480847724e-22
1047240,0.0,2.8812767765711837e-44,9959.330658072777,0.9964229611560447,8.159697059372836e-22
1047300,0.0,2.880764706747946e-44,9959.330658072784,0.9964229611560447,8.158249637897949e-22
1047360,0.0,2.880252636924708e-44,9959.33065807279,0.9964229611560446,8.15680221642306e-22
1047420,0.0,2.87974056710147e-44,9959.330658072795,0.9964229611560446,8.155354794948173e-22
1047480,0.0,2.8792284972782325e-44,9959.3306580728,0.9964229611560445,8.153907373473285e-22
1047540,0.0,2.878716427454995e-44,9959.330658072806,0.9964229611560445,8.152459951998398e-22
1047600,0.0,2.8782043576317566e-44,9959.330658072813,0.9964229611560443,8.15101253052351e-22
1047660,0.0,2.8776922878085184e-44,9959.330658072819,0.9964229611560443,8.149565109048623e-22
1047720,0.0,2.877180217985281e-44,9959.330658072824,0.9964229611560442,8.148117687573735e-22
1047780,0.0,2.876668148162043e-44,9959.33065807283,0.9964229611560441,8.146670266098848e-22
1047840,0.0,2.8761560783388054e-44,9959.330658072837,0.9964229611560441,8.14522284462396e-22
1047900,0.0,2.875644008515567e-44,9959.330658072842,0.996422961156044,8.143775423149072e-22
1047960,0.0,2.8751319386923296e-44,9959.330658072848,0.996422961156044,8.142328001674184e-22
1048020,0.0,2.8746198688690914e-44,9959.330658072853,0.9964229611560439,8.140880580199297e-22
1048080,0.0,2.8741077990458537e-44,9959.330658072859,0.9964229611560439,8.139433158724409e-22
1048140,0.0,2.873595729222616e-44,9959.330658072866,0.9964229611560438,8.1379857372495225e-22
1048200,0.0,2.873083659399378e-44,9959.330658072871,0.9964229611560438,8.136538315774634e-22
1048260,0.0,2.87257158957614e-44,9959.330658072877,0.9964229611560437,8.135090894299747e-22
1048320,0.0,2.8720595197529025e-44,9959.330658072882,0.9964229611560437,8.133643472824859e-22
1048380,0.0,2.8715474499296643e-44,9959.330658072888,0.9964229611560436,8.132196051349972e-22
1048440,0.0,2.8710353801064267e-44,9959.330658072895,0.9964229611560435,8.130748629875084e-22
1048500,0.0,2.8705233102831885e-44,9959.3306580729,0.9964229611560435,8.129301208400196e-22
1048560,0.0,2.870011240459951e-44,9959.330658072906,0.9964229611560433,8.127853786925308e-22
1048620,0.0,2.869499170636713e-44,9959.330658072911,0.9964229611560433,8.126406365450421e-22
1048680,0.0,2.8689871008134754e-44,9959.330658072919,0.9964229611560432,8.1249589439755335e-22
1048740,0.0,2.8684750309902373e-44,9959.330658072924,0.9964229611560432,8.123511522500647e-22
1048800,0.0,2.867962961166999e-44,9959.33065807293,0.9964229611560431,8.122064101025758e-22
1048860,0.0,2.8674508913437614e-44,9959.330658072935,0.9964229611560431,8.12061667955087e-22
1048920,0.0,2.8669388215205237e-44,9959.33065807294,0.996422961156043,8.119169258075983e-22
1048980,0.0,2.866426751697286e-44,9959.330658072948,0.9964229611560429,8.117721836601096e-22
1049040,0.0,2.8659146818740484e-44,9959.330658072953,0.9964229611560429,8.116274415126208e-22
1049100,0.0,2.86540261205081e-44,9959.330658072959,0.9964229611560428,8.114826993651319e-22
1049160,0.0,2.864890542227572e-44,9959.330658072964,0.9964229611560428,8.113379572176432e-22
1049220,0.0,2.8643784724043344e-44,9959.33065807297,0.9964229611560427,8.111932150701545e-22
1049280,0.0,2.8638664025810967e-44,9959.330658072977,0.9964229611560427,8.110484729226658e-22
1049340,0.0,2.8633543327578585e-44,9959.330658072982,0.9964229611560426,8.109037307751769e-22
1049400,0.0,2.862842262934621e-44,9959.330658072988,0.9964229611560426,8.107589886276882e-22
1049460,0.0,2.862330193111383e-44,9959.330658072993,0.9964229611560425,8.106142464801994e-22
1049520,0.0,2.861818123288145e-44,9959.330658073,0.9964229611560423,8.104695043327107e-22
1049580,0.0,2.8613060534649073e-44,9959.330658073006,0.9964229611560423,8.103247621852219e-22
1049640,0.0,2.860793983641669e-44,9959.330658073011,0.9964229611560422,8.101800200377331e-22
1049700,0.0,2.8602819138184314e-44,9959.330658073017,0.9964229611560422,8.1003527789024435e-22
1049760,0.0,2.859769843995194e-44,9959.330658073022,0.9964229611560421,8.098905357427557e-22
1049820,0.0,2.859257774171956e-44,9959.33065807303,0.9964229611560421,8.097457935952669e-22
1049880,0.0,2.8587457043487184e-44,9959.330658073035,0.996422961156042,8.096010514477782e-22
1049940,0.0,2.8582336345254797e-44,9959.33065807304,0.996422961156042,8.094563093002893e-22
1050000,0.0,2.857721564702242e-44,9959.330658073046,0.9964229611560419,8.093115671528006e-22
1050060,0.0,2.8572094948790044e-44,9959.330658073053,0.9964229611560419,8.091668250053118e-22
1050120,0.0,2.8566974250557667e-44,9959.330658073059,0.9964229611560418,8.090220828578231e-22
1050180,0.0,2.856185355232529e-44,9959.330658073064,0.9964229611560417,8.088773407103343e-22
1050240,0.0,2.855673285409291e-44,9959.33065807307,0.9964229611560417,8.0873259856284555e-22
1050300,0.0,2.8551612155860527e-44,9959.330658073075,0.9964229611560416,8.085878564153568e-22
1050360,0.0,2.854649145762815e-44,9959.330658073082,0.9964229611560416,8.084431142678681e-22
1050420,0.0,2.8541370759395773e-44,9959.330658073088,0.9964229611560415,8.082983721203793e-22
1050480,0.0,2.8536250061163396e-44,9959.330658073093,0.9964229611560415,8.081536299728906e-22
1050540,0.0,2.8531129362931015e-44,9959.330658073099,0.9964229611560413,8.080088878254017e-22
1050600,0.0,2.852600866469864e-44,9959.330658073104,0.9964229611560413,8.07864145677913e-22
1050660,0.0,2.852088796646626e-44,9959.330658073111,0.9964229611560412,8.077194035304242e-22
1050720,0.0,2.851576726823388e-44,9959.330658073117,0.9964229611560411,8.075746613829355e-22
1050780,0.0,2.8510646570001503e-44,9959.330658073122,0.9964229611560411,8.0742991923544675e-22
1050840,0.0,2.850552587176912e-44,9959.330658073128,0.996422961156041,8.07285177087958e-22
1050900,0.0,2.8500405173536744e-44,9959.330658073135,0.996422961156041,8.071404349404692e-22
1050960,0.0,2.8495284475304367e-44,9959.33065807314,0.9964229611560409,8.069956927929805e-22
1051020,0.0,2.849016377707199e-44,9959.330658073146,0.9964229611560409,8.068509506454917e-22
1051080,0.0,2.848504307883961e-44,9959.330658073151,0.9964229611560408,8.06706208498003e-22
1051140,0.0,2.8479922380607227e-44,9959.330658073157,0.9964229611560408,8.065614663505141e-22
1051200,0.0,2.847480168237485e-44,9959.330658073164,0.9964229611560407,8.064167242030254e-22
1051260,0.0,2.8469680984142474e-44,9959.33065807317,0.9964229611560407,8.062719820555366e-22
1051320,0.0,2.8464560285910097e-44,9959.330658073175,0.9964229611560406,8.0612723990804795e-22
1051380,0.0,2.8459439587677715e-44,9959.33065807318,0.9964229611560405,8.059824977605591e-22
1051440,0.0,2.845431888944534e-44,9959.330658073186,0.9964229611560405,8.058377556130703e-22
1051500,0.0,2.8449198191212957e-44,9959.330658073193,0.9964229611560403,8.056930134655816e-22
1051560,0.0,2.844407749298058e-44,9959.330658073199,0.9964229611560403,8.055482713180928e-22
1051620,0.0,2.8438956794748203e-44,9959.330658073204,0.9964229611560402,8.054035291706041e-22
1051680,0.0,2.843383609651582e-44,9959.33065807321,0.9964229611560402,8.052587870231152e-22
1051740,0.0,2.8428715398283444e-44,9959.330658073217,0.9964229611560401,8.051140448756265e-22
1051800,0.0,2.842359470005107e-44,9959.330658073222,0.9964229611560401,8.049693027281377e-22
1051860,0.0,2.8418474001818686e-44,9959.330658073228,0.99642296115604,8.048245605806491e-22
1051920,0.0,2.841335330358631e-44,9959.330658073233,0.9964229611560399,8.046798184331603e-22
1051980,0.0,2.8408232605353927e-44,9959.330658073239,0.9964229611560399,8.045350762856715e-22
1052040,0.0,2.840311190712155e-44,9959.330658073246,0.9964229611560398,8.043903341381827e-22
1052100,0.0,2.8397991208889174e-44,9959.330658073251,0.9964229611560398,8.04245591990694e-22
1052160,0.0,2.8392870510656797e-44,9959.330658073257,0.9964229611560397,8.041008498432052e-22
1052220,0.0,2.8387749812424415e-44,9959.330658073262,0.9964229611560397,8.039561076957165e-22
1052280,0.0,2.8382629114192034e-44,9959.330658073268,0.9964229611560396,8.038113655482276e-22
1052340,0.0,2.8377508415959657e-44,9959.330658073275,0.9964229611560396,8.036666234007389e-22
1052400,0.0,2.837238771772728e-44,9959.33065807328,0.9964229611560395,8.035218812532502e-22
1052460,0.0,2.8367267019494903e-44,9959.330658073286,0.9964229611560395,8.033771391057615e-22
1052520,0.0,2.8362146321262526e-44,9959.330658073291,0.9964229611560393,8.032323969582727e-22
1052580,0.0,2.8357025623030145e-44,9959.330658073299,0.9964229611560392,8.030876548107839e-22
1052640,0.0,2.8351904924797763e-44,9959.330658073304,0.9964229611560392,8.029429126632951e-22
1052700,0.0,2.8346784226565386e-44,9959.33065807331,0.9964229611560391,8.027981705158064e-22
1052760,0.0,2.834166352833301e-44,9959.330658073315,0.9964229611560391,8.026534283683176e-22
1052820,0.0,2.8336542830100633e-44,9959.33065807332,0.996422961156039,8.025086862208289e-22
1052880,0.0,2.833142213186825e-44,9959.330658073328,0.996422961156039,8.0236394407334005e-22
1052940,0.0,2.8326301433635874e-44,9959.330658073333,0.9964229611560389,8.022192019258514e-22
1053000,0.0,2.832118073540349e-44,9959.330658073339,0.9964229611560389,8.020744597783626e-22
1053060,0.0,2.8316060037171116e-44,9959.330658073344,0.9964229611560388,8.019297176308739e-22
1053120,0.0,2.831093933893874e-44,9959.330658073352,0.9964229611560387,8.017849754833851e-22
1053180,0.0,2.8305818640706357e-44,9959.330658073357,0.9964229611560387,8.016402333358963e-22
1053240,0.0,2.830069794247398e-44,9959.330658073362,0.9964229611560386,8.014954911884075e-22
1053300,0.0,2.8295577244241604e-44,9959.330658073368,0.9964229611560386,8.013507490409188e-22
1053360,0.0,2.829045654600922e-44,9959.330658073373,0.9964229611560385,8.0120600689343e-22
1053420,0.0,2.828533584777684e-44,9959.33065807338,0.9964229611560385,8.010612647459412e-22
1053480,0.0,2.8280215149544463e-44,9959.330658073386,0.9964229611560383,8.009165225984525e-22
1053540,0.0,2.8275094451312086e-44,9959.330658073392,0.9964229611560383,8.007717804509638e-22
1053600,0.0,2.826997375307971e-44,9959.330658073397,0.9964229611560382,8.00627038303475e-22
1053660,0.0,2.8264853054847333e-44,9959.330658073402,0.9964229611560382,8.004822961559863e-22
1053720,0.0,2.825973235661495e-44,9959.33065807341,0.9964229611560381,8.003375540084974e-22
1053780,0.0,2.825461165838257e-44,9959.330658073415,0.996422961156038,8.001928118610086e-22
1053840,0.0,2.8249490960150193e-44,9959.33065807342,0.996422961156038,8.000480697135199e-22
1053900,0.0,2.8244370261917816e-44,9959.330658073426,0.9964229611560379,7.999033275660311e-22
1053960,0.0,2.823924956368544e-44,9959.330658073433,0.9964229611560379,7.9975858541854245e-22
1054020,0.0,2.8234128865453057e-44,9959.330658073439,0.9964229611560378,7.996138432710536e-22
1054080,0.0,2.822900816722068e-44,9959.330658073444,0.9964229611560378,7.994691011235649e-22
1054140,0.0,2.82238874689883e-44,9959.33065807345,0.9964229611560377,7.993243589760761e-22
1054200,0.0,2.821876677075592e-44,9959.330658073455,0.9964229611560377,7.991796168285874e-22
1054260,0.0,2.8213646072523545e-44,9959.330658073462,0.9964229611560376,7.990348746810986e-22
1054320,0.0,2.8208525374291164e-44,9959.330658073468,0.9964229611560375,7.988901325336098e-22
1054380,0.0,2.8203404676058787e-44,9959.330658073473,0.9964229611560375,7.98745390386121e-22
1054440,0.0,2.819828397782641e-44,9959.330658073479,0.9964229611560373,7.986006482386323e-22
1054500,0.0,2.819316327959403e-44,9959.330658073484,0.9964229611560373,7.984559060911436e-22
1054560,0.0,2.818804258136165e-44,9959.330658073492,0.9964229611560372,7.983111639436549e-22
1054620,0.0,2.818292188312927e-44,9959.330658073497,0.9964229611560372,7.98166421796166e-22
1054680,0.0,2.8177801184896893e-44,9959.330658073502,0.9964229611560371,7.980216796486773e-22
1054740,0.0,2.8172680486664516e-44,9959.330658073508,0.9964229611560371,7.978769375011885e-22
1054800,0.0,2.816755978843214e-44,9959.330658073515,0.996422961156037,7.977321953536998e-22
1054860,0.0,2.816243909019976e-44,9959.33065807352,0.9964229611560369,7.97587453206211e-22
1054920,0.0,2.8157318391967376e-44,9959.330658073526,0.9964229611560369,7.974427110587222e-22
1054980,0.0,2.8152197693735e-44,9959.330658073532,0.9964229611560368,7.9729796891123345e-22
1055040,0.0,2.814707699550262e-44,9959.330658073537,0.9964229611560368,7.971532267637448e-22
1055100,0.0,2.8141956297270246e-44,9959.330658073544,0.9964229611560367,7.97008484616256e-22
1055160,0.0,2.813683559903787e-44,9959.33065807355,0.9964229611560367,7.968637424687673e-22
1055220,0.0,2.8131714900805487e-44,9959.330658073555,0.9964229611560366,7.967190003212784e-22
1055280,0.0,2.8126594202573105e-44,9959.33065807356,0.9964229611560366,7.965742581737897e-22
1055340,0.0,2.812147350434073e-44,9959.330658073566,0.9964229611560365,7.964295160263009e-22
1055400,0.0,2.811635280610835e-44,9959.330658073573,0.9964229611560365,7.962847738788122e-22
1055460,0.0,2.811123210787597e-44,9959.330658073579,0.9964229611560363,7.961400317313233e-22
1055520,0.0,2.8106111409643593e-44,9959.330658073584,0.9964229611560362,7.9599528958383465e-22
1055580,0.0,2.8100990711411216e-44,9959.33065807359,0.9964229611560362,7.958505474363459e-22
1055640,0.0,2.8095870013178835e-44,9959.330658073597,0.9964229611560361,7.957058052888572e-22
1055700,0.0,2.809074931494646e-44,9959.330658073603,0.9964229611560361,7.955610631413684e-22
1055760,0.0,2.8085628616714076e-44,9959.330658073608,0.996422961156036,7.954163209938795e-22
1055820,0.0,2.80805079184817e-44,9959.330658073613,0.996422961156036,7.952715788463908e-22
1055880,0.0,2.8075387220249323e-44,9959.330658073619,0.9964229611560359,7.951268366989021e-22
1055940,0.0,2.8070266522016946e-44,9959.330658073626,0.9964229611560359,7.949820945514133e-22
1056000,0.0,2.806514582378457e-44,9959.330658073632,0.9964229611560358,7.948373524039246e-22
1056060,0.0,2.806002512555218e-44,9959.330658073637,0.9964229611560357,7.9469261025643575e-22
1056120,0.0,2.8054904427319806e-44,9959.330658073643,0.9964229611560357,7.94547868108947e-22
1056180,0.0,2.804978372908743e-44,9959.33065807365,0.9964229611560356,7.944031259614583e-22
1056240,0.0,2.804466303085505e-44,9959.330658073655,0.9964229611560356,7.942583838139695e-22
1056300,0.0,2.8039542332622675e-44,9959.33065807366,0.9964229611560355,7.941136416664808e-22
1056360,0.0,2.8034421634390294e-44,9959.330658073666,0.9964229611560355,7.939688995189919e-22
1056420,0.0,2.8029300936157917e-44,9959.330658073672,0.9964229611560353,7.938241573715032e-22
1056480,0.0,2.8024180237925535e-44,9959.330658073679,0.9964229611560353,7.936794152240144e-22
1056540,0.0,2.801905953969316e-44,9959.330658073684,0.9964229611560352,7.935346730765257e-22
1056600,0.0,2.801393884146078e-44,9959.33065807369,0.9964229611560352,7.9338993092903695e-22
1056660,0.0,2.80088181432284e-44,9959.330658073695,0.9964229611560351,7.932451887815482e-22
1056720,0.0,2.8003697444996023e-44,9959.3306580737,0.996422961156035,7.931004466340594e-22
1056780,0.0,2.7998576746763646e-44,9959.330658073708,0.996422961156035,7.929557044865707e-22
1056840,0.0,2.7993456048531264e-44,9959.330658073713,0.9964229611560349,7.928109623390819e-22
1056900,0.0,2.798833535029889e-44,9959.330658073719,0.9964229611560349,7.926662201915932e-22
1056960,0.0,2.7983214652066506e-44,9959.330658073724,0.9964229611560348,7.925214780441043e-22
1057020,0.0,2.797809395383413e-44,9959.330658073732,0.9964229611560348,7.923767358966156e-22
1057080,0.0,2.797297325560175e-44,9959.330658073737,0.9964229611560347,7.922319937491268e-22
1057140,0.0,2.7967852557369376e-44,9959.330658073743,0.9964229611560347,7.9208725160163815e-22
1057200,0.0,2.7962731859136994e-44,9959.330658073748,0.9964229611560346,7.919425094541494e-22
1057260,0.0,2.795761116090461e-44,9959.330658073754,0.9964229611560345,7.917977673066606e-22
1057320,0.0,2.7952490462672235e-44,9959.33065807376,0.9964229611560345,7.916530251591718e-22
1057380,0.0,2.794736976443986e-44,9959.330658073766,0.9964229611560343,7.915082830116831e-22
1057440,0.0,2.794224906620748e-44,9959.330658073772,0.9964229611560343,7.913635408641943e-22
1057500,0.0,2.79371283679751e-44,9959.330658073777,0.9964229611560342,7.912187987167055e-22
1057560,0.0,2.7932007669742723e-44,9959.330658073783,0.9964229611560342,7.910740565692167e-22
1057620,0.0,2.792688697151034e-44,9959.33065807379,0.9964229611560341,7.90929314421728e-22
1057680,0.0,2.7921766273277965e-44,9959.330658073795,0.9964229611560341,7.907845722742393e-22
1057740,0.0,2.791664557504559e-44,9959.3306580738,0.996422961156034,7.906398301267506e-22
1057800,0.0,2.7911524876813206e-44,9959.330658073806,0.996422961156034,7.904950879792617e-22
1057860,0.0,2.790640417858083e-44,9959.330658073814,0.9964229611560339,7.90350345831773e-22
1057920,0.0,2.7901283480348453e-44,9959.330658073819,0.9964229611560338,7.902056036842842e-22
1057980,0.0,2.789616278211607e-44,9959.330658073824,0.9964229611560338,7.900608615367955e-22
1058040,0.0,2.7891042083883694e-44,9959.33065807383,0.9964229611560337,7.899161193893067e-22
1058100,0.0,2.788592138565131e-44,9959.330658073835,0.9964229611560337,7.897713772418178e-22
1058160,0.0,2.7880800687418936e-44,9959.330658073843,0.9964229611560336,7.8962663509432915e-22
1058220,0.0,2.787567998918656e-44,9959.330658073848,0.9964229611560336,7.894818929468405e-22
1058280,0.0,2.787055929095418e-44,9959.330658073854,0.9964229611560335,7.893371507993517e-22
1058340,0.0,2.78654385927218e-44,9959.330658073859,0.9964229611560335,7.89192408651863e-22
1058400,0.0,2.786031789448942e-44,9959.330658073864,0.9964229611560333,7.890476665043741e-22
1058460,0.0,2.785519719625704e-44,9959.330658073872,0.9964229611560332,7.889029243568853e-22
1058520,0.0,2.7850076498024665e-44,9959.330658073877,0.9964229611560332,7.887581822093966e-22
1058580,0.0,2.784495579979229e-44,9959.330658073883,0.9964229611560331,7.886134400619078e-22
1058640,0.0,2.783983510155991e-44,9959.330658073888,0.9964229611560331,7.884686979144191e-22
1058700,0.0,2.783471440332753e-44,9959.330658073895,0.996422961156033,7.883239557669303e-22
1058760,0.0,2.782959370509515e-44,9959.3306580739,0.996422961156033,7.881792136194416e-22
1058820,0.0,2.782447300686277e-44,9959.330658073906,0.9964229611560329,7.880344714719528e-22
1058880,0.0,2.7819352308630394e-44,9959.330658073912,0.9964229611560329,7.878897293244641e-22
1058940,0.0,2.781423161039802e-44,9959.330658073917,0.9964229611560328,7.877449871769753e-22
1059000,0.0,2.7809110912165636e-44,9959.330658073924,0.9964229611560328,7.876002450294865e-22
1059060,0.0,2.780399021393326e-44,9959.33065807393,0.9964229611560327,7.874555028819977e-22
1059120,0.0,2.7798869515700877e-44,9959.330658073935,0.9964229611560326,7.87310760734509e-22
1059180,0.0,2.77937488174685e-44,9959.33065807394,0.9964229611560326,7.871660185870202e-22
1059240,0.0,2.7788628119236124e-44,9959.330658073948,0.9964229611560325,7.8702127643953155e-22
1059300,0.0,2.778350742100374e-44,9959.330658073954,0.9964229611560325,7.868765342920427e-22
1059360,0.0,2.7778386722771365e-44,9959.330658073959,0.9964229611560323,7.86731792144554e-22
1059420,0.0,2.777326602453899e-44,9959.330658073965,0.9964229611560323,7.865870499970652e-22
1059480,0.0,2.7768145326306607e-44,9959.33065807397,0.9964229611560322,7.864423078495765e-22
1059540,0.0,2.7763024628074225e-44,9959.330658073977,0.9964229611560322,7.862975657020876e-22
1059600,0.0,2.775790392984185e-44,9959.330658073983,0.9964229611560321,7.861528235545989e-22
1059660,0.0,2.775278323160947e-44,9959.330658073988,0.996422961156032,7.860080814071101e-22
1059720,0.0,2.7747662533377095e-44,9959.330658073994,0.996422961156032,7.858633392596214e-22
1059780,0.0,2.774254183514472e-44,9959.330658073999,0.9964229611560319,7.8571859711213265e-22
1059840,0.0,2.7737421136912336e-44,9959.330658074006,0.9964229611560319,7.855738549646439e-22
1059900,0.0,2.7732300438679954e-44,9959.330658074012,0.9964229611560318,7.854291128171551e-22
1059960,0.0,2.772717974044758e-44,9959.330658074017,0.9964229611560318,7.852843706696664e-22
1060020,0.0,2.77220590422152e-44,9959.330658074023,0.9964229611560317,7.851396285221776e-22
1060080,0.0,2.7716938343982824e-44,9959.33065807403,0.9964229611560317,7.849948863746889e-22
1060140,0.0,2.771181764575044e-44,9959.330658074035,0.9964229611560316,7.848501442272e-22
1060200,0.0,2.7706696947518066e-44,9959.330658074041,0.9964229611560315,7.847054020797113e-22
1060260,0.0,2.7701576249285684e-44,9959.330658074046,0.9964229611560315,7.845606599322225e-22
1060320,0.0,2.7696455551053307e-44,9959.330658074052,0.9964229611560314,7.8441591778473385e-22
1060380,0.0,2.769133485282093e-44,9959.33065807406,0.9964229611560314,7.842711756372451e-22
1060440,0.0,2.768621415458855e-44,9959.330658074065,0.9964229611560312,7.841264334897562e-22
1060500,0.0,2.768109345635617e-44,9959.33065807407,0.9964229611560312,7.839816913422675e-22
1060560,0.0,2.7675972758123795e-44,9959.330658074075,0.9964229611560311,7.838369491947788e-22
1060620,0.0,2.7670852059891413e-44,9959.330658074081,0.9964229611560311,7.8369220704729e-22
1060680,0.0,2.7665731361659036e-44,9959.330658074088,0.996422961156031,7.835474648998013e-22
1060740,0.0,2.7660610663426655e-44,9959.330658074094,0.996422961156031,7.834027227523124e-22
1060800,0.0,2.765548996519428e-44,9959.3306580741,0.9964229611560309,7.8325798060482365e-22
1060860,0.0,2.76503692669619e-44,9959.330658074105,0.9964229611560308,7.83113238457335e-22
1060920,0.0,2.7645248568729524e-44,9959.330658074112,0.9964229611560308,7.829684963098462e-22
1060980,0.0,2.7640127870497143e-44,9959.330658074117,0.9964229611560307,7.828237541623575e-22
1061040,0.0,2.763500717226476e-44,9959.330658074123,0.9964229611560307,7.826790120148686e-22
1061100,0.0,2.7629886474032384e-44,9959.330658074128,0.9964229611560306,7.825342698673799e-22
1061160,0.0,2.7624765775800007e-44,9959.330658074134,0.9964229611560306,7.823895277198911e-22
1061220,0.0,2.761964507756763e-44,9959.330658074141,0.9964229611560305,7.822447855724024e-22
1061280,0.0,2.761452437933525e-44,9959.330658074146,0.9964229611560305,7.821000434249135e-22
1061340,0.0,2.760940368110287e-44,9959.330658074152,0.9964229611560304,7.8195530127742485e-22
1061400,0.0,2.760428298287049e-44,9959.330658074157,0.9964229611560302,7.818105591299361e-22
1061460,0.0,2.7599162284638113e-44,9959.330658074163,0.9964229611560302,7.816658169824474e-22
1061520,0.0,2.7594041586405737e-44,9959.33065807417,0.9964229611560301,7.815210748349586e-22
1061580,0.0,2.7588920888173355e-44,9959.330658074176,0.9964229611560301,7.813763326874698e-22
1061640,0.0,2.758380018994098e-44,9959.330658074181,0.99642296115603,7.81231590539981e-22
1061700,0.0,2.75786794917086e-44,9959.330658074186,0.99642296115603,7.810868483924923e-22
1061760,0.0,2.7573558793476225e-44,9959.330658074194,0.9964229611560299,7.809421062450035e-22
1061820,0.0,2.7568438095243843e-44,9959.3306580742,0.9964229611560299,7.807973640975148e-22
1061880,0.0,2.756331739701146e-44,9959.330658074205,0.9964229611560298,7.80652621950026e-22
1061940,0.0,2.7558196698779084e-44,9959.33065807421,0.9964229611560298,7.805078798025373e-22
1062000,0.0,2.755307600054671e-44,9959.330658074216,0.9964229611560297,7.803631376550485e-22
1062060,0.0,2.754795530231433e-44,9959.330658074223,0.9964229611560296,7.802183955075598e-22
1062120,0.0,2.7542834604081954e-44,9959.330658074228,0.9964229611560296,7.80073653360071e-22
1062180,0.0,2.7537713905849567e-44,9959.330658074234,0.9964229611560295,7.799289112125822e-22
1062240,0.0,2.753259320761719e-44,9959.33065807424,0.9964229611560295,7.797841690650934e-22
1062300,0.0,2.7527472509384814e-44,9959.330658074246,0.9964229611560294,7.796394269176047e-22
1062360,0.0,2.7522351811152437e-44,9959.330658074252,0.9964229611560294,7.794946847701159e-22
1062420,0.0,2.751723111292006e-44,9959.330658074257,0.9964229611560292,7.7934994262262725e-22
1062480,0.0,2.751211041468768e-44,9959.330658074263,0.9964229611560292,7.792052004751384e-22
1062540,0.0,2.75069897164553e-44,9959.330658074268,0.9964229611560291,7.790604583276497e-22
1062600,0.0,2.750186901822292e-44,9959.330658074276,0.996422961156029,7.789157161801609e-22
1062660,0.0,2.7496748319990543e-44,9959.330658074281,0.996422961156029,7.787709740326722e-22
1062720,0.0,2.7491627621758166e-44,9959.330658074286,0.9964229611560289,7.786262318851834e-22
1062780,0.0,2.7486506923525785e-44,9959.330658074292,0.9964229611560289,7.784814897376945e-22
1062840,0.0,2.748138622529341e-44,9959.330658074297,0.9964229611560288,7.783367475902058e-22
1062900,0.0,2.747626552706103e-44,9959.330658074305,0.9964229611560288,7.781920054427171e-22
1062960,0.0,2.747114482882865e-44,9959.33065807431,0.9964229611560287,7.780472632952284e-22
1063020,0.0,2.7466024130596273e-44,9959.330658074316,0.9964229611560287,7.779025211477397e-22
1063080,0.0,2.746090343236389e-44,9959.330658074321,0.9964229611560286,7.777577790002508e-22
1063140,0.0,2.7455782734131514e-44,9959.330658074328,0.9964229611560286,7.77613036852762e-22
1063200,0.0,2.7450662035899137e-44,9959.330658074334,0.9964229611560285,7.774682947052733e-22
1063260,0.0,2.744554133766676e-44,9959.33065807434,0.9964229611560284,7.773235525577845e-22
1063320,0.0,2.744042063943438e-44,9959.330658074345,0.9964229611560284,7.771788104102957e-22
1063380,0.0,2.7435299941201997e-44,9959.33065807435,0.9964229611560282,7.770340682628069e-22
1063440,0.0,2.743017924296962e-44,9959.330658074357,0.9964229611560282,7.768893261153182e-22
1063500,0.0,2.7425058544737243e-44,9959.330658074363,0.9964229611560281,7.767445839678295e-22
1063560,0.0,2.7419937846504867e-44,9959.330658074368,0.9964229611560281,7.765998418203408e-22
1063620,0.0,2.7414817148272485e-44,9959.330658074374,0.996422961156028,7.764550996728519e-22
1063680,0.0,2.740969645004011e-44,9959.33065807438,0.996422961156028,7.763103575253632e-22
1063740,0.0,2.7404575751807726e-44,9959.330658074387,0.9964229611560279,7.761656153778744e-22
1063800,0.0,2.739945505357535e-44,9959.330658074392,0.9964229611560278,7.760208732303857e-22
1063860,0.0,2.7394334355342973e-44,9959.330658074397,0.9964229611560278,7.758761310828969e-22
1063920,0.0,2.738921365711059e-44,9959.330658074403,0.9964229611560277,7.757313889354081e-22
1063980,0.0,2.7384092958878214e-44,9959.33065807441,0.9964229611560277,7.7558664678791935e-22
1064040,0.0,2.737897226064584e-44,9959.330658074416,0.9964229611560276,7.754419046404307e-22
1064100,0.0,2.7373851562413456e-44,9959.330658074421,0.9964229611560276,7.752971624929419e-22
1064160,0.0,2.736873086418108e-44,9959.330658074427,0.9964229611560275,7.751524203454532e-22
1064220,0.0,2.7363610165948697e-44,9959.330658074432,0.9964229611560275,7.750076781979643e-22
1064280,0.0,2.735848946771632e-44,9959.33065807444,0.9964229611560274,7.748629360504756e-22
1064340,0.0,2.7353368769483944e-44,9959.330658074445,0.9964229611560274,7.747181939029868e-22
1064400,0.0,2.7348248071251567e-44,9959.33065807445,0.9964229611560272,7.745734517554981e-22
1064460,0.0,2.7343127373019185e-44,9959.330658074456,0.9964229611560271,7.744287096080093e-22
1064520,0.0,2.7338006674786803e-44,9959.330658074461,0.9964229611560271,7.7428396746052055e-22
1064580,0.0,2.7332885976554427e-44,9959.330658074468,0.996422961156027,7.741392253130318e-22
1064640,0.0,2.732776527832205e-44,9959.330658074474,0.996422961156027,7.739944831655431e-22
1064700,0.0,2.7322644580089673e-44,9959.33065807448,0.9964229611560269,7.738497410180543e-22
1064760,0.0,2.7317523881857296e-44,9959.330658074485,0.9964229611560269,7.737049988705656e-22
1064820,0.0,2.7312403183624915e-44,9959.330658074492,0.9964229611560268,7.735602567230767e-22
1064880,0.0,2.7307282485392533e-44,9959.330658074497,0.9964229611560268,7.73415514575588e-22
1064940,0.0,2.7302161787160156e-44,9959.330658074503,0.9964229611560267,7.732707724280992e-22
1065000,0.0,2.729704108892778e-44,9959.330658074508,0.9964229611560266,7.731260302806105e-22
1065060,0.0,2.7291920390695403e-44,9959.330658074514,0.9964229611560266,7.7298128813312175e-22
1065120,0.0,2.728679969246302e-44,9959.330658074521,0.9964229611560265,7.728365459856329e-22
1065180,0.0,2.7281678994230644e-44,9959.330658074527,0.9964229611560265,7.726918038381442e-22
1065240,0.0,2.727655829599826e-44,9959.330658074532,0.9964229611560264,7.725470616906555e-22
1065300,0.0,2.7271437597765886e-44,9959.330658074537,0.9964229611560264,7.724023195431667e-22
1065360,0.0,2.7266316899533504e-44,9959.330658074543,0.9964229611560262,7.722575773956778e-22
1065420,0.0,2.7261196201301127e-44,9959.33065807455,0.9964229611560262,7.721128352481891e-22
1065480,0.0,2.725607550306875e-44,9959.330658074556,0.9964229611560261,7.719680931007003e-22
1065540,0.0,2.7250954804836373e-44,9959.330658074561,0.996422961156026,7.718233509532116e-22
1065600,0.0,2.724583410660399e-44,9959.330658074567,0.996422961156026,7.716786088057229e-22
1065660,0.0,2.724071340837161e-44,9959.330658074574,0.9964229611560259,7.715338666582341e-22
1065720,0.0,2.7235592710139233e-44,9959.33065807458,0.9964229611560259,7.713891245107453e-22
1065780,0.0,2.7230472011906856e-44,9959.330658074585,0.9964229611560258,7.712443823632566e-22
1065840,0.0,2.722535131367448e-44,9959.33065807459,0.9964229611560258,7.710996402157678e-22
1065900,0.0,2.7220230615442103e-44,9959.330658074596,0.9964229611560257,7.709548980682791e-22
1065960,0.0,2.721510991720972e-44,9959.330658074603,0.9964229611560257,7.708101559207902e-22
1066020,0.0,2.720998921897734e-44,9959.330658074608,0.9964229611560256,7.706654137733015e-22
1066080,0.0,2.7204868520744963e-44,9959.330658074614,0.9964229611560256,7.7052067162581275e-22
1066140,0.0,2.7199747822512586e-44,9959.33065807462,0.9964229611560255,7.703759294783241e-22
1066200,0.0,2.719462712428021e-44,9959.330658074627,0.9964229611560254,7.702311873308353e-22
1066260,0.0,2.7189506426047827e-44,9959.330658074632,0.9964229611560254,7.700864451833465e-22
1066320,0.0,2.718438572781545e-44,9959.330658074638,0.9964229611560252,7.699417030358577e-22
1066380,0.0,2.717926502958307e-44,9959.330658074643,0.9964229611560252,7.69796960888369e-22
1066440,0.0,2.717414433135069e-44,9959.330658074648,0.9964229611560251,7.696522187408802e-22
1066500,0.0,2.7169023633118315e-44,9959.330658074656,0.9964229611560251,7.695074765933915e-22
1066560,0.0,2.7163902934885933e-44,9959.330658074661,0.996422961156025,7.693627344459026e-22
1066620,0.0,2.7158782236653557e-44,9959.330658074667,0.996422961156025,7.6921799229841395e-22
1066680,0.0,2.715366153842118e-44,9959.330658074672,0.9964229611560249,7.690732501509252e-22
1066740,0.0,2.71485408401888e-44,9959.330658074678,0.9964229611560248,7.689285080034365e-22
1066800,0.0,2.714342014195642e-44,9959.330658074685,0.9964229611560248,7.687837658559477e-22
1066860,0.0,2.713829944372404e-44,9959.33065807469,0.9964229611560247,7.686390237084589e-22
1066920,0.0,2.7133178745491663e-44,9959.330658074696,0.9964229611560247,7.684942815609701e-22
1066980,0.0,2.7128058047259286e-44,9959.330658074701,0.9964229611560246,7.683495394134814e-22
1067040,0.0,2.712293734902691e-44,9959.330658074708,0.9964229611560246,7.682047972659926e-22
1067100,0.0,2.7117816650794533e-44,9959.330658074714,0.9964229611560245,7.680600551185039e-22
1067160,0.0,2.7112695952562146e-44,9959.33065807472,0.9964229611560245,7.6791531297101505e-22
1067220,0.0,2.710757525432977e-44,9959.330658074725,0.9964229611560244,7.677705708235264e-22
1067280,0.0,2.710245455609739e-44,9959.33065807473,0.9964229611560244,7.676258286760376e-22
1067340,0.0,2.7097333857865016e-44,9959.330658074738,0.9964229611560242,7.674810865285489e-22
1067400,0.0,2.7092213159632634e-44,9959.330658074743,0.9964229611560241,7.6733634438106e-22
1067460,0.0,2.7087092461400257e-44,9959.330658074748,0.9964229611560241,7.671916022335712e-22
1067520,0.0,2.7081971763167875e-44,9959.330658074754,0.996422961156024,7.670468600860825e-22
1067580,0.0,2.70768510649355e-44,9959.33065807476,0.996422961156024,7.669021179385938e-22
1067640,0.0,2.707173036670312e-44,9959.330658074767,0.9964229611560239,7.66757375791105e-22
1067700,0.0,2.706660966847074e-44,9959.330658074772,0.9964229611560239,7.666126336436162e-22
1067760,0.0,2.7061488970238363e-44,9959.330658074778,0.9964229611560238,7.664678914961275e-22
1067820,0.0,2.7056368272005986e-44,9959.330658074783,0.9964229611560238,7.663231493486387e-22
1067880,0.0,2.705124757377361e-44,9959.33065807479,0.9964229611560237,7.6617840720115e-22
1067940,0.0,2.704612687554123e-44,9959.330658074796,0.9964229611560236,7.660336650536612e-22
1068000,0.0,2.7041006177308846e-44,9959.330658074801,0.9964229611560236,7.658889229061724e-22
1068060,0.0,2.703588547907647e-44,9959.330658074807,0.9964229611560235,7.657441807586836e-22
1068120,0.0,2.7030764780844093e-44,9959.330658074812,0.9964229611560235,7.655994386111949e-22
1068180,0.0,2.7025644082611716e-44,9959.33065807482,0.9964229611560234,7.654546964637061e-22
1068240,0.0,2.702052338437934e-44,9959.330658074825,0.9964229611560234,7.6530995431621745e-22
1068300,0.0,2.7015402686146957e-44,9959.33065807483,0.9964229611560232,7.651652121687286e-22
1068360,0.0,2.7010281987914576e-44,9959.330658074836,0.9964229611560232,7.650204700212399e-22
1068420,0.0,2.70051612896822e-44,9959.330658074841,0.9964229611560231,7.648757278737511e-22
1068480,0.0,2.700004059144982e-44,9959.330658074849,0.9964229611560231,7.647309857262624e-22
1068540,0.0,2.6994919893217445e-44,9959.330658074854,0.996422961156023,7.645862435787736e-22
1068600,0.0,2.6989799194985063e-44,9959.33065807486,0.9964229611560229,7.644415014312848e-22
1068660,0.0,2.6984678496752687e-44,9959.330658074865,0.9964229611560229,7.64296759283796e-22
1068720,0.0,2.6979557798520305e-44,9959.330658074872,0.9964229611560228,7.641520171363073e-22
1068780,0.0,2.697443710028793e-44,9959.330658074878,0.9964229611560228,7.640072749888186e-22
1068840,0.0,2.696931640205555e-44,9959.330658074883,0.9964229611560227,7.638625328413299e-22
1068900,0.0,2.696419570382317e-44,9959.330658074889,0.9964229611560227,7.63717790693841e-22
1068960,0.0,2.6959075005590793e-44,9959.330658074894,0.9964229611560226,7.635730485463523e-22
1069020,0.0,2.6953954307358416e-44,9959.330658074901,0.9964229611560226,7.634283063988635e-22
1069080,0.0,2.6948833609126034e-44,9959.330658074907,0.9964229611560225,7.632835642513748e-22
1069140,0.0,2.694371291089366e-44,9959.330658074912,0.9964229611560224,7.63138822103886e-22
1069200,0.0,2.6938592212661276e-44,9959.330658074918,0.9964229611560224,7.629940799563972e-22
1069260,0.0,2.69334715144289e-44,9959.330658074925,0.9964229611560222,7.6284933780890845e-22
1069320,0.0,2.692835081619652e-44,9959.33065807493,0.9964229611560222,7.627045956614198e-22
1069380,0.0,2.6923230117964145e-44,9959.330658074936,0.9964229611560221,7.62559853513931e-22
1069440,0.0,2.6918109419731764e-44,9959.330658074941,0.9964229611560221,7.624151113664421e-22
1069500,0.0,2.691298872149938e-44,9959.330658074947,0.996422961156022,7.622703692189534e-22
1069560,0.0,2.6907868023267005e-44,9959.330658074954,0.996422961156022,7.621256270714647e-22
1069620,0.0,2.690274732503463e-44,9959.33065807496,0.9964229611560219,7.619808849239759e-22
1069680,0.0,2.689762662680225e-44,9959.330658074965,0.9964229611560219,7.618361427764872e-22
1069740,0.0,2.689250592856987e-44,9959.33065807497,0.9964229611560218,7.616914006289983e-22
1069800,0.0,2.6887385230337493e-44,9959.330658074976,0.9964229611560217,7.615466584815096e-22
1069860,0.0,2.688226453210511e-44,9959.330658074983,0.9964229611560217,7.614019163340209e-22
1069920,0.0,2.6877143833872735e-44,9959.330658074989,0.9964229611560216,7.612571741865322e-22
1069980,0.0,2.687202313564036e-44,9959.330658074994,0.9964229611560216,7.611124320390434e-22
1070040,0.0,2.6866902437407976e-44,9959.330658075,0.9964229611560215,7.609676898915545e-22
1070100,0.0,2.68617817391756e-44,9959.330658075007,0.9964229611560215,7.608229477440658e-22
1070160,0.0,2.6856661040943223e-44,9959.330658075012,0.9964229611560214,7.60678205596577e-22
1070220,0.0,2.685154034271084e-44,9959.330658075018,0.9964229611560214,7.605334634490883e-22
1070280,0.0,2.6846419644478464e-44,9959.330658075023,0.9964229611560212,7.603887213015995e-22
1070340,0.0,2.684129894624608e-44,9959.330658075029,0.9964229611560211,7.602439791541108e-22
1070400,0.0,2.6836178248013705e-44,9959.330658075036,0.9964229611560211,7.60099237006622e-22
1070460,0.0,2.683105754978133e-44,9959.330658075041,0.996422961156021,7.599544948591333e-22
1070520,0.0,2.682593685154895e-44,9959.330658075047,0.996422961156021,7.598097527116445e-22
1070580,0.0,2.682081615331657e-44,9959.330658075052,0.9964229611560209,7.596650105641558e-22
1070640,0.0,2.681569545508419e-44,9959.330658075058,0.9964229611560209,7.595202684166669e-22
1070700,0.0,2.681057475685181e-44,9959.330658075065,0.9964229611560208,7.593755262691782e-22
1070760,0.0,2.6805454058619435e-44,9959.33065807507,0.9964229611560208,7.592307841216894e-22
1070820,0.0,2.680033336038706e-44,9959.330658075076,0.9964229611560207,7.590860419742007e-22
1070880,0.0,2.679521266215468e-44,9959.330658075081,0.9964229611560206,7.58941299826712e-22
1070940,0.0,2.67900919639223e-44,9959.330658075089,0.9964229611560206,7.587965576792232e-22
1071000,0.0,2.678497126568992e-44,9959.330658075094,0.9964229611560205,7.586518155317344e-22
1071060,0.0,2.677985056745754e-44,9959.3306580751,0.9964229611560205,7.585070733842457e-22
1071120,0.0,2.6774729869225164e-44,9959.330658075105,0.9964229611560204,7.583623312367569e-22
1071180,0.0,2.676960917099279e-44,9959.33065807511,0.9964229611560204,7.582175890892682e-22
1071240,0.0,2.6764488472760406e-44,9959.330658075118,0.9964229611560202,7.580728469417793e-22
1071300,0.0,2.675936777452803e-44,9959.330658075123,0.9964229611560202,7.579281047942906e-22
1071360,0.0,2.6754247076295647e-44,9959.330658075129,0.9964229611560201,7.577833626468018e-22
1071420,0.0,2.674912637806327e-44,9959.330658075134,0.9964229611560201,7.5763862049931315e-22
1071480,0.0,2.674400567983089e-44,9959.33065807514,0.99642296115602,7.574938783518243e-22
1071540,0.0,2.673888498159851e-44,9959.330658075147,0.9964229611560199,7.573491362043356e-22
1071600,0.0,2.6733764283366135e-44,9959.330658075152,0.9964229611560199,7.572043940568468e-22
1071660,0.0,2.672864358513376e-44,9959.330658075158,0.9964229611560198,7.570596519093581e-22
1071720,0.0,2.6723522886901377e-44,9959.330658075163,0.9964229611560198,7.569149097618693e-22
1071780,0.0,2.6718402188668995e-44,9959.33065807517,0.9964229611560197,7.567701676143804e-22
1071840,0.0,2.671328149043662e-44,9959.330658075176,0.9964229611560197,7.566254254668917e-22
1071900,0.0,2.670816079220424e-44,9959.330658075181,0.9964229611560196,7.56480683319403e-22
1071960,0.0,2.6703040093971865e-44,9959.330658075187,0.9964229611560196,7.563359411719143e-22
1072020,0.0,2.669791939573949e-44,9959.330658075192,0.9964229611560195,7.561911990244256e-22
1072080,0.0,2.6692798697507106e-44,9959.3306580752,0.9964229611560194,7.560464568769367e-22
1072140,0.0,2.6687677999274724e-44,9959.330658075205,0.9964229611560194,7.559017147294479e-22
1072200,0.0,2.668255730104235e-44,9959.33065807521,0.9964229611560192,7.557569725819592e-22
1072260,0.0,2.667743660280997e-44,9959.330658075216,0.9964229611560192,7.556122304344705e-22
1072320,0.0,2.6672315904577594e-44,9959.330658075223,0.9964229611560191,7.554674882869817e-22
1072380,0.0,2.666719520634521e-44,9959.330658075229,0.9964229611560191,7.553227461394928e-22
1072440,0.0,2.6662074508112835e-44,9959.330658075234,0.996422961156019,7.5517800399200415e-22
1072500,0.0,2.6656953809880454e-44,9959.33065807524,0.996422961156019,7.550332618445154e-22
1072560,0.0,2.6651833111648077e-44,9959.330658075245,0.9964229611560189,7.548885196970267e-22
1072620,0.0,2.66467124134157e-44,9959.330658075252,0.9964229611560189,7.547437775495379e-22
1072680,0.0,2.664159171518332e-44,9959.330658075258,0.9964229611560188,7.545990354020491e-22
1072740,0.0,2.663647101695094e-44,9959.330658075263,0.9964229611560187,7.544542932545603e-22
1072800,0.0,2.6631350318718565e-44,9959.330658075269,0.9964229611560187,7.543095511070716e-22
1072860,0.0,2.6626229620486183e-44,9959.330658075274,0.9964229611560186,7.541648089595828e-22
1072920,0.0,2.6621108922253806e-44,9959.330658075281,0.9964229611560186,7.540200668120941e-22
1072980,0.0,2.6615988224021425e-44,9959.330658075287,0.9964229611560185,7.538753246646053e-22
1073040,0.0,2.661086752578905e-44,9959.330658075292,0.9964229611560185,7.537305825171166e-22
1073100,0.0,2.660574682755667e-44,9959.330658075298,0.9964229611560184,7.535858403696278e-22
1073160,0.0,2.6600626129324294e-44,9959.330658075305,0.9964229611560184,7.534410982221391e-22
1073220,0.0,2.6595505431091913e-44,9959.33065807531,0.9964229611560182,7.532963560746502e-22
1073280,0.0,2.659038473285953e-44,9959.330658075316,0.9964229611560181,7.531516139271615e-22
1073340,0.0,2.6585264034627154e-44,9959.330658075321,0.9964229611560181,7.530068717796727e-22
1073400,0.0,2.6580143336394777e-44,9959.330658075327,0.996422961156018,7.52862129632184e-22
1073460,0.0,2.65750226381624e-44,9959.330658075334,0.996422961156018,7.527173874846952e-22
1073520,0.0,2.656990193993002e-44,9959.33065807534,0.9964229611560179,7.525726453372065e-22
1073580,0.0,2.656478124169764e-44,9959.330658075345,0.9964229611560179,7.524279031897177e-22
1073640,0.0,2.6559660543465265e-44,9959.33065807535,0.9964229611560178,7.52283161042229e-22
1073700,0.0,2.6554539845232883e-44,9959.330658075356,0.9964229611560178,7.521384188947402e-22
1073760,0.0,2.6549419147000507e-44,9959.330658075363,0.9964229611560177,7.519936767472515e-22
1073820,0.0,2.6544298448768125e-44,9959.330658075369,0.9964229611560177,7.518489345997626e-22
1073880,0.0,2.653917775053575e-44,9959.330658075374,0.9964229611560176,7.517041924522739e-22
1073940,0.0,2.653405705230337e-44,9959.33065807538,0.9964229611560175,7.515594503047851e-22
1074000,0.0,2.6528936354070995e-44,9959.330658075387,0.9964229611560175,7.514147081572964e-22
1074060,0.0,2.6523815655838613e-44,9959.330658075392,0.9964229611560174,7.512699660098077e-22
1074120,0.0,2.651869495760623e-44,9959.330658075398,0.9964229611560174,7.511252238623188e-22
1074180,0.0,2.6513574259373854e-44,9959.330658075403,0.9964229611560173,7.509804817148301e-22
1074240,0.0,2.650845356114148e-44,9959.330658075409,0.9964229611560173,7.508357395673414e-22
1074300,0.0,2.65033328629091e-44,9959.330658075416,0.9964229611560171,7.506909974198526e-22
1074360,0.0,2.6498212164676724e-44,9959.330658075422,0.9964229611560171,7.505462552723639e-22
1074420,0.0,2.649309146644434e-44,9959.330658075427,0.996422961156017,7.50401513124875e-22
1074480,0.0,2.648797076821196e-44,9959.330658075432,0.9964229611560169,7.502567709773862e-22
1074540,0.0,2.6482850069979584e-44,9959.330658075438,0.9964229611560169,7.501120288298975e-22
1074600,0.0,2.6477729371747207e-44,9959.330658075445,0.9964229611560168,7.499672866824089e-22
1074660,0.0,2.647260867351483e-44,9959.33065807545,0.9964229611560168,7.498225445349201e-22
1074720,0.0,2.646748797528245e-44,9959.330658075456,0.9964229611560167,7.496778023874312e-22
1074780,0.0,2.646236727705007e-44,9959.330658075462,0.9964229611560167,7.495330602399425e-22
1074840,0.0,2.645724657881769e-44,9959.330658075469,0.9964229611560166,7.493883180924537e-22
1074900,0.0,2.6452125880585313e-44,9959.330658075474,0.9964229611560166,7.49243575944965e-22
1074960,0.0,2.6447005182352936e-44,9959.33065807548,0.9964229611560165,7.490988337974762e-22
1075020,0.0,2.6441884484120555e-44,9959.330658075485,0.9964229611560165,7.489540916499874e-22
1075080,0.0,2.643676378588818e-44,9959.33065807549,0.9964229611560164,7.4880934950249865e-22
1075140,0.0,2.64316430876558e-44,9959.330658075498,0.9964229611560163,7.4866460735501e-22
1075200,0.0,2.642652238942342e-44,9959.330658075503,0.9964229611560163,7.485198652075212e-22
1075260,0.0,2.642140169119104e-44,9959.330658075509,0.9964229611560161,7.483751230600324e-22
1075320,0.0,2.641628099295866e-44,9959.330658075514,0.9964229611560161,7.482303809125436e-22
1075380,0.0,2.6411160294726284e-44,9959.330658075522,0.996422961156016,7.480856387650549e-22
1075440,0.0,2.6406039596493907e-44,9959.330658075527,0.996422961156016,7.479408966175661e-22
1075500,0.0,2.640091889826153e-44,9959.330658075532,0.9964229611560159,7.477961544700774e-22
1075560,0.0,2.639579820002915e-44,9959.330658075538,0.9964229611560159,7.476514123225885e-22
1075620,0.0,2.6390677501796767e-44,9959.330658075543,0.9964229611560158,7.4750667017509985e-22
1075680,0.0,2.638555680356439e-44,9959.33065807555,0.9964229611560157,7.473619280276111e-22
1075740,0.0,2.6380436105332013e-44,9959.330658075556,0.9964229611560157,7.472171858801224e-22
1075800,0.0,2.6375315407099637e-44,9959.330658075562,0.9964229611560156,7.470724437326336e-22
1075860,0.0,2.6370194708867255e-44,9959.330658075567,0.9964229611560156,7.469277015851448e-22
1075920,0.0,2.636507401063488e-44,9959.330658075573,0.9964229611560155,7.46782959437656e-22
1075980,0.0,2.6359953312402496e-44,9959.33065807558,0.9964229611560155,7.466382172901673e-22
1076040,0.0,2.635483261417012e-44,9959.330658075585,0.9964229611560154,7.464934751426785e-22
1076100,0.0,2.6349711915937743e-44,9959.33065807559,0.9964229611560154,7.463487329951898e-22
1076160,0.0,2.634459121770536e-44,9959.330658075596,0.9964229611560153,7.46203990847701e-22
1076220,0.0,2.6339470519472984e-44,9959.330658075603,0.9964229611560151,7.460592487002123e-22
1076280,0.0,2.6334349821240608e-44,9959.330658075609,0.9964229611560151,7.459145065527235e-22
1076340,0.0,2.6329229123008226e-44,9959.330658075614,0.996422961156015,7.457697644052348e-22
1076400,0.0,2.632410842477585e-44,9959.33065807562,0.996422961156015,7.45625022257746e-22
1076460,0.0,2.6318987726543467e-44,9959.330658075625,0.9964229611560149,7.454802801102571e-22
1076520,0.0,2.631386702831109e-44,9959.330658075633,0.9964229611560149,7.453355379627684e-22
1076580,0.0,2.6308746330078714e-44,9959.330658075638,0.9964229611560148,7.451907958152797e-22
1076640,0.0,2.6303625631846337e-44,9959.330658075643,0.9964229611560148,7.450460536677909e-22
1076700,0.0,2.6298504933613955e-44,9959.330658075649,0.9964229611560147,7.4490131152030225e-22
1076760,0.0,2.6293384235381573e-44,9959.330658075654,0.9964229611560147,7.447565693728134e-22
1076820,0.0,2.6288263537149197e-44,9959.330658075662,0.9964229611560146,7.446118272253246e-22
1076880,0.0,2.628314283891682e-44,9959.330658075667,0.9964229611560145,7.444670850778359e-22
1076940,0.0,2.6278022140684443e-44,9959.330658075673,0.9964229611560145,7.443223429303472e-22
1077000,0.0,2.6272901442452066e-44,9959.330658075678,0.9964229611560144,7.441776007828584e-22
1077060,0.0,2.6267780744219685e-44,9959.330658075685,0.9964229611560144,7.440328586353695e-22
1077120,0.0,2.6262660045987303e-44,9959.33065807569,0.9964229611560143,7.438881164878808e-22
1077180,0.0,2.6257539347754926e-44,9959.330658075696,0.9964229611560143,7.4374337434039205e-22
1077240,0.0,2.625241864952255e-44,9959.330658075702,0.9964229611560141,7.435986321929034e-22
1077300,0.0,2.624729795129017e-44,9959.330658075707,0.9964229611560141,7.434538900454145e-22
1077360,0.0,2.624217725305779e-44,9959.330658075714,0.996422961156014,7.433091478979258e-22
1077420,0.0,2.6237056554825414e-44,9959.33065807572,0.9964229611560139,7.43164405750437e-22
1077480,0.0,2.623193585659303e-44,9959.330658075725,0.9964229611560139,7.430196636029483e-22
1077540,0.0,2.6226815158360655e-44,9959.33065807573,0.9964229611560138,7.428749214554595e-22
1077600,0.0,2.6221694460128274e-44,9959.330658075736,0.9964229611560138,7.427301793079707e-22
1077660,0.0,2.6216573761895897e-44,9959.330658075743,0.9964229611560137,7.425854371604819e-22
1077720,0.0,2.621145306366352e-44,9959.330658075749,0.9964229611560137,7.4244069501299325e-22
1077780,0.0,2.6206332365431143e-44,9959.330658075754,0.9964229611560136,7.422959528655045e-22
1077840,0.0,2.620121166719876e-44,9959.33065807576,0.9964229611560136,7.421512107180158e-22
1077900,0.0,2.619609096896638e-44,9959.330658075767,0.9964229611560135,7.420064685705269e-22
1077960,0.0,2.6190970270734003e-44,9959.330658075773,0.9964229611560135,7.418617264230382e-22
1078020,0.0,2.6185849572501626e-44,9959.330658075778,0.9964229611560134,7.417169842755494e-22
1078080,0.0,2.618072887426925e-44,9959.330658075784,0.9964229611560133,7.415722421280607e-22
1078140,0.0,2.6175608176036873e-44,9959.330658075789,0.9964229611560133,7.414274999805719e-22
1078200,0.0,2.617048747780449e-44,9959.330658075796,0.9964229611560131,7.412827578330831e-22
1078260,0.0,2.616536677957211e-44,9959.330658075802,0.9964229611560131,7.411380156855944e-22
1078320,0.0,2.6160246081339733e-44,9959.330658075807,0.996422961156013,7.409932735381057e-22
1078380,0.0,2.6155125383107356e-44,9959.330658075813,0.996422961156013,7.408485313906169e-22
1078440,0.0,2.615000468487498e-44,9959.33065807582,0.9964229611560129,7.407037892431282e-22
1078500,0.0,2.6144883986642597e-44,9959.330658075825,0.9964229611560129,7.405590470956393e-22
1078560,0.0,2.613976328841022e-44,9959.33065807583,0.9964229611560128,7.404143049481506e-22
1078620,0.0,2.613464259017784e-44,9959.330658075836,0.9964229611560127,7.402695628006618e-22
1078680,0.0,2.612952189194546e-44,9959.330658075842,0.9964229611560127,7.401248206531731e-22
1078740,0.0,2.6124401193713085e-44,9959.330658075849,0.9964229611560126,7.399800785056843e-22
1078800,0.0,2.6119280495480703e-44,9959.330658075854,0.9964229611560126,7.398353363581955e-22
1078860,0.0,2.6114159797248327e-44,9959.33065807586,0.9964229611560125,7.396905942107068e-22
1078920,0.0,2.610903909901595e-44,9959.330658075865,0.9964229611560125,7.395458520632181e-22
1078980,0.0,2.6103918400783573e-44,9959.33065807587,0.9964229611560124,7.394011099157293e-22
1079040,0.0,2.609879770255119e-44,9959.330658075878,0.9964229611560124,7.392563677682406e-22
1079100,0.0,2.609367700431881e-44,9959.330658075884,0.9964229611560123,7.391116256207517e-22
1079160,0.0,2.6088556306086433e-44,9959.330658075889,0.9964229611560123,7.389668834732629e-22
1079220,0.0,2.6083435607854056e-44,9959.330658075894,0.9964229611560121,7.388221413257742e-22
1079280,0.0,2.607831490962168e-44,9959.330658075902,0.996422961156012,7.386773991782855e-22
1079340,0.0,2.6073194211389297e-44,9959.330658075907,0.996422961156012,7.385326570307967e-22
1079400,0.0,2.6068073513156916e-44,9959.330658075913,0.9964229611560119,7.383879148833079e-22
1079460,0.0,2.606295281492454e-44,9959.330658075918,0.9964229611560119,7.382431727358192e-22
1079520,0.0,2.605783211669216e-44,9959.330658075924,0.9964229611560118,7.380984305883304e-22
1079580,0.0,2.6052711418459785e-44,9959.33065807593,0.9964229611560118,7.379536884408417e-22
1079640,0.0,2.6047590720227404e-44,9959.330658075936,0.9964229611560117,7.378089462933528e-22
1079700,0.0,2.6042470021995027e-44,9959.330658075942,0.9964229611560117,7.376642041458641e-22
1079760,0.0,2.603734932376265e-44,9959.330658075947,0.9964229611560116,7.375194619983753e-22
1079820,0.0,2.603222862553027e-44,9959.330658075953,0.9964229611560115,7.373747198508866e-22
1079880,0.0,2.602710792729789e-44,9959.33065807596,0.9964229611560115,7.372299777033979e-22
1079940,0.0,2.602198722906551e-44,9959.330658075965,0.9964229611560114,7.370852355559091e-22
1080000,0.0,2.6016866530833133e-44,9959.33065807597,0.9964229611560114,7.369404934084203e-22
1080060,0.0,2.6011745832600756e-44,9959.330658075976,0.9964229611560113,7.367957512609316e-22
1080120,0.0,2.600662513436838e-44,9959.330658075984,0.9964229611560113,7.366510091134428e-22
1080180,0.0,2.6001504436136e-44,9959.330658075989,0.9964229611560111,7.365062669659541e-22
1080240,0.0,2.5996383737903616e-44,9959.330658075995,0.9964229611560111,7.363615248184652e-22
1080300,0.0,2.599126303967124e-44,9959.330658076,0.996422961156011,7.362167826709765e-22
1080360,0.0,2.5986142341438862e-44,9959.330658076005,0.996422961156011,7.3607204052348775e-22
1080420,0.0,2.5981021643206486e-44,9959.330658076013,0.9964229611560109,7.359272983759991e-22
1080480,0.0,2.597590094497411e-44,9959.330658076018,0.9964229611560108,7.357825562285103e-22
1080540,0.0,2.5970780246741727e-44,9959.330658076024,0.9964229611560108,7.356378140810215e-22
1080600,0.0,2.5965659548509345e-44,9959.330658076029,0.9964229611560107,7.354930719335327e-22
1080660,0.0,2.596053885027697e-44,9959.330658076035,0.9964229611560107,7.35348329786044e-22
1080720,0.0,2.595541815204459e-44,9959.330658076042,0.9964229611560106,7.352035876385552e-22
1080780,0.0,2.5950297453812215e-44,9959.330658076047,0.9964229611560106,7.350588454910665e-22
1080840,0.0,2.5945176755579833e-44,9959.330658076053,0.9964229611560105,7.349141033435776e-22
1080900,0.0,2.5940056057347457e-44,9959.330658076058,0.9964229611560105,7.3476936119608895e-22
1080960,0.0,2.5934935359115075e-44,9959.330658076065,0.9964229611560104,7.346246190486002e-22
1081020,0.0,2.59298146608827e-44,9959.33065807607,0.9964229611560103,7.344798769011115e-22
1081080,0.0,2.592469396265032e-44,9959.330658076076,0.9964229611560103,7.343351347536227e-22
1081140,0.0,2.591957326441794e-44,9959.330658076082,0.9964229611560101,7.341903926061338e-22
1081200,0.0,2.5914452566185563e-44,9959.330658076087,0.9964229611560101,7.340456504586451e-22
1081260,0.0,2.5909331867953186e-44,9959.330658076095,0.99642296115601,7.339009083111564e-22
1081320,0.0,2.5904211169720804e-44,9959.3306580761,0.99642296115601,7.337561661636676e-22
1081380,0.0,2.5899090471488423e-44,9959.330658076105,0.9964229611560099,7.3361142401617875e-22
1081440,0.0,2.5893969773256046e-44,9959.330658076111,0.9964229611560099,7.334666818686901e-22
1081500,0.0,2.588884907502367e-44,9959.330658076118,0.9964229611560098,7.333219397212013e-22
1081560,0.0,2.588372837679129e-44,9959.330658076124,0.9964229611560097,7.331771975737126e-22
1081620,0.0,2.5878607678558915e-44,9959.33065807613,0.9964229611560097,7.330324554262239e-22
1081680,0.0,2.5873486980326534e-44,9959.330658076135,0.9964229611560096,7.32887713278735e-22
1081740,0.0,2.586836628209415e-44,9959.33065807614,0.9964229611560096,7.327429711312462e-22
1081800,0.0,2.5863245583861775e-44,9959.330658076147,0.9964229611560095,7.325982289837575e-22
1081860,0.0,2.58581248856294e-44,9959.330658076153,0.9964229611560095,7.324534868362687e-22
1081920,0.0,2.585300418739702e-44,9959.330658076158,0.9964229611560094,7.3230874468878e-22
1081980,0.0,2.584788348916464e-44,9959.330658076164,0.9964229611560094,7.321640025412912e-22
1082040,0.0,2.5842762790932263e-44,9959.33065807617,0.9964229611560093,7.320192603938025e-22
1082100,0.0,2.583764209269988e-44,9959.330658076176,0.9964229611560093,7.318745182463137e-22
1082160,0.0,2.5832521394467505e-44,9959.330658076182,0.9964229611560091,7.31729776098825e-22
1082220,0.0,2.582740069623513e-44,9959.330658076187,0.996422961156009,7.315850339513362e-22
1082280,0.0,2.5822279998002746e-44,9959.330658076193,0.996422961156009,7.314402918038474e-22
1082340,0.0,2.581715929977037e-44,9959.3306580762,0.9964229611560089,7.312955496563586e-22
1082400,0.0,2.581203860153799e-44,9959.330658076206,0.9964229611560089,7.311508075088699e-22
1082460,0.0,2.580691790330561e-44,9959.330658076211,0.9964229611560088,7.310060653613811e-22
1082520,0.0,2.5801797205073234e-44,9959.330658076216,0.9964229611560088,7.308613232138925e-22
1082580,0.0,2.579667650684085e-44,9959.330658076222,0.9964229611560087,7.307165810664036e-22
1082640,0.0,2.5791555808608475e-44,9959.33065807623,0.9964229611560087,7.305718389189149e-22
1082700,0.0,2.57864351103761e-44,9959.330658076235,0.9964229611560086,7.304270967714261e-22
1082760,0.0,2.578131441214372e-44,9959.33065807624,0.9964229611560085,7.302823546239374e-22
1082820,0.0,2.577619371391134e-44,9959.330658076246,0.9964229611560085,7.301376124764486e-22
1082880,0.0,2.577107301567896e-44,9959.330658076251,0.9964229611560084,7.299928703289598e-22
1082940,0.0,2.576595231744658e-44,9959.330658076258,0.9964229611560084,7.29848128181471e-22
1083000,0.0,2.5760831619214205e-44,9959.330658076264,0.9964229611560083,7.297033860339823e-22
1083060,0.0,2.575571092098183e-44,9959.33065807627,0.9964229611560083,7.295586438864936e-22
1083120,0.0,2.575059022274945e-44,9959.330658076275,0.9964229611560081,7.294139017390049e-22
1083180,0.0,2.574546952451707e-44,9959.330658076282,0.9964229611560081,7.29269159591516e-22
1083240,0.0,2.574034882628469e-44,9959.330658076287,0.996422961156008,7.291244174440273e-22
1083300,0.0,2.573522812805231e-44,9959.330658076293,0.996422961156008,7.289796752965385e-22
1083360,0.0,2.5730107429819934e-44,9959.330658076298,0.9964229611560079,7.288349331490498e-22
1083420,0.0,2.572498673158755e-44,9959.330658076304,0.9964229611560078,7.286901910015609e-22
1083480,0.0,2.5719866033355176e-44,9959.330658076311,0.9964229611560078,7.285454488540721e-22
1083540,0.0,2.57147453351228e-44,9959.330658076316,0.9964229611560077,7.2840070670658345e-22
1083600,0.0,2.5709624636890417e-44,9959.330658076322,0.9964229611560077,7.282559645590948e-22
1083660,0.0,2.570450393865804e-44,9959.330658076327,0.9964229611560076,7.28111222411606e-22
1083720,0.0,2.569938324042566e-44,9959.330658076333,0.9964229611560076,7.279664802641171e-22
1083780,0.0,2.569426254219328e-44,9959.33065807634,0.9964229611560075,7.278217381166284e-22
1083840,0.0,2.5689141843960905e-44,9959.330658076346,0.9964229611560075,7.276769959691396e-22
1083900,0.0,2.568402114572853e-44,9959.330658076351,0.9964229611560074,7.275322538216509e-22
1083960,0.0,2.5678900447496147e-44,9959.330658076356,0.9964229611560073,7.273875116741622e-22
1084020,0.0,2.5673779749263765e-44,9959.330658076364,0.9964229611560073,7.272427695266733e-22
1084080,0.0,2.566865905103139e-44,9959.33065807637,0.9964229611560071,7.270980273791846e-22
1084140,0.0,2.566353835279901e-44,9959.330658076375,0.9964229611560071,7.269532852316959e-22
1084200,0.0,2.5658417654566635e-44,9959.33065807638,0.996422961156007,7.268085430842071e-22
1084260,0.0,2.565329695633426e-44,9959.330658076386,0.996422961156007,7.266638009367184e-22
1084320,0.0,2.5648176258101876e-44,9959.330658076393,0.9964229611560069,7.265190587892295e-22
1084380,0.0,2.5643055559869494e-44,9959.330658076398,0.9964229611560069,7.263743166417408e-22
1084440,0.0,2.5637934861637117e-44,9959.330658076404,0.9964229611560068,7.26229574494252e-22
1084500,0.0,2.563281416340474e-44,9959.33065807641,0.9964229611560068,7.260848323467633e-22
1084560,0.0,2.5627693465172364e-44,9959.330658076417,0.9964229611560067,7.259400901992745e-22
1084620,0.0,2.562257276693998e-44,9959.330658076422,0.9964229611560066,7.257953480517858e-22
1084680,0.0,2.5617452068707605e-44,9959.330658076427,0.9964229611560066,7.25650605904297e-22
1084740,0.0,2.5612331370475224e-44,9959.330658076433,0.9964229611560065,7.255058637568083e-22
1084800,0.0,2.5607210672242847e-44,9959.330658076438,0.9964229611560065,7.253611216093195e-22
1084860,0.0,2.560208997401047e-44,9959.330658076446,0.9964229611560064,7.252163794618308e-22
1084920,0.0,2.559696927577809e-44,9959.330658076451,0.9964229611560064,7.250716373143419e-22
1084980,0.0,2.559184857754571e-44,9959.330658076457,0.9964229611560063,7.249268951668532e-22
1085040,0.0,2.5586727879313335e-44,9959.330658076462,0.9964229611560063,7.247821530193644e-22
1085100,0.0,2.558160718108096e-44,9959.330658076467,0.9964229611560061,7.246374108718757e-22
1085160,0.0,2.557648648284857e-44,9959.330658076475,0.996422961156006,7.244926687243869e-22
1085220,0.0,2.5571365784616195e-44,9959.33065807648,0.996422961156006,7.243479265768982e-22
1085280,0.0,2.556624508638382e-44,9959.330658076486,0.9964229611560059,7.242031844294094e-22
1085340,0.0,2.556112438815144e-44,9959.330658076491,0.9964229611560059,7.240584422819207e-22
1085400,0.0,2.5556003689919064e-44,9959.330658076498,0.9964229611560058,7.239137001344319e-22
1085460,0.0,2.555088299168668e-44,9959.330658076504,0.9964229611560058,7.23768957986943e-22
1085520,0.0,2.5545762293454306e-44,9959.33065807651,0.9964229611560057,7.236242158394543e-22
1085580,0.0,2.5540641595221924e-44,9959.330658076515,0.9964229611560057,7.234794736919656e-22
1085640,0.0,2.5535520896989547e-44,9959.33065807652,0.9964229611560056,7.2333473154447685e-22
1085700,0.0,2.553040019875717e-44,9959.330658076527,0.9964229611560056,7.231899893969882e-22
1085760,0.0,2.552527950052479e-44,9959.330658076533,0.9964229611560055,7.230452472494993e-22
1085820,0.0,2.552015880229241e-44,9959.330658076538,0.9964229611560054,7.229005051020105e-22
1085880,0.0,2.5515038104060035e-44,9959.330658076544,0.9964229611560054,7.227557629545218e-22
1085940,0.0,2.5509917405827653e-44,9959.33065807655,0.9964229611560053,7.226110208070331e-22
1086000,0.0,2.5504796707595277e-44,9959.330658076557,0.9964229611560053,7.224662786595443e-22
1086060,0.0,2.5499676009362895e-44,9959.330658076562,0.9964229611560051,7.223215365120554e-22
1086120,0.0,2.549455531113052e-44,9959.330658076567,0.9964229611560051,7.221767943645667e-22
1086180,0.0,2.548943461289814e-44,9959.330658076573,0.996422961156005,7.2203205221707795e-22
1086240,0.0,2.5484313914665764e-44,9959.33065807658,0.996422961156005,7.218873100695893e-22
1086300,0.0,2.5479193216433383e-44,9959.330658076586,0.9964229611560049,7.217425679221006e-22
1086360,0.0,2.5474072518201e-44,9959.330658076591,0.9964229611560048,7.215978257746117e-22
1086420,0.0,2.5468951819968624e-44,9959.330658076597,0.9964229611560048,7.214530836271229e-22
1086480,0.0,2.5463831121736247e-44,9959.330658076602,0.9964229611560047,7.213083414796342e-22
1086540,0.0,2.545871042350387e-44,9959.33065807661,0.9964229611560047,7.211635993321454e-22
1086600,0.0,2.5453589725271494e-44,9959.330658076615,0.9964229611560046,7.210188571846567e-22
1086660,0.0,2.544846902703911e-44,9959.33065807662,0.9964229611560046,7.208741150371678e-22
1086720,0.0,2.544334832880673e-44,9959.330658076626,0.9964229611560045,7.2072937288967915e-22
1086780,0.0,2.5438227630574354e-44,9959.330658076631,0.9964229611560045,7.205846307421904e-22
1086840,0.0,2.5433106932341977e-44,9959.330658076638,0.9964229611560044,7.204398885947017e-22
1086900,0.0,2.54279862341096e-44,9959.330658076644,0.9964229611560043,7.202951464472129e-22
1086960,0.0,2.542286553587722e-44,9959.33065807665,0.9964229611560043,7.201504042997241e-22
1087020,0.0,2.541774483764484e-44,9959.330658076655,0.9964229611560041,7.200056621522353e-22
1087080,0.0,2.541262413941246e-44,9959.330658076662,0.9964229611560041,7.198609200047466e-22
1087140,0.0,2.5407503441180083e-44,9959.330658076668,0.996422961156004,7.197161778572578e-22
1087200,0.0,2.54023827429477e-44,9959.330658076673,0.996422961156004,7.19571435709769e-22
1087260,0.0,2.5397262044715325e-44,9959.330658076678,0.9964229611560039,7.194266935622803e-22
1087320,0.0,2.539214134648295e-44,9959.330658076684,0.9964229611560039,7.192819514147916e-22
1087380,0.0,2.538702064825057e-44,9959.330658076691,0.9964229611560038,7.191372092673028e-22
1087440,0.0,2.538189995001819e-44,9959.330658076697,0.9964229611560038,7.189924671198141e-22
1087500,0.0,2.5376779251785807e-44,9959.330658076702,0.9964229611560037,7.188477249723252e-22
1087560,0.0,2.537165855355343e-44,9959.330658076708,0.9964229611560036,7.187029828248365e-22
1087620,0.0,2.5366537855321054e-44,9959.330658076715,0.9964229611560036,7.185582406773477e-22
1087680,0.0,2.5361417157088677e-44,9959.33065807672,0.9964229611560035,7.18413498529859e-22
1087740,0.0,2.53562964588563e-44,9959.330658076726,0.9964229611560035,7.182687563823702e-22
1087800,0.0,2.535117576062392e-44,9959.330658076731,0.9964229611560034,7.181240142348814e-22
1087860,0.0,2.5346055062391537e-44,9959.330658076737,0.9964229611560034,7.179792720873927e-22
1087920,0.0,2.534093436415916e-44,9959.330658076744,0.9964229611560033,7.17834529939904e-22
1087980,0.0,2.5335813665926783e-44,9959.33065807675,0.9964229611560033,7.176897877924152e-22
1088040,0.0,2.5330692967694407e-44,9959.330658076755,0.9964229611560032,7.175450456449265e-22
1088100,0.0,2.5325572269462025e-44,9959.33065807676,0.996422961156003,7.174003034974376e-22
1088160,0.0,2.532045157122965e-44,9959.330658076766,0.996422961156003,7.172555613499488e-22
1088220,0.0,2.5315330872997266e-44,9959.330658076773,0.9964229611560029,7.171108192024601e-22
1088280,0.0,2.531021017476489e-44,9959.330658076778,0.9964229611560029,7.169660770549714e-22
1088340,0.0,2.5305089476532513e-44,9959.330658076784,0.9964229611560028,7.168213349074827e-22
1088400,0.0,2.529996877830013e-44,9959.33065807679,0.9964229611560028,7.166765927599938e-22
1088460,0.0,2.5294848080067754e-44,9959.330658076797,0.9964229611560027,7.165318506125051e-22
1088520,0.0,2.5289727381835377e-44,9959.330658076802,0.9964229611560027,7.163871084650163e-22
1088580,0.0,2.5284606683602996e-44,9959.330658076808,0.9964229611560026,7.162423663175276e-22
1088640,0.0,2.527948598537062e-44,9959.330658076813,0.9964229611560026,7.160976241700389e-22
1088700,0.0,2.5274365287138237e-44,9959.330658076819,0.9964229611560025,7.1595288202255e-22
1088760,0.0,2.526924458890586e-44,9959.330658076826,0.9964229611560024,7.158081398750612e-22
1088820,0.0,2.5264123890673484e-44,9959.330658076831,0.9964229611560024,7.1566339772757255e-22
1088880,0.0,2.5259003192441107e-44,9959.330658076837,0.9964229611560023,7.155186555800838e-22
1088940,0.0,2.5253882494208725e-44,9959.330658076842,0.9964229611560023,7.153739134325951e-22
1089000,0.0,2.5248761795976343e-44,9959.330658076848,0.9964229611560022,7.152291712851062e-22
1089060,0.0,2.5243641097743967e-44,9959.330658076855,0.9964229611560022,7.150844291376175e-22
1089120,0.0,2.523852039951159e-44,9959.33065807686,0.996422961156002,7.149396869901287e-22
1089180,0.0,2.5233399701279213e-44,9959.330658076866,0.996422961156002,7.1479494484264e-22
1089240,0.0,2.522827900304683e-44,9959.330658076871,0.9964229611560019,7.146502026951511e-22
1089300,0.0,2.5223158304814454e-44,9959.330658076879,0.9964229611560018,7.145054605476624e-22
1089360,0.0,2.5218037606582073e-44,9959.330658076884,0.9964229611560018,7.143607184001737e-22
1089420,0.0,2.5212916908349696e-44,9959.33065807689,0.9964229611560017,7.14215976252685e-22
1089480,0.0,2.520779621011732e-44,9959.330658076895,0.9964229611560017,7.140712341051962e-22
1089540,0.0,2.5202675511884937e-44,9959.3306580769,0.9964229611560016,7.139264919577074e-22
1089600,0.0,2.519755481365256e-44,9959.330658076908,0.9964229611560016,7.137817498102186e-22
1089660,0.0,2.5192434115420184e-44,9959.330658076913,0.9964229611560015,7.136370076627299e-22
1089720,0.0,2.51873134171878e-44,9959.330658076919,0.9964229611560015,7.134922655152411e-22
1089780,0.0,2.5182192718955425e-44,9959.330658076924,0.9964229611560014,7.133475233677524e-22
1089840,0.0,2.5177072020723044e-44,9959.33065807693,0.9964229611560014,7.132027812202635e-22
1089900,0.0,2.5171951322490667e-44,9959.330658076937,0.9964229611560013,7.1305803907277485e-22
1089960,0.0,2.516683062425829e-44,9959.330658076942,0.9964229611560012,7.129132969252861e-22
1090020,0.0,2.5161709926025913e-44,9959.330658076948,0.9964229611560012,7.127685547777974e-22
1090080,0.0,2.515658922779353e-44,9959.330658076953,0.996422961156001,7.126238126303086e-22
1090140,0.0,2.515146852956115e-44,9959.33065807696,0.996422961156001,7.124790704828197e-22
1090200,0.0,2.5146347831328773e-44,9959.330658076966,0.9964229611560009,7.12334328335331e-22
1090260,0.0,2.5141227133096396e-44,9959.330658076971,0.9964229611560009,7.121895861878423e-22
1090320,0.0,2.513610643486402e-44,9959.330658076977,0.9964229611560008,7.120448440403535e-22
1090380,0.0,2.5130985736631643e-44,9959.330658076982,0.9964229611560008,7.119001018928648e-22
1090440,0.0,2.512586503839926e-44,9959.33065807699,0.9964229611560007,7.11755359745376e-22
1090500,0.0,2.512074434016688e-44,9959.330658076995,0.9964229611560006,7.116106175978872e-22
1090560,0.0,2.51156236419345e-44,9959.330658077,0.9964229611560006,7.114658754503985e-22
1090620,0.0,2.5110502943702126e-44,9959.330658077006,0.9964229611560005,7.113211333029098e-22
1090680,0.0,2.510538224546975e-44,9959.330658077013,0.9964229611560005,7.11176391155421e-22
1090740,0.0,2.5100261547237367e-44,9959.330658077019,0.9964229611560004,7.110316490079321e-22
1090800,0.0,2.509514084900499e-44,9959.330658077024,0.9964229611560004,7.108869068604434e-22
1090860,0.0,2.5090020150772614e-44,9959.33065807703,0.9964229611560003,7.107421647129546e-22
1090920,0.0,2.508489945254023e-44,9959.330658077035,0.9964229611560003,7.105974225654659e-22
1090980,0.0,2.5079778754307855e-44,9959.330658077042,0.9964229611560002,7.1045268041797725e-22
1091040,0.0,2.5074658056075473e-44,9959.330658077048,0.9964229611560002,7.103079382704884e-22
1091100,0.0,2.5069537357843097e-44,9959.330658077053,0.996422961156,7.101631961229996e-22
1091160,0.0,2.506441665961072e-44,9959.330658077059,0.9964229611559999,7.100184539755109e-22
1091220,0.0,2.5059295961378343e-44,9959.330658077064,0.9964229611559999,7.098737118280221e-22
1091280,0.0,2.5054175263145956e-44,9959.330658077071,0.9964229611559998,7.097289696805333e-22
1091340,0.0,2.504905456491358e-44,9959.330658077077,0.9964229611559998,7.095842275330445e-22
1091400,0.0,2.5043933866681203e-44,9959.330658077082,0.9964229611559997,7.094394853855558e-22
1091460,0.0,2.5038813168448826e-44,9959.330658077088,0.9964229611559997,7.0929474323806705e-22
1091520,0.0,2.503369247021645e-44,9959.330658077095,0.9964229611559996,7.091500010905784e-22
1091580,0.0,2.5028571771984067e-44,9959.3306580771,0.9964229611559996,7.090052589430895e-22
1091640,0.0,2.502345107375169e-44,9959.330658077106,0.9964229611559995,7.088605167956008e-22
1091700,0.0,2.501833037551931e-44,9959.330658077111,0.9964229611559994,7.08715774648112e-22
1091760,0.0,2.501320967728693e-44,9959.330658077117,0.9964229611559994,7.085710325006233e-22
1091820,0.0,2.5008088979054555e-44,9959.330658077124,0.9964229611559993,7.084262903531345e-22
1091880,0.0,2.5002968280822174e-44,9959.33065807713,0.9964229611559993,7.082815482056457e-22
1091940,0.0,2.4997847582589797e-44,9959.330658077135,0.9964229611559992,7.081368060581569e-22
1092000,0.0,2.499272688435742e-44,9959.33065807714,0.9964229611559992,7.0799206391066825e-22
1092060,0.0,2.498760618612504e-44,9959.330658077146,0.996422961155999,7.078473217631795e-22
1092120,0.0,2.498248548789266e-44,9959.330658077153,0.996422961155999,7.077025796156908e-22
1092180,0.0,2.497736478966028e-44,9959.330658077159,0.9964229611559989,7.075578374682019e-22
1092240,0.0,2.4972244091427903e-44,9959.330658077164,0.9964229611559988,7.074130953207132e-22
1092300,0.0,2.4967123393195526e-44,9959.33065807717,0.9964229611559988,7.072683531732244e-22
1092360,0.0,2.496200269496315e-44,9959.330658077177,0.9964229611559987,7.071236110257357e-22
1092420,0.0,2.495688199673077e-44,9959.330658077182,0.9964229611559987,7.069788688782469e-22
1092480,0.0,2.4951761298498386e-44,9959.330658077188,0.9964229611559986,7.0683412673075805e-22
1092540,0.0,2.494664060026601e-44,9959.330658077193,0.9964229611559986,7.066893845832694e-22
1092600,0.0,2.494151990203363e-44,9959.330658077199,0.9964229611559985,7.065446424357807e-22
1092660,0.0,2.4936399203801256e-44,9959.330658077206,0.9964229611559985,7.063999002882919e-22
1092720,0.0,2.493127850556888e-44,9959.330658077211,0.9964229611559984,7.062551581408032e-22
1092780,0.0,2.4926157807336497e-44,9959.330658077217,0.9964229611559984,7.061104159933143e-22
1092840,0.0,2.4921037109104115e-44,9959.330658077222,0.9964229611559983,7.059656738458255e-22
1092900,0.0,2.491591641087174e-44,9959.330658077228,0.9964229611559982,7.058209316983368e-22
1092960,0.0,2.491079571263936e-44,9959.330658077235,0.9964229611559982,7.056761895508481e-22
1093020,0.0,2.4905675014406985e-44,9959.33065807724,0.996422961155998,7.055314474033593e-22
1093080,0.0,2.4900554316174603e-44,9959.330658077246,0.996422961155998,7.053867052558705e-22
1093140,0.0,2.4895433617942227e-44,9959.330658077251,0.9964229611559979,7.052419631083818e-22
1093200,0.0,2.4890312919709845e-44,9959.330658077259,0.9964229611559979,7.05097220960893e-22
1093260,0.0,2.488519222147747e-44,9959.330658077264,0.9964229611559978,7.049524788134043e-22
1093320,0.0,2.4880071523245086e-44,9959.33065807727,0.9964229611559978,7.048077366659154e-22
1093380,0.0,2.487495082501271e-44,9959.330658077275,0.9964229611559977,7.046629945184267e-22
1093440,0.0,2.4869830126780333e-44,9959.33065807728,0.9964229611559976,7.045182523709379e-22
1093500,0.0,2.4864709428547956e-44,9959.330658077288,0.9964229611559976,7.043735102234492e-22
1093560,0.0,2.4859588730315574e-44,9959.330658077293,0.9964229611559975,7.042287680759604e-22
1093620,0.0,2.485446803208319e-44,9959.330658077299,0.9964229611559975,7.040840259284717e-22
1093680,0.0,2.4849347333850816e-44,9959.330658077304,0.9964229611559974,7.039392837809829e-22
1093740,0.0,2.484422663561844e-44,9959.330658077311,0.9964229611559974,7.037945416334942e-22
1093800,0.0,2.483910593738606e-44,9959.330658077317,0.9964229611559973,7.036497994860054e-22
1093860,0.0,2.4833985239153685e-44,9959.330658077322,0.9964229611559973,7.035050573385167e-22
1093920,0.0,2.4828864540921304e-44,9959.330658077328,0.9964229611559972,7.033603151910278e-22
1093980,0.0,2.482374384268892e-44,9959.330658077333,0.9964229611559972,7.032155730435391e-22
1094040,0.0,2.4818623144456545e-44,9959.33065807734,0.996422961155997,7.030708308960503e-22
1094100,0.0,2.481350244622417e-44,9959.330658077346,0.9964229611559969,7.029260887485616e-22
1094160,0.0,2.480838174799179e-44,9959.330658077351,0.9964229611559969,7.027813466010729e-22
1094220,0.0,2.480326104975941e-44,9959.330658077357,0.9964229611559968,7.026366044535841e-22
1094280,0.0,2.4798140351527033e-44,9959.330658077362,0.9964229611559968,7.024918623060953e-22
1094340,0.0,2.479301965329465e-44,9959.33065807737,0.9964229611559967,7.023471201586066e-22
1094400,0.0,2.4787898955062274e-44,9959.330658077375,0.9964229611559967,7.022023780111178e-22
1094460,0.0,2.47827782568299e-44,9959.33065807738,0.9964229611559966,7.020576358636291e-22
1094520,0.0,2.4777657558597516e-44,9959.330658077386,0.9964229611559966,7.019128937161402e-22
1094580,0.0,2.477253686036514e-44,9959.330658077393,0.9964229611559965,7.017681515686515e-22
1094640,0.0,2.476741616213276e-44,9959.330658077399,0.9964229611559964,7.0162340942116275e-22
1094700,0.0,2.476229546390038e-44,9959.330658077404,0.9964229611559964,7.014786672736741e-22
1094760,0.0,2.4757174765668004e-44,9959.33065807741,0.9964229611559963,7.013339251261853e-22
1094820,0.0,2.475205406743562e-44,9959.330658077415,0.9964229611559963,7.011891829786964e-22
1094880,0.0,2.4746933369203245e-44,9959.330658077422,0.9964229611559962,7.010444408312077e-22
1094940,0.0,2.474181267097087e-44,9959.330658077428,0.9964229611559962,7.00899698683719e-22
1095000,0.0,2.473669197273849e-44,9959.330658077433,0.996422961155996,7.007549565362302e-22
1095060,0.0,2.473157127450611e-44,9959.330658077439,0.996422961155996,7.006102143887415e-22
1095120,0.0,2.472645057627373e-44,9959.330658077444,0.9964229611559959,7.004654722412526e-22
1095180,0.0,2.472132987804135e-44,9959.330658077452,0.9964229611559959,7.003207300937639e-22
1095240,0.0,2.4716209179808975e-44,9959.330658077457,0.9964229611559958,7.001759879462752e-22
1095300,0.0,2.47110884815766e-44,9959.330658077462,0.9964229611559957,7.000312457987865e-22
1095360,0.0,2.4705967783344216e-44,9959.330658077468,0.9964229611559957,6.998865036512976e-22
1095420,0.0,2.470084708511184e-44,9959.330658077475,0.9964229611559956,6.997417615038088e-22
1095480,0.0,2.469572638687946e-44,9959.33065807748,0.9964229611559956,6.995970193563201e-22
1095540,0.0,2.469060568864708e-44,9959.330658077486,0.9964229611559955,6.994522772088313e-22
1095600,0.0,2.4685484990414704e-44,9959.330658077492,0.9964229611559955,6.993075350613426e-22
1095660,0.0,2.468036429218232e-44,9959.330658077497,0.9964229611559954,6.9916279291385375e-22
1095720,0.0,2.4675243593949946e-44,9959.330658077504,0.9964229611559954,6.990180507663651e-22
1095780,0.0,2.467012289571757e-44,9959.33065807751,0.9964229611559953,6.988733086188763e-22
1095840,0.0,2.4665002197485187e-44,9959.330658077515,0.9964229611559952,6.987285664713876e-22
1095900,0.0,2.465988149925281e-44,9959.33065807752,0.9964229611559952,6.985838243238988e-22
1095960,0.0,2.465476080102043e-44,9959.330658077526,0.996422961155995,6.9843908217641e-22
1096020,0.0,2.464964010278805e-44,9959.330658077533,0.996422961155995,6.982943400289212e-22
1096080,0.0,2.4644519404555675e-44,9959.330658077539,0.9964229611559949,6.981495978814325e-22
1096140,0.0,2.46393987063233e-44,9959.330658077544,0.9964229611559949,6.980048557339437e-22
1096200,0.0,2.463427800809092e-44,9959.33065807755,0.9964229611559948,6.97860113586455e-22
1096260,0.0,2.4629157309858535e-44,9959.330658077557,0.9964229611559948,6.977153714389662e-22
1096320,0.0,2.462403661162616e-44,9959.330658077562,0.9964229611559947,6.975706292914775e-22
1096380,0.0,2.461891591339378e-44,9959.330658077568,0.9964229611559947,6.974258871439887e-22
1096440,0.0,2.4613795215161404e-44,9959.330658077573,0.9964229611559946,6.972811449965e-22
1096500,0.0,2.460867451692903e-44,9959.330658077579,0.9964229611559945,6.971364028490112e-22
1096560,0.0,2.4603553818696646e-44,9959.330658077586,0.9964229611559945,6.969916607015224e-22
1096620,0.0,2.4598433120464264e-44,9959.330658077592,0.9964229611559944,6.968469185540336e-22
1096680,0.0,2.4593312422231887e-44,9959.330658077597,0.9964229611559944,6.967021764065449e-22
1096740,0.0,2.458819172399951e-44,9959.330658077602,0.9964229611559943,6.9655743425905615e-22
1096800,0.0,2.4583071025767134e-44,9959.33065807761,0.9964229611559943,6.964126921115675e-22
1096860,0.0,2.457795032753475e-44,9959.330658077615,0.9964229611559942,6.962679499640786e-22
1096920,0.0,2.4572829629302375e-44,9959.33065807762,0.9964229611559942,6.961232078165899e-22
1096980,0.0,2.456770893107e-44,9959.330658077626,0.996422961155994,6.959784656691011e-22
1097040,0.0,2.4562588232837617e-44,9959.330658077632,0.9964229611559939,6.958337235216124e-22
1097100,0.0,2.4557467534605235e-44,9959.330658077639,0.9964229611559939,6.956889813741235e-22
1097160,0.0,2.455234683637286e-44,9959.330658077644,0.9964229611559938,6.955442392266347e-22
1097220,0.0,2.454722613814048e-44,9959.33065807765,0.9964229611559938,6.95399497079146e-22
1097280,0.0,2.4542105439908105e-44,9959.330658077655,0.9964229611559937,6.952547549316573e-22
1097340,0.0,2.453698474167573e-44,9959.33065807766,0.9964229611559937,6.951100127841686e-22
1097400,0.0,2.4531864043443346e-44,9959.330658077668,0.9964229611559936,6.949652706366797e-22
1097460,0.0,2.4526743345210964e-44,9959.330658077673,0.9964229611559936,6.94820528489191e-22
1097520,0.0,2.452162264697859e-44,9959.330658077679,0.9964229611559935,6.946757863417022e-22
1097580,0.0,2.451650194874621e-44,9959.330658077684,0.9964229611559934,6.945310441942135e-22
1097640,0.0,2.4511381250513834e-44,9959.330658077692,0.9964229611559934,6.943863020467248e-22
1097700,0.0,2.450626055228145e-44,9959.330658077697,0.9964229611559933,6.942415598992359e-22
1097760,0.0,2.4501139854049076e-44,9959.330658077703,0.9964229611559933,6.940968177517471e-22
1097820,0.0,2.4496019155816694e-44,9959.330658077708,0.9964229611559932,6.9395207560425845e-22
1097880,0.0,2.4490898457584317e-44,9959.330658077713,0.9964229611559932,6.938073334567697e-22
1097940,0.0,2.448577775935194e-44,9959.33065807772,0.996422961155993,6.93662591309281e-22
1098000,0.0,2.448065706111956e-44,9959.330658077726,0.996422961155993,6.935178491617921e-22
1098060,0.0,2.447553636288718e-44,9959.330658077732,0.9964229611559929,6.933731070143034e-22
1098120,0.0,2.4470415664654805e-44,9959.330658077737,0.9964229611559929,6.932283648668146e-22
1098180,0.0,2.4465294966422423e-44,9959.330658077743,0.9964229611559928,6.930836227193259e-22
1098240,0.0,2.4460174268190046e-44,9959.33065807775,0.9964229611559927,6.929388805718371e-22
1098300,0.0,2.4455053569957665e-44,9959.330658077755,0.9964229611559927,6.927941384243483e-22
1098360,0.0,2.444993287172529e-44,9959.33065807776,0.9964229611559926,6.926493962768596e-22
1098420,0.0,2.444481217349291e-44,9959.330658077766,0.9964229611559926,6.925046541293709e-22
1098480,0.0,2.4439691475260534e-44,9959.330658077773,0.9964229611559925,6.923599119818821e-22
1098540,0.0,2.4434570777028153e-44,9959.330658077779,0.9964229611559925,6.922151698343934e-22
1098600,0.0,2.442945007879577e-44,9959.330658077784,0.9964229611559924,6.920704276869045e-22
1098660,0.0,2.4424329380563394e-44,9959.33065807779,0.9964229611559924,6.919256855394158e-22
1098720,0.0,2.4419208682331017e-44,9959.330658077795,0.9964229611559923,6.91780943391927e-22
1098780,0.0,2.441408798409864e-44,9959.330658077803,0.9964229611559922,6.916362012444383e-22
1098840,0.0,2.4408967285866264e-44,9959.330658077808,0.9964229611559922,6.914914590969495e-22
1098900,0.0,2.440384658763388e-44,9959.330658077813,0.996422961155992,6.913467169494608e-22
1098960,0.0,2.43987258894015e-44,9959.330658077819,0.996422961155992,6.91201974801972e-22
1099020,0.0,2.4393605191169124e-44,9959.330658077824,0.9964229611559919,6.910572326544833e-22
1099080,0.0,2.4388484492936747e-44,9959.330658077832,0.9964229611559919,6.909124905069945e-22
1099140,0.0,2.4383363794704365e-44,9959.330658077837,0.9964229611559918,6.907677483595056e-22
1099200,0.0,2.437824309647199e-44,9959.330658077843,0.9964229611559918,6.906230062120169e-22
1099260,0.0,2.437312239823961e-44,9959.330658077848,0.9964229611559917,6.904782640645282e-22
1099320,0.0,2.436800170000723e-44,9959.330658077855,0.9964229611559917,6.903335219170394e-22
1099380,0.0,2.4362881001774853e-44,9959.33065807786,0.9964229611559916,6.901887797695507e-22
1099440,0.0,2.435776030354247e-44,9959.330658077866,0.9964229611559915,6.900440376220619e-22
1099500,0.0,2.4352639605310094e-44,9959.330658077872,0.9964229611559915,6.898992954745731e-22
1099560,0.0,2.434751890707772e-44,9959.330658077877,0.9964229611559914,6.897545533270844e-22
1099620,0.0,2.434239820884534e-44,9959.330658077884,0.9964229611559914,6.896098111795957e-22
1099680,0.0,2.433727751061296e-44,9959.33065807789,0.9964229611559913,6.894650690321069e-22
1099740,0.0,2.4332156812380577e-44,9959.330658077895,0.9964229611559913,6.89320326884618e-22
1099800,0.0,2.43270361141482e-44,9959.3306580779,0.9964229611559912,6.891755847371293e-22
1099860,0.0,2.4321915415915824e-44,9959.330658077908,0.9964229611559912,6.890308425896405e-22
1099920,0.0,2.4316794717683447e-44,9959.330658077914,0.996422961155991,6.8888610044215185e-22
1099980,0.0,2.431167401945107e-44,9959.330658077919,0.9964229611559909,6.887413582946632e-22
1100040,0.0,2.430655332121869e-44,9959.330658077924,0.9964229611559909,6.885966161471743e-22
1100100,0.0,2.4301432622986307e-44,9959.33065807793,0.9964229611559908,6.884518739996855e-22
1100160,0.0,2.429631192475393e-44,9959.330658077937,0.9964229611559908,6.883071318521968e-22
1100220,0.0,2.4291191226521553e-44,9959.330658077943,0.9964229611559907,6.88162389704708e-22
1100280,0.0,2.4286070528289176e-44,9959.330658077948,0.9964229611559907,6.880176475572193e-22
1100340,0.0,2.4280949830056795e-44,9959.330658077954,0.9964229611559906,6.878729054097304e-22
1100400,0.0,2.427582913182442e-44,9959.330658077959,0.9964229611559906,6.877281632622417e-22
1100460,0.0,2.4270708433592036e-44,9959.330658077966,0.9964229611559905,6.87583421114753e-22
1100520,0.0,2.426558773535966e-44,9959.330658077972,0.9964229611559905,6.874386789672643e-22
1100580,0.0,2.4260467037127283e-44,9959.330658077977,0.9964229611559904,6.872939368197755e-22
1100640,0.0,2.42553463388949e-44,9959.330658077983,0.9964229611559903,6.871491946722867e-22
1100700,0.0,2.4250225640662524e-44,9959.33065807799,0.9964229611559903,6.870044525247979e-22
1100760,0.0,2.4245104942430147e-44,9959.330658077995,0.9964229611559902,6.868597103773092e-22
1100820,0.0,2.4239984244197766e-44,9959.330658078,0.9964229611559902,6.867149682298204e-22
1100880,0.0,2.423486354596539e-44,9959.330658078006,0.99642296115599,6.865702260823317e-22
1100940,0.0,2.4229742847733007e-44,9959.330658078012,0.99642296115599,6.864254839348428e-22
1101000,0.0,2.422462214950063e-44,9959.330658078019,0.9964229611559899,6.862807417873542e-22
1101060,0.0,2.4219501451268254e-44,9959.330658078024,0.9964229611559899,6.861359996398654e-22
1101120,0.0,2.4214380753035877e-44,9959.33065807803,0.9964229611559898,6.859912574923767e-22
1101180,0.0,2.4209260054803495e-44,9959.330658078035,0.9964229611559897,6.858465153448878e-22
1101240,0.0,2.4204139356571113e-44,9959.33065807804,0.9964229611559897,6.857017731973991e-22
1101300,0.0,2.4199018658338736e-44,9959.330658078048,0.9964229611559896,6.855570310499103e-22
1101360,0.0,2.419389796010636e-44,9959.330658078054,0.9964229611559896,6.854122889024216e-22
1101420,0.0,2.4188777261873983e-44,9959.330658078059,0.9964229611559895,6.852675467549328e-22
1101480,0.0,2.41836565636416e-44,9959.330658078065,0.9964229611559895,6.8512280460744395e-22
1101540,0.0,2.4178535865409224e-44,9959.330658078072,0.9964229611559894,6.849780624599553e-22
1101600,0.0,2.4173415167176843e-44,9959.330658078077,0.9964229611559894,6.848333203124666e-22
1101660,0.0,2.4168294468944466e-44,9959.330658078083,0.9964229611559893,6.846885781649778e-22
1101720,0.0,2.416317377071209e-44,9959.330658078088,0.9964229611559893,6.845438360174891e-22
1101780,0.0,2.4158053072479707e-44,9959.330658078094,0.9964229611559892,6.843990938700002e-22
1101840,0.0,2.415293237424733e-44,9959.3306580781,0.996422961155989,6.842543517225114e-22
1101900,0.0,2.4147811676014954e-44,9959.330658078106,0.996422961155989,6.841096095750227e-22
1101960,0.0,2.414269097778257e-44,9959.330658078112,0.9964229611559889,6.83964867427534e-22
1102020,0.0,2.4137570279550195e-44,9959.330658078117,0.9964229611559889,6.838201252800452e-22
1102080,0.0,2.4132449581317814e-44,9959.330658078123,0.9964229611559888,6.836753831325564e-22
1102140,0.0,2.4127328883085437e-44,9959.33065807813,0.9964229611559888,6.835306409850677e-22
1102200,0.0,2.412220818485306e-44,9959.330658078135,0.9964229611559887,6.833858988375789e-22
1102260,0.0,2.4117087486620683e-44,9959.330658078141,0.9964229611559887,6.832411566900902e-22
1102320,0.0,2.4111966788388306e-44,9959.330658078146,0.9964229611559886,6.830964145426015e-22
1102380,0.0,2.410684609015592e-44,9959.330658078154,0.9964229611559885,6.829516723951126e-22
1102440,0.0,2.4101725391923543e-44,9959.33065807816,0.9964229611559885,6.828069302476238e-22
1102500,0.0,2.4096604693691166e-44,9959.330658078165,0.9964229611559884,6.826621881001351e-22
1102560,0.0,2.409148399545879e-44,9959.33065807817,0.9964229611559884,6.8251744595264635e-22
1102620,0.0,2.4086363297226413e-44,9959.330658078175,0.9964229611559883,6.823727038051577e-22
1102680,0.0,2.408124259899403e-44,9959.330658078183,0.9964229611559883,6.822279616576688e-22
1102740,0.0,2.4076121900761654e-44,9959.330658078188,0.9964229611559882,6.820832195101801e-22
1102800,0.0,2.407100120252927e-44,9959.330658078194,0.9964229611559882,6.819384773626913e-22
1102860,0.0,2.4065880504296896e-44,9959.3306580782,0.996422961155988,6.817937352152026e-22
1102920,0.0,2.406075980606452e-44,9959.330658078206,0.9964229611559879,6.816489930677138e-22
1102980,0.0,2.4055639107832137e-44,9959.330658078212,0.9964229611559879,6.81504250920225e-22
1103040,0.0,2.405051840959976e-44,9959.330658078217,0.9964229611559878,6.813595087727362e-22
1103100,0.0,2.4045397711367384e-44,9959.330658078223,0.9964229611559878,6.8121476662524755e-22
1103160,0.0,2.4040277013135e-44,9959.330658078228,0.9964229611559877,6.810700244777588e-22
1103220,0.0,2.403515631490262e-44,9959.330658078236,0.9964229611559877,6.8092528233027e-22
1103280,0.0,2.4030035616670243e-44,9959.330658078241,0.9964229611559876,6.807805401827812e-22
1103340,0.0,2.4024914918437866e-44,9959.330658078246,0.9964229611559876,6.806357980352925e-22
1103400,0.0,2.401979422020549e-44,9959.330658078252,0.9964229611559875,6.804910558878037e-22
1103460,0.0,2.4014673521973113e-44,9959.330658078257,0.9964229611559875,6.80346313740315e-22
1103520,0.0,2.400955282374073e-44,9959.330658078265,0.9964229611559874,6.802015715928261e-22
1103580,0.0,2.400443212550835e-44,9959.33065807827,0.9964229611559873,6.800568294453374e-22
1103640,0.0,2.3999311427275973e-44,9959.330658078276,0.9964229611559873,6.799120872978487e-22
1103700,0.0,2.3994190729043596e-44,9959.330658078281,0.9964229611559872,6.7976734515036e-22
1103760,0.0,2.398907003081122e-44,9959.330658078288,0.9964229611559872,6.796226030028712e-22
1103820,0.0,2.3983949332578837e-44,9959.330658078294,0.996422961155987,6.794778608553823e-22
1103880,0.0,2.397882863434646e-44,9959.3306580783,0.996422961155987,6.793331187078936e-22
1103940,0.0,2.397370793611408e-44,9959.330658078305,0.9964229611559869,6.791883765604049e-22
1104000,0.0,2.39685872378817e-44,9959.33065807831,0.9964229611559869,6.790436344129161e-22
1104060,0.0,2.3963466539649325e-44,9959.330658078317,0.9964229611559868,6.788988922654274e-22
1104120,0.0,2.3958345841416944e-44,9959.330658078323,0.9964229611559867,6.7875415011793855e-22
1104180,0.0,2.3953225143184567e-44,9959.330658078328,0.9964229611559867,6.786094079704498e-22
1104240,0.0,2.394810444495219e-44,9959.330658078334,0.9964229611559866,6.784646658229611e-22
1104300,0.0,2.394298374671981e-44,9959.33065807834,0.9964229611559866,6.783199236754724e-22
1104360,0.0,2.393786304848743e-44,9959.330658078346,0.9964229611559865,6.781751815279836e-22
1104420,0.0,2.393274235025505e-44,9959.330658078352,0.9964229611559865,6.780304393804947e-22
1104480,0.0,2.3927621652022673e-44,9959.330658078357,0.9964229611559864,6.77885697233006e-22
1104540,0.0,2.3922500953790296e-44,9959.330658078363,0.9964229611559864,6.777409550855172e-22
1104600,0.0,2.391738025555792e-44,9959.33065807837,0.9964229611559863,6.775962129380285e-22
1104660,0.0,2.391225955732554e-44,9959.330658078376,0.9964229611559863,6.774514707905398e-22
1104720,0.0,2.3907138859093156e-44,9959.330658078381,0.9964229611559862,6.77306728643051e-22
1104780,0.0,2.390201816086078e-44,9959.330658078386,0.996422961155986,6.771619864955622e-22
1104840,0.0,2.38968974626284e-44,9959.330658078392,0.996422961155986,6.770172443480735e-22
1104900,0.0,2.3891776764396026e-44,9959.3306580784,0.9964229611559859,6.768725022005847e-22
1104960,0.0,2.388665606616365e-44,9959.330658078405,0.9964229611559859,6.76727760053096e-22
1105020,0.0,2.3881535367931267e-44,9959.33065807841,0.9964229611559858,6.765830179056071e-22
1105080,0.0,2.3876414669698885e-44,9959.330658078416,0.9964229611559858,6.764382757581184e-22
1105140,0.0,2.387129397146651e-44,9959.330658078421,0.9964229611559857,6.762935336106296e-22
1105200,0.0,2.386617327323413e-44,9959.330658078428,0.9964229611559857,6.761487914631409e-22
1105260,0.0,2.386105257500175e-44,9959.330658078434,0.9964229611559856,6.760040493156521e-22
1105320,0.0,2.3855931876769373e-44,9959.33065807844,0.9964229611559855,6.758593071681634e-22
1105380,0.0,2.3850811178536996e-44,9959.330658078445,0.9964229611559855,6.757145650206746e-22
1105440,0.0,2.3845690480304615e-44,9959.330658078452,0.9964229611559854,6.755698228731859e-22
1105500,0.0,2.384056978207224e-44,9959.330658078457,0.9964229611559854,6.754250807256971e-22
1105560,0.0,2.3835449083839856e-44,9959.330658078463,0.9964229611559853,6.752803385782083e-22
1105620,0.0,2.383032838560748e-44,9959.330658078468,0.9964229611559853,6.751355964307195e-22
1105680,0.0,2.3825207687375103e-44,9959.330658078474,0.9964229611559852,6.749908542832308e-22
1105740,0.0,2.3820086989142726e-44,9959.330658078481,0.9964229611559852,6.7484611213574205e-22
1105800,0.0,2.3814966290910344e-44,9959.330658078487,0.996422961155985,6.747013699882534e-22
1105860,0.0,2.380984559267796e-44,9959.330658078492,0.996422961155985,6.745566278407645e-22
1105920,0.0,2.3804724894445586e-44,9959.330658078497,0.9964229611559849,6.744118856932758e-22
1105980,0.0,2.379960419621321e-44,9959.330658078505,0.9964229611559848,6.74267143545787e-22
1106040,0.0,2.379448349798083e-44,9959.33065807851,0.9964229611559848,6.741224013982983e-22
1106100,0.0,2.3789362799748455e-44,9959.330658078516,0.9964229611559847,6.739776592508095e-22
1106160,0.0,2.3784242101516073e-44,9959.330658078521,0.9964229611559847,6.738329171033206e-22
1106220,0.0,2.377912140328369e-44,9959.330658078527,0.9964229611559846,6.736881749558319e-22
1106280,0.0,2.3774000705051315e-44,9959.330658078534,0.9964229611559846,6.7354343280834325e-22
1106340,0.0,2.376888000681894e-44,9959.33065807854,0.9964229611559845,6.733986906608545e-22
1106400,0.0,2.376375930858656e-44,9959.330658078545,0.9964229611559845,6.732539485133658e-22
1106460,0.0,2.375863861035418e-44,9959.33065807855,0.9964229611559844,6.731092063658769e-22
1106520,0.0,2.3753517912121803e-44,9959.330658078556,0.9964229611559843,6.729644642183881e-22
1106580,0.0,2.374839721388942e-44,9959.330658078563,0.9964229611559843,6.728197220708994e-22
1106640,0.0,2.3743276515657044e-44,9959.330658078568,0.9964229611559842,6.726749799234107e-22
1106700,0.0,2.373815581742467e-44,9959.330658078574,0.9964229611559842,6.725302377759219e-22
1106760,0.0,2.3733035119192286e-44,9959.33065807858,0.996422961155984,6.7238549562843305e-22
1106820,0.0,2.372791442095991e-44,9959.330658078587,0.996422961155984,6.722407534809444e-22
1106880,0.0,2.372279372272753e-44,9959.330658078592,0.9964229611559839,6.720960113334556e-22
1106940,0.0,2.371767302449515e-44,9959.330658078597,0.9964229611559839,6.719512691859669e-22
1107000,0.0,2.3712552326262774e-44,9959.330658078603,0.9964229611559838,6.718065270384782e-22
1107060,0.0,2.370743162803039e-44,9959.330658078608,0.9964229611559838,6.716617848909893e-22
1107120,0.0,2.3702310929798015e-44,9959.330658078616,0.9964229611559837,6.715170427435005e-22
1107180,0.0,2.369719023156564e-44,9959.330658078621,0.9964229611559836,6.713723005960118e-22
1107240,0.0,2.369206953333326e-44,9959.330658078627,0.9964229611559836,6.71227558448523e-22
1107300,0.0,2.368694883510088e-44,9959.330658078632,0.9964229611559835,6.7108281630103425e-22
1107360,0.0,2.36818281368685e-44,9959.330658078637,0.9964229611559835,6.709380741535455e-22
1107420,0.0,2.367670743863612e-44,9959.330658078645,0.9964229611559834,6.707933320060568e-22
1107480,0.0,2.3671586740403745e-44,9959.33065807865,0.9964229611559834,6.70648589858568e-22
1107540,0.0,2.366646604217137e-44,9959.330658078656,0.9964229611559833,6.705038477110793e-22
1107600,0.0,2.3661345343938986e-44,9959.330658078661,0.9964229611559833,6.703591055635904e-22
1107660,0.0,2.365622464570661e-44,9959.330658078668,0.9964229611559832,6.702143634161017e-22
1107720,0.0,2.365110394747423e-44,9959.330658078674,0.9964229611559831,6.700696212686129e-22
1107780,0.0,2.364598324924185e-44,9959.33065807868,0.9964229611559831,6.699248791211242e-22
1107840,0.0,2.3640862551009474e-44,9959.330658078685,0.996422961155983,6.6978013697363545e-22
1107900,0.0,2.363574185277709e-44,9959.33065807869,0.996422961155983,6.696353948261467e-22
1107960,0.0,2.3630621154544716e-44,9959.330658078698,0.9964229611559828,6.694906526786579e-22
1108020,0.0,2.362550045631234e-44,9959.330658078703,0.9964229611559828,6.693459105311692e-22
1108080,0.0,2.362037975807996e-44,9959.330658078708,0.9964229611559827,6.692011683836804e-22
1108140,0.0,2.361525905984758e-44,9959.330658078714,0.9964229611559827,6.690564262361917e-22
1108200,0.0,2.36101383616152e-44,9959.33065807872,0.9964229611559826,6.689116840887028e-22
1108260,0.0,2.360501766338282e-44,9959.330658078727,0.9964229611559825,6.687669419412141e-22
1108320,0.0,2.3599896965150445e-44,9959.330658078732,0.9964229611559825,6.686221997937253e-22
1108380,0.0,2.359477626691807e-44,9959.330658078738,0.9964229611559824,6.6847745764623665e-22
1108440,0.0,2.358965556868569e-44,9959.330658078743,0.9964229611559824,6.683327154987479e-22
1108500,0.0,2.3584534870453305e-44,9959.33065807875,0.9964229611559823,6.68187973351259e-22
1108560,0.0,2.357941417222093e-44,9959.330658078756,0.9964229611559823,6.680432312037703e-22
1108620,0.0,2.357429347398855e-44,9959.330658078761,0.9964229611559822,6.678984890562816e-22
1108680,0.0,2.3569172775756174e-44,9959.330658078767,0.9964229611559822,6.677537469087928e-22
1108740,0.0,2.35640520775238e-44,9959.330658078772,0.9964229611559821,6.676090047613041e-22
1108800,0.0,2.3558931379291416e-44,9959.33065807878,0.9964229611559821,6.674642626138152e-22
1108860,0.0,2.355381068105904e-44,9959.330658078785,0.996422961155982,6.673195204663264e-22
1108920,0.0,2.3548689982826657e-44,9959.33065807879,0.9964229611559818,6.6717477831883775e-22
1108980,0.0,2.354356928459428e-44,9959.330658078796,0.9964229611559818,6.670300361713491e-22
1109040,0.0,2.35384485863619e-44,9959.330658078803,0.9964229611559817,6.668852940238602e-22
1109100,0.0,2.353332788812952e-44,9959.330658078808,0.9964229611559817,6.667405518763714e-22
1109160,0.0,2.3528207189897145e-44,9959.330658078814,0.9964229611559816,6.665958097288827e-22
1109220,0.0,2.352308649166477e-44,9959.33065807882,0.9964229611559816,6.664510675813939e-22
1109280,0.0,2.3517965793432387e-44,9959.330658078825,0.9964229611559815,6.663063254339052e-22
1109340,0.0,2.3512845095200005e-44,9959.330658078832,0.9964229611559815,6.661615832864163e-22
1109400,0.0,2.350772439696763e-44,9959.330658078838,0.9964229611559814,6.660168411389276e-22
1109460,0.0,2.350260369873525e-44,9959.330658078843,0.9964229611559813,6.658720989914389e-22
1109520,0.0,2.3497483000502875e-44,9959.330658078849,0.9964229611559813,6.657273568439502e-22
1109580,0.0,2.34923623022705e-44,9959.330658078854,0.9964229611559812,6.655826146964614e-22
1109640,0.0,2.3487241604038116e-44,9959.330658078861,0.9964229611559812,6.654378725489726e-22
1109700,0.0,2.3482120905805734e-44,9959.330658078867,0.9964229611559811,6.652931304014838e-22
1109760,0.0,2.347700020757336e-44,9959.330658078872,0.9964229611559811,6.651483882539951e-22
1109820,0.0,2.347187950934098e-44,9959.330658078878,0.996422961155981,6.650036461065063e-22
1109880,0.0,2.3466758811108604e-44,9959.330658078885,0.996422961155981,6.648589039590176e-22
1109940,0.0,2.346163811287622e-44,9959.33065807889,0.9964229611559808,6.6471416181152875e-22
1110000,0.0,2.3456517414643846e-44,9959.330658078896,0.9964229611559808,6.645694196640401e-22
1110060,0.0,2.3451396716411464e-44,9959.330658078901,0.9964229611559807,6.644246775165513e-22
1110120,0.0,2.3446276018179087e-44,9959.330658078907,0.9964229611559806,6.642799353690626e-22
1110180,0.0,2.344115531994671e-44,9959.330658078914,0.9964229611559806,6.641351932215738e-22
1110240,0.0,2.343603462171433e-44,9959.33065807892,0.9964229611559805,6.63990451074085e-22
1110300,0.0,2.343091392348195e-44,9959.330658078925,0.9964229611559805,6.638457089265962e-22
1110360,0.0,2.3425793225249575e-44,9959.33065807893,0.9964229611559804,6.637009667791075e-22
1110420,0.0,2.3420672527017193e-44,9959.330658078936,0.9964229611559804,6.635562246316187e-22
1110480,0.0,2.3415551828784816e-44,9959.330658078943,0.9964229611559803,6.6341148248413e-22
1110540,0.0,2.3410431130552435e-44,9959.330658078949,0.9964229611559803,6.632667403366412e-22
1110600,0.0,2.340531043232006e-44,9959.330658078954,0.9964229611559802,6.631219981891525e-22
1110660,0.0,2.340018973408768e-44,9959.33065807896,0.9964229611559801,6.629772560416637e-22
1110720,0.0,2.3395069035855304e-44,9959.330658078967,0.9964229611559801,6.62832513894175e-22
1110780,0.0,2.3389948337622923e-44,9959.330658078972,0.99642296115598,6.626877717466862e-22
1110840,0.0,2.338482763939054e-44,9959.330658078978,0.99642296115598,6.625430295991973e-22
1110900,0.0,2.3379706941158164e-44,9959.330658078983,0.9964229611559798,6.623982874517086e-22
1110960,0.0,2.3374586242925787e-44,9959.330658078989,0.9964229611559798,6.622535453042199e-22
1111020,0.0,2.336946554469341e-44,9959.330658078996,0.9964229611559797,6.6210880315673115e-22
1111080,0.0,2.336434484646103e-44,9959.330658079001,0.9964229611559797,6.619640610092423e-22
1111140,0.0,2.335922414822865e-44,9959.330658079007,0.9964229611559796,6.618193188617536e-22
1111200,0.0,2.335410344999627e-44,9959.330658079012,0.9964229611559796,6.616745767142648e-22
1111260,0.0,2.3348982751763893e-44,9959.330658079018,0.9964229611559795,6.615298345667761e-22
1111320,0.0,2.3343862053531517e-44,9959.330658079025,0.9964229611559794,6.613850924192874e-22
1111380,0.0,2.3338741355299135e-44,9959.33065807903,0.9964229611559794,6.612403502717985e-22
1111440,0.0,2.333362065706676e-44,9959.330658079036,0.9964229611559793,6.610956081243097e-22
1111500,0.0,2.332849995883438e-44,9959.330658079041,0.9964229611559793,6.60950865976821e-22
1111560,0.0,2.3323379260602e-44,9959.330658079049,0.9964229611559792,6.608061238293323e-22
1111620,0.0,2.3318258562369623e-44,9959.330658079054,0.9964229611559792,6.606613816818436e-22
1111680,0.0,2.331313786413724e-44,9959.33065807906,0.9964229611559791,6.605166395343547e-22
1111740,0.0,2.3308017165904864e-44,9959.330658079065,0.9964229611559791,6.60371897386866e-22
1111800,0.0,2.330289646767249e-44,9959.33065807907,0.996422961155979,6.602271552393772e-22
1111860,0.0,2.329777576944011e-44,9959.330658079078,0.9964229611559788,6.600824130918885e-22
1111920,0.0,2.329265507120773e-44,9959.330658079083,0.9964229611559788,6.599376709443997e-22
1111980,0.0,2.3287534372975347e-44,9959.330658079089,0.9964229611559787,6.597929287969109e-22
1112040,0.0,2.328241367474297e-44,9959.330658079094,0.9964229611559787,6.596481866494221e-22
1112100,0.0,2.3277292976510594e-44,9959.330658079101,0.9964229611559786,6.595034445019335e-22
1112160,0.0,2.3272172278278217e-44,9959.330658079107,0.9964229611559786,6.593587023544447e-22
1112220,0.0,2.326705158004584e-44,9959.330658079112,0.9964229611559785,6.59213960206956e-22
1112280,0.0,2.326193088181346e-44,9959.330658079118,0.9964229611559785,6.590692180594671e-22
1112340,0.0,2.3256810183581077e-44,9959.330658079123,0.9964229611559784,6.589244759119784e-22
1112400,0.0,2.32516894853487e-44,9959.33065807913,0.9964229611559784,6.587797337644896e-22
1112460,0.0,2.3246568787116323e-44,9959.330658079136,0.9964229611559783,6.586349916170009e-22
1112520,0.0,2.3241448088883946e-44,9959.330658079141,0.9964229611559782,6.584902494695121e-22
1112580,0.0,2.3236327390651565e-44,9959.330658079147,0.9964229611559782,6.583455073220233e-22
1112640,0.0,2.323120669241919e-44,9959.330658079152,0.9964229611559781,6.582007651745346e-22
1112700,0.0,2.3226085994186806e-44,9959.33065807916,0.9964229611559781,6.580560230270459e-22
1112760,0.0,2.322096529595443e-44,9959.330658079165,0.996422961155978,6.579112808795571e-22
1112820,0.0,2.3215844597722053e-44,9959.33065807917,0.996422961155978,6.577665387320684e-22
1112880,0.0,2.321072389948967e-44,9959.330658079176,0.9964229611559778,6.576217965845795e-22
1112940,0.0,2.3205603201257294e-44,9959.330658079183,0.9964229611559778,6.574770544370908e-22
1113000,0.0,2.3200482503024917e-44,9959.330658079189,0.9964229611559777,6.57332312289602e-22
1113060,0.0,2.3195361804792536e-44,9959.330658079194,0.9964229611559776,6.571875701421133e-22
1113120,0.0,2.3190241106560154e-44,9959.3306580792,0.9964229611559776,6.5704282799462445e-22
1113180,0.0,2.3185120408327777e-44,9959.330658079205,0.9964229611559775,6.568980858471357e-22
1113240,0.0,2.31799997100954e-44,9959.330658079212,0.9964229611559775,6.56753343699647e-22
1113300,0.0,2.3174879011863023e-44,9959.330658079218,0.9964229611559774,6.566086015521583e-22
1113360,0.0,2.3169758313630647e-44,9959.330658079223,0.9964229611559774,6.564638594046695e-22
1113420,0.0,2.3164637615398265e-44,9959.330658079229,0.9964229611559773,6.563191172571806e-22
1113480,0.0,2.3159516917165883e-44,9959.330658079234,0.9964229611559773,6.561743751096919e-22
1113540,0.0,2.3154396218933506e-44,9959.330658079241,0.9964229611559772,6.560296329622031e-22
1113600,0.0,2.314927552070113e-44,9959.330658079247,0.9964229611559771,6.558848908147144e-22
1113660,0.0,2.3144154822468753e-44,9959.330658079252,0.9964229611559771,6.557401486672257e-22
1113720,0.0,2.313903412423637e-44,9959.330658079258,0.996422961155977,6.555954065197369e-22
1113780,0.0,2.3133913426003994e-44,9959.330658079265,0.996422961155977,6.554506643722481e-22
1113840,0.0,2.3128792727771613e-44,9959.33065807927,0.9964229611559768,6.553059222247594e-22
1113900,0.0,2.3123672029539236e-44,9959.330658079276,0.9964229611559768,6.551611800772706e-22
1113960,0.0,2.311855133130686e-44,9959.330658079281,0.9964229611559767,6.550164379297819e-22
1114020,0.0,2.3113430633074477e-44,9959.330658079287,0.9964229611559767,6.54871695782293e-22
1114080,0.0,2.31083099348421e-44,9959.330658079294,0.9964229611559766,6.547269536348043e-22
1114140,0.0,2.3103189236609724e-44,9959.3306580793,0.9964229611559766,6.545822114873155e-22
1114200,0.0,2.3098068538377347e-44,9959.330658079305,0.9964229611559765,6.5443746933982685e-22
1114260,0.0,2.3092947840144965e-44,9959.33065807931,0.9964229611559764,6.542927271923381e-22
1114320,0.0,2.3087827141912583e-44,9959.330658079316,0.9964229611559764,6.541479850448493e-22
1114380,0.0,2.3082706443680207e-44,9959.330658079323,0.9964229611559763,6.540032428973605e-22
1114440,0.0,2.307758574544783e-44,9959.330658079329,0.9964229611559763,6.538585007498718e-22
1114500,0.0,2.3072465047215453e-44,9959.330658079334,0.9964229611559762,6.53713758602383e-22
1114560,0.0,2.3067344348983076e-44,9959.33065807934,0.9964229611559762,6.535690164548943e-22
1114620,0.0,2.3062223650750695e-44,9959.330658079347,0.9964229611559761,6.534242743074054e-22
1114680,0.0,2.3057102952518313e-44,9959.330658079352,0.9964229611559761,6.532795321599167e-22
1114740,0.0,2.3051982254285936e-44,9959.330658079358,0.996422961155976,6.53134790012428e-22
1114800,0.0,2.304686155605356e-44,9959.330658079363,0.9964229611559758,6.529900478649393e-22
1114860,0.0,2.3041740857821183e-44,9959.330658079369,0.9964229611559758,6.528453057174505e-22
1114920,0.0,2.30366201595888e-44,9959.330658079376,0.9964229611559757,6.527005635699617e-22
1114980,0.0,2.3031499461356424e-44,9959.330658079381,0.9964229611559757,6.525558214224729e-22
1115040,0.0,2.302637876312404e-44,9959.330658079387,0.9964229611559756,6.524110792749842e-22
1115100,0.0,2.3021258064891665e-44,9959.330658079392,0.9964229611559756,6.522663371274954e-22
1115160,0.0,2.3016137366659284e-44,9959.3306580794,0.9964229611559755,6.521215949800066e-22
1115220,0.0,2.3011016668426907e-44,9959.330658079405,0.9964229611559755,6.5197685283251785e-22
1115280,0.0,2.300589597019453e-44,9959.33065807941,0.9964229611559754,6.518321106850292e-22
1115340,0.0,2.3000775271962153e-44,9959.330658079416,0.9964229611559754,6.516873685375404e-22
1115400,0.0,2.299565457372977e-44,9959.330658079421,0.9964229611559753,6.515426263900517e-22
1115460,0.0,2.299053387549739e-44,9959.330658079429,0.9964229611559752,6.513978842425628e-22
1115520,0.0,2.2985413177265013e-44,9959.330658079434,0.9964229611559752,6.51253142095074e-22
1115580,0.0,2.2980292479032636e-44,9959.33065807944,0.9964229611559751,6.511083999475853e-22
1115640,0.0,2.297517178080026e-44,9959.330658079445,0.9964229611559751,6.509636578000966e-22
1115700,0.0,2.2970051082567883e-44,9959.33065807945,0.996422961155975,6.508189156526078e-22
1115760,0.0,2.29649303843355e-44,9959.330658079458,0.996422961155975,6.50674173505119e-22
1115820,0.0,2.295980968610312e-44,9959.330658079463,0.9964229611559748,6.505294313576303e-22
1115880,0.0,2.2954688987870743e-44,9959.330658079469,0.9964229611559748,6.503846892101415e-22
1115940,0.0,2.2949568289638366e-44,9959.330658079474,0.9964229611559747,6.502399470626528e-22
1116000,0.0,2.294444759140599e-44,9959.330658079482,0.9964229611559746,6.500952049151641e-22
1116060,0.0,2.2939326893173607e-44,9959.330658079487,0.9964229611559746,6.499504627676752e-22
1116120,0.0,2.293420619494123e-44,9959.330658079492,0.9964229611559745,6.498057206201864e-22
1116180,0.0,2.292908549670885e-44,9959.330658079498,0.9964229611559745,6.496609784726977e-22
1116240,0.0,2.292396479847647e-44,9959.330658079503,0.9964229611559744,6.495162363252089e-22
1116300,0.0,2.2918844100244095e-44,9959.33065807951,0.9964229611559744,6.493714941777202e-22
1116360,0.0,2.2913723402011713e-44,9959.330658079516,0.9964229611559743,6.492267520302314e-22
1116420,0.0,2.2908602703779337e-44,9959.330658079522,0.9964229611559743,6.490820098827427e-22
1116480,0.0,2.290348200554696e-44,9959.330658079527,0.9964229611559742,6.489372677352539e-22
1116540,0.0,2.289836130731458e-44,9959.330658079532,0.9964229611559742,6.487925255877652e-22
1116600,0.0,2.28932406090822e-44,9959.33065807954,0.9964229611559741,6.486477834402764e-22
1116660,0.0,2.288811991084982e-44,9959.330658079545,0.996422961155974,6.485030412927876e-22
1116720,0.0,2.2882999212617443e-44,9959.33065807955,0.996422961155974,6.483582991452988e-22
1116780,0.0,2.2877878514385066e-44,9959.330658079556,0.9964229611559738,6.482135569978101e-22
1116840,0.0,2.287275781615269e-44,9959.330658079563,0.9964229611559738,6.4806881485032135e-22
1116900,0.0,2.286763711792031e-44,9959.330658079569,0.9964229611559737,6.479240727028327e-22
1116960,0.0,2.2862516419687926e-44,9959.330658079574,0.9964229611559737,6.477793305553438e-22
1117020,0.0,2.285739572145555e-44,9959.33065807958,0.9964229611559736,6.476345884078551e-22
1117080,0.0,2.285227502322317e-44,9959.330658079585,0.9964229611559736,6.474898462603663e-22
1117140,0.0,2.2847154324990795e-44,9959.330658079592,0.9964229611559735,6.473451041128776e-22
1117200,0.0,2.2842033626758414e-44,9959.330658079598,0.9964229611559734,6.472003619653887e-22
1117260,0.0,2.2836912928526037e-44,9959.330658079603,0.9964229611559734,6.470556198179e-22
1117320,0.0,2.2831792230293655e-44,9959.330658079609,0.9964229611559733,6.469108776704112e-22
1117380,0.0,2.282667153206128e-44,9959.330658079614,0.9964229611559733,6.4676613552292255e-22
1117440,0.0,2.28215508338289e-44,9959.330658079622,0.9964229611559732,6.466213933754338e-22
1117500,0.0,2.281643013559652e-44,9959.330658079627,0.9964229611559732,6.46476651227945e-22
1117560,0.0,2.2811309437364143e-44,9959.330658079632,0.9964229611559731,6.463319090804562e-22
1117620,0.0,2.2806188739131766e-44,9959.330658079638,0.9964229611559731,6.461871669329675e-22
1117680,0.0,2.2801068040899385e-44,9959.330658079645,0.996422961155973,6.460424247854787e-22
1117740,0.0,2.279594734266701e-44,9959.33065807965,0.996422961155973,6.4589768263799e-22
1117800,0.0,2.2790826644434626e-44,9959.330658079656,0.9964229611559728,6.457529404905011e-22
1117860,0.0,2.278570594620225e-44,9959.330658079662,0.9964229611559727,6.4560819834301235e-22
1117920,0.0,2.2780585247969873e-44,9959.330658079667,0.9964229611559727,6.454634561955237e-22
1117980,0.0,2.2775464549737496e-44,9959.330658079674,0.9964229611559726,6.45318714048035e-22
1118040,0.0,2.2770343851505114e-44,9959.33065807968,0.9964229611559726,6.451739719005462e-22
1118100,0.0,2.276522315327273e-44,9959.330658079685,0.9964229611559725,6.450292297530573e-22
1118160,0.0,2.2760102455040355e-44,9959.33065807969,0.9964229611559725,6.448844876055686e-22
1118220,0.0,2.275498175680798e-44,9959.330658079698,0.9964229611559724,6.447397454580798e-22
1118280,0.0,2.27498610585756e-44,9959.330658079703,0.9964229611559724,6.445950033105911e-22
1118340,0.0,2.2744740360343225e-44,9959.330658079709,0.9964229611559723,6.444502611631024e-22
1118400,0.0,2.2739619662110843e-44,9959.330658079714,0.9964229611559722,6.4430551901561355e-22
1118460,0.0,2.273449896387846e-44,9959.33065807972,0.9964229611559722,6.441607768681248e-22
1118520,0.0,2.2729378265646085e-44,9959.330658079727,0.9964229611559721,6.440160347206361e-22
1118580,0.0,2.272425756741371e-44,9959.330658079733,0.9964229611559721,6.438712925731473e-22
1118640,0.0,2.271913686918133e-44,9959.330658079738,0.996422961155972,6.437265504256586e-22
1118700,0.0,2.271401617094895e-44,9959.330658079743,0.996422961155972,6.435818082781697e-22
1118760,0.0,2.2708895472716573e-44,9959.330658079749,0.9964229611559718,6.43437066130681e-22
1118820,0.0,2.270377477448419e-44,9959.330658079756,0.9964229611559718,6.432923239831922e-22
1118880,0.0,2.2698654076251814e-44,9959.330658079762,0.9964229611559717,6.431475818357035e-22
1118940,0.0,2.269353337801944e-44,9959.330658079767,0.9964229611559716,6.4300283968821475e-22
1119000,0.0,2.2688412679787056e-44,9959.330658079773,0.9964229611559716,6.42858097540726e-22
1119060,0.0,2.268329198155468e-44,9959.33065807978,0.9964229611559715,6.427133553932372e-22
1119120,0.0,2.26781712833223e-44,9959.330658079785,0.9964229611559715,6.425686132457485e-22
1119180,0.0,2.267305058508992e-44,9959.33065807979,0.9964229611559714,6.424238710982597e-22
1119240,0.0,2.266792988685754e-44,9959.330658079796,0.9964229611559714,6.422791289507709e-22
1119300,0.0,2.266280918862516e-44,9959.330658079802,0.9964229611559713,6.421343868032821e-22
1119360,0.0,2.2657688490392785e-44,9959.330658079809,0.9964229611559713,6.419896446557934e-22
1119420,0.0,2.265256779216041e-44,9959.330658079814,0.9964229611559712,6.418449025083046e-22
1119480,0.0,2.264744709392803e-44,9959.33065807982,0.9964229611559712,6.4170016036081595e-22
1119540,0.0,2.264232639569565e-44,9959.330658079825,0.9964229611559711,6.415554182133271e-22
1119600,0.0,2.263720569746327e-44,9959.33065807983,0.996422961155971,6.414106760658384e-22
1119660,0.0,2.263208499923089e-44,9959.330658079838,0.996422961155971,6.412659339183496e-22
1119720,0.0,2.2626964300998515e-44,9959.330658079843,0.9964229611559708,6.411211917708609e-22
1119780,0.0,2.262184360276614e-44,9959.330658079849,0.9964229611559708,6.409764496233721e-22
1119840,0.0,2.2616722904533756e-44,9959.330658079854,0.9964229611559707,6.408317074758833e-22
1119900,0.0,2.261160220630138e-44,9959.330658079862,0.9964229611559707,6.406869653283945e-22
1119960,0.0,2.2606481508069003e-44,9959.330658079867,0.9964229611559706,6.405422231809058e-22
1120020,0.0,2.260136080983662e-44,9959.330658079873,0.9964229611559706,6.4039748103341705e-22
1120080,0.0,2.2596240111604244e-44,9959.330658079878,0.9964229611559705,6.402527388859284e-22
1120140,0.0,2.259111941337186e-44,9959.330658079884,0.9964229611559704,6.401079967384395e-22
1120200,0.0,2.2585998715139485e-44,9959.33065807989,0.9964229611559704,6.399632545909507e-22
1120260,0.0,2.258087801690711e-44,9959.330658079896,0.9964229611559703,6.39818512443462e-22
1120320,0.0,2.257575731867473e-44,9959.330658079902,0.9964229611559703,6.396737702959733e-22
1120380,0.0,2.257063662044235e-44,9959.330658079907,0.9964229611559702,6.395290281484845e-22
1120440,0.0,2.256551592220997e-44,9959.330658079913,0.9964229611559702,6.393842860009956e-22
1120500,0.0,2.256039522397759e-44,9959.33065807992,0.9964229611559701,6.392395438535069e-22
1120560,0.0,2.2555274525745215e-44,9959.330658079925,0.9964229611559701,6.390948017060182e-22
1120620,0.0,2.255015382751284e-44,9959.33065807993,0.99642296115597,6.389500595585295e-22
1120680,0.0,2.254503312928046e-44,9959.330658079936,0.99642296115597,6.388053174110408e-22
1120740,0.0,2.253991243104808e-44,9959.330658079944,0.9964229611559698,6.386605752635519e-22
1120800,0.0,2.25347917328157e-44,9959.330658079949,0.9964229611559697,6.385158331160631e-22
1120860,0.0,2.252967103458332e-44,9959.330658079954,0.9964229611559697,6.383710909685744e-22
1120920,0.0,2.2524550336350944e-44,9959.33065807996,0.9964229611559696,6.382263488210856e-22
1120980,0.0,2.2519429638118563e-44,9959.330658079965,0.9964229611559696,6.380816066735968e-22
1121040,0.0,2.2514308939886186e-44,9959.330658079973,0.9964229611559695,6.3793686452610805e-22
1121100,0.0,2.250918824165381e-44,9959.330658079978,0.9964229611559695,6.377921223786194e-22
1121160,0.0,2.2504067543421427e-44,9959.330658079984,0.9964229611559694,6.376473802311306e-22
1121220,0.0,2.249894684518905e-44,9959.330658079989,0.9964229611559694,6.375026380836419e-22
1121280,0.0,2.249382614695667e-44,9959.330658079996,0.9964229611559693,6.37357895936153e-22
1121340,0.0,2.248870544872429e-44,9959.330658080002,0.9964229611559692,6.372131537886643e-22
1121400,0.0,2.2483584750491915e-44,9959.330658080007,0.9964229611559692,6.370684116411755e-22
1121460,0.0,2.247846405225954e-44,9959.330658080013,0.9964229611559691,6.369236694936868e-22
1121520,0.0,2.2473343354027157e-44,9959.330658080018,0.9964229611559691,6.36778927346198e-22
1121580,0.0,2.2468222655794775e-44,9959.330658080025,0.996422961155969,6.3663418519870925e-22
1121640,0.0,2.24631019575624e-44,9959.33065808003,0.996422961155969,6.364894430512205e-22
1121700,0.0,2.245798125933002e-44,9959.330658080036,0.9964229611559688,6.363447009037318e-22
1121760,0.0,2.2452860561097645e-44,9959.330658080042,0.9964229611559688,6.36199958756243e-22
1121820,0.0,2.244773986286527e-44,9959.330658080047,0.9964229611559687,6.360552166087543e-22
1121880,0.0,2.2442619164632886e-44,9959.330658080054,0.9964229611559687,6.359104744612654e-22
1121940,0.0,2.2437498466400504e-44,9959.33065808006,0.9964229611559686,6.357657323137767e-22
1122000,0.0,2.243237776816813e-44,9959.330658080065,0.9964229611559685,6.356209901662879e-22
1122060,0.0,2.242725706993575e-44,9959.33065808007,0.9964229611559685,6.354762480187992e-22
1122120,0.0,2.2422136371703374e-44,9959.330658080078,0.9964229611559684,6.3533150587131045e-22
1122180,0.0,2.2417015673470992e-44,9959.330658080084,0.9964229611559684,6.351867637238217e-22
1122240,0.0,2.2411894975238615e-44,9959.330658080089,0.9964229611559683,6.350420215763329e-22
1122300,0.0,2.2406774277006234e-44,9959.330658080095,0.9964229611559683,6.348972794288442e-22
1122360,0.0,2.2401653578773857e-44,9959.3306580801,0.9964229611559682,6.347525372813554e-22
1122420,0.0,2.239653288054148e-44,9959.330658080107,0.9964229611559682,6.346077951338667e-22
1122480,0.0,2.2391412182309098e-44,9959.330658080113,0.9964229611559681,6.344630529863778e-22
1122540,0.0,2.2386291484076722e-44,9959.330658080118,0.996422961155968,6.34318310838889e-22
1122600,0.0,2.2381170785844342e-44,9959.330658080124,0.996422961155968,6.341735686914003e-22
1122660,0.0,2.2376050087611966e-44,9959.330658080129,0.9964229611559678,6.3402882654391165e-22
1122720,0.0,2.2370929389379586e-44,9959.330658080136,0.9964229611559678,6.338840843964229e-22
1122780,0.0,2.2365808691147205e-44,9959.330658080142,0.9964229611559677,6.33739342248934e-22
1122840,0.0,2.2360687992914828e-44,9959.330658080147,0.9964229611559677,6.335946001014453e-22
1122900,0.0,2.235556729468245e-44,9959.330658080153,0.9964229611559676,6.334498579539565e-22
1122960,0.0,2.2350446596450072e-44,9959.33065808016,0.9964229611559676,6.333051158064678e-22
1123020,0.0,2.234532589821769e-44,9959.330658080165,0.9964229611559675,6.331603736589789e-22
1123080,0.0,2.2340205199985313e-44,9959.33065808017,0.9964229611559675,6.330156315114902e-22
1123140,0.0,2.2335084501752934e-44,9959.330658080176,0.9964229611559674,6.328708893640014e-22
1123200,0.0,2.2329963803520557e-44,9959.330658080182,0.9964229611559673,6.327261472165128e-22
1123260,0.0,2.232484310528818e-44,9959.33065808019,0.9964229611559673,6.32581405069024e-22
1123320,0.0,2.2319722407055799e-44,9959.330658080195,0.9964229611559672,6.324366629215352e-22
1123380,0.0,2.231460170882342e-44,9959.3306580802,0.9964229611559672,6.322919207740464e-22
1123440,0.0,2.2309481010591043e-44,9959.330658080205,0.9964229611559671,6.321471786265577e-22
1123500,0.0,2.2304360312358663e-44,9959.330658080211,0.9964229611559671,6.320024364790689e-22
1123560,0.0,2.2299239614126287e-44,9959.330658080218,0.996422961155967,6.318576943315802e-22
1123620,0.0,2.2294118915893905e-44,9959.330658080224,0.996422961155967,6.317129521840913e-22
1123680,0.0,2.2288998217661528e-44,9959.33065808023,0.9964229611559668,6.315682100366026e-22
1123740,0.0,2.228387751942915e-44,9959.330658080235,0.9964229611559667,6.314234678891139e-22
1123800,0.0,2.2278756821196772e-44,9959.330658080242,0.9964229611559667,6.312787257416252e-22
1123860,0.0,2.2273636122964395e-44,9959.330658080247,0.9964229611559666,6.311339835941364e-22
1123920,0.0,2.226851542473201e-44,9959.330658080253,0.9964229611559666,6.309892414466476e-22
1123980,0.0,2.2263394726499634e-44,9959.330658080258,0.9964229611559665,6.308444992991588e-22
1124040,0.0,2.2258274028267258e-44,9959.330658080264,0.9964229611559665,6.306997571516701e-22
1124100,0.0,2.2253153330034878e-44,9959.330658080271,0.9964229611559664,6.305550150041813e-22
1124160,0.0,2.2248032631802501e-44,9959.330658080276,0.9964229611559664,6.304102728566926e-22
1124220,0.0,2.224291193357012e-44,9959.330658080282,0.9964229611559663,6.3026553070920375e-22
1124280,0.0,2.223779123533774e-44,9959.330658080287,0.9964229611559662,6.301207885617151e-22
1124340,0.0,2.2232670537105364e-44,9959.330658080295,0.9964229611559662,6.299760464142263e-22
1124400,0.0,2.2227549838872987e-44,9959.3306580803,0.9964229611559661,6.298313042667376e-22
1124460,0.0,2.2222429140640608e-44,9959.330658080306,0.9964229611559661,6.296865621192488e-22
1124520,0.0,2.2217308442408226e-44,9959.330658080311,0.996422961155966,6.2954181997176e-22
1124580,0.0,2.221218774417585e-44,9959.330658080316,0.996422961155966,6.293970778242712e-22
1124640,0.0,2.2207067045943472e-44,9959.330658080324,0.9964229611559658,6.292523356767825e-22
1124700,0.0,2.2201946347711093e-44,9959.33065808033,0.9964229611559658,6.291075935292937e-22
1124760,0.0,2.2196825649478716e-44,9959.330658080335,0.9964229611559657,6.28962851381805e-22
1124820,0.0,2.2191704951246335e-44,9959.33065808034,0.9964229611559657,6.288181092343162e-22
1124880,0.0,2.2186584253013955e-44,9959.330658080346,0.9964229611559656,6.286733670868274e-22
1124940,0.0,2.2181463554781579e-44,9959.330658080353,0.9964229611559655,6.285286249393387e-22
1125000,0.0,2.2176342856549202e-44,9959.330658080358,0.9964229611559655,6.2838388279185e-22
1125060,0.0,2.217122215831682e-44,9959.330658080364,0.9964229611559654,6.282391406443611e-22
1125120,0.0,2.216610146008444e-44,9959.33065808037,0.9964229611559654,6.280943984968723e-22
1125180,0.0,2.2160980761852064e-44,9959.330658080376,0.9964229611559653,6.279496563493836e-22
1125240,0.0,2.2155860063619685e-44,9959.330658080382,0.9964229611559653,6.278049142018948e-22
1125300,0.0,2.2150739365387308e-44,9959.330658080387,0.9964229611559652,6.2766017205440615e-22
1125360,0.0,2.2145618667154926e-44,9959.330658080393,0.9964229611559652,6.275154299069173e-22
1125420,0.0,2.214049796892255e-44,9959.330658080398,0.9964229611559651,6.273706877594286e-22
1125480,0.0,2.213537727069017e-44,9959.330658080406,0.996422961155965,6.272259456119398e-22
1125540,0.0,2.2130256572457793e-44,9959.330658080411,0.996422961155965,6.270812034644511e-22
1125600,0.0,2.2125135874225414e-44,9959.330658080416,0.9964229611559648,6.269364613169623e-22
1125660,0.0,2.2120015175993032e-44,9959.330658080422,0.9964229611559648,6.267917191694735e-22
1125720,0.0,2.2114894477760656e-44,9959.330658080427,0.9964229611559647,6.266469770219847e-22
1125780,0.0,2.210977377952828e-44,9959.330658080435,0.9964229611559647,6.26502234874496e-22
1125840,0.0,2.21046530812959e-44,9959.33065808044,0.9964229611559646,6.263574927270073e-22
1125900,0.0,2.2099532383063523e-44,9959.330658080446,0.9964229611559646,6.262127505795186e-22
1125960,0.0,2.209441168483114e-44,9959.330658080451,0.9964229611559645,6.260680084320297e-22
1126020,0.0,2.2089290986598762e-44,9959.330658080458,0.9964229611559645,6.25923266284541e-22
1126080,0.0,2.2084170288366385e-44,9959.330658080464,0.9964229611559644,6.257785241370522e-22
1126140,0.0,2.2079049590134008e-44,9959.33065808047,0.9964229611559643,6.256337819895635e-22
1126200,0.0,2.207392889190163e-44,9959.330658080475,0.9964229611559643,6.254890398420747e-22
1126260,0.0,2.2068808193669247e-44,9959.33065808048,0.9964229611559642,6.253442976945859e-22
1126320,0.0,2.206368749543687e-44,9959.330658080487,0.9964229611559642,6.2519955554709715e-22
1126380,0.0,2.205856679720449e-44,9959.330658080493,0.9964229611559641,6.250548133996085e-22
1126440,0.0,2.2053446098972114e-44,9959.330658080498,0.9964229611559641,6.249100712521197e-22
1126500,0.0,2.2048325400739738e-44,9959.330658080504,0.996422961155964,6.24765329104631e-22
1126560,0.0,2.2043204702507356e-44,9959.33065808051,0.996422961155964,6.246205869571421e-22
1126620,0.0,2.2038084004274977e-44,9959.330658080517,0.9964229611559638,6.244758448096534e-22
1126680,0.0,2.20329633060426e-44,9959.330658080522,0.9964229611559637,6.243311026621646e-22
1126740,0.0,2.2027842607810223e-44,9959.330658080527,0.9964229611559637,6.241863605146759e-22
1126800,0.0,2.2022721909577844e-44,9959.330658080533,0.9964229611559636,6.240416183671871e-22
1126860,0.0,2.2017601211345462e-44,9959.33065808054,0.9964229611559636,6.2389687621969835e-22
1126920,0.0,2.2012480513113085e-44,9959.330658080546,0.9964229611559635,6.237521340722096e-22
1126980,0.0,2.2007359814880706e-44,9959.330658080551,0.9964229611559635,6.236073919247209e-22
1127040,0.0,2.200223911664833e-44,9959.330658080557,0.9964229611559634,6.234626497772321e-22
1127100,0.0,2.1997118418415947e-44,9959.330658080562,0.9964229611559634,6.233179076297432e-22
1127160,0.0,2.1991997720183568e-44,9959.33065808057,0.9964229611559633,6.231731654822545e-22
1127220,0.0,2.1986877021951191e-44,9959.330658080575,0.9964229611559633,6.230284233347657e-22
1127280,0.0,2.1981756323718815e-44,9959.33065808058,0.9964229611559632,6.22883681187277e-22
1127340,0.0,2.1976635625486435e-44,9959.330658080586,0.9964229611559631,6.227389390397883e-22
1127400,0.0,2.1971514927254054e-44,9959.330658080593,0.9964229611559631,6.2259419689229945e-22
1127460,0.0,2.1966394229021677e-44,9959.330658080598,0.996422961155963,6.224494547448107e-22
1127520,0.0,2.19612735307893e-44,9959.330658080604,0.996422961155963,6.22304712597322e-22
1127580,0.0,2.195615283255692e-44,9959.33065808061,0.9964229611559628,6.221599704498332e-22
1127640,0.0,2.1951032134324544e-44,9959.330658080615,0.9964229611559628,6.220152283023445e-22
1127700,0.0,2.1945911436092162e-44,9959.330658080622,0.9964229611559627,6.218704861548556e-22
1127760,0.0,2.1940790737859783e-44,9959.330658080627,0.9964229611559627,6.217257440073669e-22
1127820,0.0,2.1935670039627406e-44,9959.330658080633,0.9964229611559626,6.215810018598781e-22
1127880,0.0,2.193054934139503e-44,9959.330658080638,0.9964229611559625,6.214362597123894e-22
1127940,0.0,2.192542864316265e-44,9959.330658080644,0.9964229611559625,6.2129151756490065e-22
1128000,0.0,2.1920307944930269e-44,9959.330658080651,0.9964229611559624,6.211467754174119e-22
1128060,0.0,2.1915187246697892e-44,9959.330658080657,0.9964229611559624,6.210020332699231e-22
1128120,0.0,2.1910066548465512e-44,9959.330658080662,0.9964229611559623,6.208572911224344e-22
1128180,0.0,2.1904945850233136e-44,9959.330658080667,0.9964229611559623,6.207125489749456e-22
1128240,0.0,2.189982515200076e-44,9959.330658080675,0.9964229611559622,6.205678068274569e-22
1128300,0.0,2.1894704453768377e-44,9959.33065808068,0.9964229611559622,6.20423064679968e-22
1128360,0.0,2.1889583755535998e-44,9959.330658080686,0.9964229611559621,6.202783225324793e-22
1128420,0.0,2.188446305730362e-44,9959.330658080691,0.9964229611559621,6.201335803849905e-22
1128480,0.0,2.1879342359071242e-44,9959.330658080697,0.996422961155962,6.1998883823750185e-22
1128540,0.0,2.1874221660838865e-44,9959.330658080704,0.9964229611559619,6.198440960900131e-22
1128600,0.0,2.1869100962606483e-44,9959.33065808071,0.9964229611559619,6.196993539425243e-22
1128660,0.0,2.1863980264374107e-44,9959.330658080715,0.9964229611559617,6.195546117950355e-22
1128720,0.0,2.1858859566141727e-44,9959.33065808072,0.9964229611559617,6.194098696475468e-22
1128780,0.0,2.185373886790935e-44,9959.330658080726,0.9964229611559616,6.19265127500058e-22
1128840,0.0,2.1848618169676971e-44,9959.330658080733,0.9964229611559616,6.191203853525693e-22
1128900,0.0,2.184349747144459e-44,9959.330658080738,0.9964229611559615,6.189756432050804e-22
1128960,0.0,2.1838376773212213e-44,9959.330658080744,0.9964229611559615,6.188309010575917e-22
1129020,0.0,2.1833256074979836e-44,9959.33065808075,0.9964229611559614,6.18686158910103e-22
1129080,0.0,2.1828135376747457e-44,9959.330658080757,0.9964229611559613,6.185414167626143e-22
1129140,0.0,2.1823014678515075e-44,9959.330658080762,0.9964229611559613,6.183966746151254e-22
1129200,0.0,2.1817893980282698e-44,9959.330658080768,0.9964229611559612,6.182519324676367e-22
1129260,0.0,2.181277328205032e-44,9959.330658080773,0.9964229611559612,6.181071903201479e-22
1129320,0.0,2.1807652583817942e-44,9959.330658080778,0.9964229611559611,6.179624481726592e-22
1129380,0.0,2.1802531885585565e-44,9959.330658080786,0.9964229611559611,6.178177060251704e-22
1129440,0.0,2.1797411187353184e-44,9959.330658080791,0.996422961155961,6.176729638776815e-22
1129500,0.0,2.1792290489120804e-44,9959.330658080797,0.996422961155961,6.1752822173019285e-22
1129560,0.0,2.1787169790888428e-44,9959.330658080802,0.9964229611559609,6.173834795827041e-22
1129620,0.0,2.1782049092656048e-44,9959.330658080808,0.9964229611559607,6.172387374352154e-22
1129680,0.0,2.1776928394423672e-44,9959.330658080815,0.9964229611559607,6.170939952877267e-22
1129740,0.0,2.177180769619129e-44,9959.33065808082,0.9964229611559606,6.169492531402378e-22
1129800,0.0,2.1766686997958913e-44,9959.330658080826,0.9964229611559606,6.16804510992749e-22
1129860,0.0,2.1761566299726534e-44,9959.330658080831,0.9964229611559605,6.166597688452603e-22
1129920,0.0,2.1756445601494157e-44,9959.330658080838,0.9964229611559605,6.165150266977715e-22
1129980,0.0,2.175132490326178e-44,9959.330658080844,0.9964229611559604,6.163702845502828e-22
1130040,0.0,2.1746204205029396e-44,9959.33065808085,0.9964229611559604,6.16225542402794e-22
1130100,0.0,2.174108350679702e-44,9959.330658080855,0.9964229611559603,6.160808002553053e-22
1130160,0.0,2.1735962808564642e-44,9959.33065808086,0.9964229611559603,6.159360581078165e-22
1130220,0.0,2.1730842110332263e-44,9959.330658080868,0.9964229611559602,6.157913159603278e-22
1130280,0.0,2.1725721412099886e-44,9959.330658080873,0.9964229611559601,6.15646573812839e-22
1130340,0.0,2.1720600713867505e-44,9959.330658080878,0.9964229611559601,6.155018316653502e-22
1130400,0.0,2.1715480015635128e-44,9959.330658080884,0.99642296115596,6.153570895178614e-22
1130460,0.0,2.1710359317402749e-44,9959.330658080891,0.99642296115596,6.152123473703727e-22
1130520,0.0,2.1705238619170372e-44,9959.330658080897,0.9964229611559599,6.150676052228839e-22
1130580,0.0,2.1700117920937993e-44,9959.330658080902,0.9964229611559599,6.1492286307539525e-22
1130640,0.0,2.169499722270561e-44,9959.330658080908,0.9964229611559597,6.147781209279064e-22
1130700,0.0,2.1689876524473234e-44,9959.330658080913,0.9964229611559597,6.146333787804177e-22
1130760,0.0,2.1684755826240857e-44,9959.33065808092,0.9964229611559596,6.144886366329289e-22
1130820,0.0,2.1679635128008478e-44,9959.330658080926,0.9964229611559595,6.143438944854402e-22
1130880,0.0,2.1674514429776101e-44,9959.330658080931,0.9964229611559595,6.141991523379514e-22
1130940,0.0,2.166939373154372e-44,9959.330658080937,0.9964229611559594,6.140544101904626e-22
1131000,0.0,2.166427303331134e-44,9959.330658080942,0.9964229611559594,6.139096680429738e-22
1131060,0.0,2.1659152335078963e-44,9959.33065808095,0.9964229611559593,6.137649258954851e-22
1131120,0.0,2.1654031636846587e-44,9959.330658080955,0.9964229611559593,6.136201837479964e-22
1131180,0.0,2.1648910938614205e-44,9959.33065808096,0.9964229611559592,6.134754416005076e-22
1131240,0.0,2.1643790240381826e-44,9959.330658080966,0.9964229611559592,6.133306994530188e-22
1131300,0.0,2.163866954214945e-44,9959.330658080973,0.9964229611559591,6.131859573055301e-22
1131360,0.0,2.163354884391707e-44,9959.330658080979,0.9964229611559591,6.130412151580413e-22
1131420,0.0,2.1628428145684693e-44,9959.330658080984,0.996422961155959,6.128964730105526e-22
1131480,0.0,2.162330744745231e-44,9959.33065808099,0.9964229611559589,6.127517308630637e-22
1131540,0.0,2.1618186749219934e-44,9959.330658080995,0.9964229611559589,6.12606988715575e-22
1131600,0.0,2.1613066050987555e-44,9959.330658081002,0.9964229611559587,6.124622465680862e-22
1131660,0.0,2.1607945352755178e-44,9959.330658081008,0.9964229611559587,6.1231750442059755e-22
1131720,0.0,2.16028246545228e-44,9959.330658081013,0.9964229611559586,6.121727622731088e-22
1131780,0.0,2.1597703956290417e-44,9959.330658081019,0.9964229611559586,6.120280201256199e-22
1131840,0.0,2.159258325805804e-44,9959.330658081024,0.9964229611559585,6.118832779781312e-22
1131900,0.0,2.1587462559825664e-44,9959.330658081031,0.9964229611559585,6.117385358306424e-22
1131960,0.0,2.1582341861593285e-44,9959.330658081037,0.9964229611559584,6.115937936831537e-22
1132020,0.0,2.1577221163360908e-44,9959.330658081042,0.9964229611559583,6.11449051535665e-22
1132080,0.0,2.1572100465128526e-44,9959.330658081048,0.9964229611559583,6.113043093881761e-22
1132140,0.0,2.1566979766896147e-44,9959.330658081055,0.9964229611559582,6.1115956724068735e-22
1132200,0.0,2.156185906866377e-44,9959.33065808106,0.9964229611559582,6.110148250931987e-22
1132260,0.0,2.1556738370431393e-44,9959.330658081066,0.9964229611559581,6.108700829457099e-22
1132320,0.0,2.1551617672199014e-44,9959.330658081071,0.9964229611559581,6.107253407982212e-22
1132380,0.0,2.1546496973966632e-44,9959.330658081077,0.996422961155958,6.105805986507323e-22
1132440,0.0,2.1541376275734255e-44,9959.330658081084,0.996422961155958,6.104358565032436e-22
1132500,0.0,2.1536255577501876e-44,9959.33065808109,0.9964229611559579,6.102911143557548e-22
1132560,0.0,2.15311348792695e-44,9959.330658081095,0.9964229611559579,6.101463722082661e-22
1132620,0.0,2.1526014181037123e-44,9959.3306580811,0.9964229611559577,6.100016300607773e-22
1132680,0.0,2.152089348280474e-44,9959.330658081106,0.9964229611559576,6.0985688791328855e-22
1132740,0.0,2.1515772784572362e-44,9959.330658081113,0.9964229611559576,6.097121457657998e-22
1132800,0.0,2.1510652086339985e-44,9959.330658081119,0.9964229611559575,6.095674036183111e-22
1132860,0.0,2.1505531388107608e-44,9959.330658081124,0.9964229611559575,6.094226614708223e-22
1132920,0.0,2.1500410689875224e-44,9959.33065808113,0.9964229611559574,6.092779193233335e-22
1132980,0.0,2.1495289991642847e-44,9959.330658081137,0.9964229611559574,6.091331771758447e-22
1133040,0.0,2.149016929341047e-44,9959.330658081142,0.9964229611559573,6.08988435028356e-22
1133100,0.0,2.148504859517809e-44,9959.330658081148,0.9964229611559573,6.088436928808672e-22
1133160,0.0,2.1479927896945714e-44,9959.330658081153,0.9964229611559572,6.086989507333785e-22
1133220,0.0,2.1474807198713332e-44,9959.330658081159,0.9964229611559571,6.085542085858897e-22
1133280,0.0,2.1469686500480956e-44,9959.330658081166,0.9964229611559571,6.08409466438401e-22
1133340,0.0,2.1464565802248576e-44,9959.330658081171,0.996422961155957,6.082647242909122e-22
1133400,0.0,2.14594451040162e-44,9959.330658081177,0.996422961155957,6.081199821434235e-22
1133460,0.0,2.145432440578382e-44,9959.330658081182,0.9964229611559569,6.079752399959347e-22
1133520,0.0,2.1449203707551439e-44,9959.33065808119,0.9964229611559569,6.078304978484459e-22
1133580,0.0,2.1444083009319062e-44,9959.330658081195,0.9964229611559567,6.076857557009571e-22
1133640,0.0,2.1438962311086685e-44,9959.3306580812,0.9964229611559567,6.075410135534684e-22
1133700,0.0,2.1433841612854306e-44,9959.330658081206,0.9964229611559566,6.073962714059796e-22
1133760,0.0,2.142872091462193e-44,9959.330658081211,0.9964229611559566,6.0725152925849095e-22
1133820,0.0,2.1423600216389547e-44,9959.330658081219,0.9964229611559565,6.071067871110021e-22
1133880,0.0,2.1418479518157168e-44,9959.330658081224,0.9964229611559564,6.069620449635134e-22
1133940,0.0,2.1413358819924791e-44,9959.33065808123,0.9964229611559564,6.068173028160246e-22
1134000,0.0,2.1408238121692414e-44,9959.330658081235,0.9964229611559563,6.066725606685359e-22
1134060,0.0,2.1403117423460035e-44,9959.33065808124,0.9964229611559563,6.065278185210471e-22
1134120,0.0,2.1397996725227653e-44,9959.330658081248,0.9964229611559562,6.063830763735582e-22
1134180,0.0,2.1392876026995277e-44,9959.330658081253,0.9964229611559562,6.062383342260695e-22
1134240,0.0,2.1387755328762897e-44,9959.330658081259,0.9964229611559561,6.0609359207858075e-22
1134300,0.0,2.138263463053052e-44,9959.330658081264,0.9964229611559561,6.059488499310921e-22
1134360,0.0,2.1377513932298144e-44,9959.330658081271,0.996422961155956,6.058041077836034e-22
1134420,0.0,2.1372393234065762e-44,9959.330658081277,0.9964229611559559,6.056593656361145e-22
1134480,0.0,2.1367272535833383e-44,9959.330658081282,0.9964229611559559,6.055146234886257e-22
1134540,0.0,2.1362151837601006e-44,9959.330658081288,0.9964229611559557,6.05369881341137e-22
1134600,0.0,2.1357031139368627e-44,9959.330658081293,0.9964229611559557,6.052251391936482e-22
1134660,0.0,2.135191044113625e-44,9959.3306580813,0.9964229611559556,6.050803970461595e-22
1134720,0.0,2.1346789742903868e-44,9959.330658081306,0.9964229611559556,6.049356548986706e-22
1134780,0.0,2.1341669044671492e-44,9959.330658081311,0.9964229611559555,6.047909127511819e-22
1134840,0.0,2.1336548346439112e-44,9959.330658081317,0.9964229611559555,6.046461706036932e-22
1134900,0.0,2.1331427648206736e-44,9959.330658081322,0.9964229611559554,6.045014284562045e-22
1134960,0.0,2.1326306949974354e-44,9959.33065808133,0.9964229611559553,6.043566863087156e-22
1135020,0.0,2.1321186251741975e-44,9959.330658081335,0.9964229611559553,6.042119441612269e-22
1135080,0.0,2.1316065553509598e-44,9959.33065808134,0.9964229611559552,6.040672020137381e-22
1135140,0.0,2.131094485527722e-44,9959.330658081346,0.9964229611559552,6.039224598662494e-22
1135200,0.0,2.1305824157044842e-44,9959.330658081353,0.9964229611559551,6.037777177187606e-22
1135260,0.0,2.130070345881246e-44,9959.330658081359,0.9964229611559551,6.036329755712718e-22
1135320,0.0,2.1295582760580083e-44,9959.330658081364,0.996422961155955,6.0348823342378305e-22
1135380,0.0,2.1290462062347704e-44,9959.33065808137,0.996422961155955,6.033434912762944e-22
1135440,0.0,2.1285341364115327e-44,9959.330658081375,0.9964229611559549,6.031987491288056e-22
1135500,0.0,2.128022066588295e-44,9959.330658081382,0.9964229611559549,6.030540069813169e-22
1135560,0.0,2.1275099967650569e-44,9959.330658081388,0.9964229611559547,6.02909264833828e-22
1135620,0.0,2.126997926941819e-44,9959.330658081393,0.9964229611559546,6.027645226863393e-22
1135680,0.0,2.1264858571185813e-44,9959.330658081399,0.9964229611559546,6.026197805388505e-22
1135740,0.0,2.1259737872953436e-44,9959.330658081404,0.9964229611559545,6.024750383913618e-22
1135800,0.0,2.1254617174721057e-44,9959.330658081411,0.9964229611559545,6.02330296243873e-22
1135860,0.0,2.1249496476488675e-44,9959.330658081417,0.9964229611559544,6.0218555409638425e-22
1135920,0.0,2.1244375778256298e-44,9959.330658081422,0.9964229611559544,6.020408119488955e-22
1135980,0.0,2.1239255080023919e-44,9959.330658081428,0.9964229611559543,6.018960698014068e-22
1136040,0.0,2.1234134381791542e-44,9959.330658081435,0.9964229611559543,6.01751327653918e-22
1136100,0.0,2.1229013683559165e-44,9959.33065808144,0.9964229611559542,6.016065855064293e-22
1136160,0.0,2.122389298532678e-44,9959.330658081446,0.9964229611559541,6.014618433589404e-22
1136220,0.0,2.1218772287094404e-44,9959.330658081451,0.9964229611559541,6.013171012114517e-22
1136280,0.0,2.1213651588862027e-44,9959.330658081457,0.996422961155954,6.011723590639629e-22
1136340,0.0,2.1208530890629648e-44,9959.330658081464,0.996422961155954,6.010276169164742e-22
1136400,0.0,2.1203410192397271e-44,9959.33065808147,0.9964229611559539,6.0088287476898545e-22
1136460,0.0,2.119828949416489e-44,9959.330658081475,0.9964229611559539,6.007381326214966e-22
1136520,0.0,2.1193168795932513e-44,9959.33065808148,0.9964229611559537,6.005933904740079e-22
1136580,0.0,2.1188048097700134e-44,9959.330658081488,0.9964229611559537,6.004486483265192e-22
1136640,0.0,2.1182927399467757e-44,9959.330658081493,0.9964229611559536,6.003039061790304e-22
1136700,0.0,2.1177806701235378e-44,9959.330658081499,0.9964229611559536,6.001591640315417e-22
1136760,0.0,2.1172686003002996e-44,9959.330658081504,0.9964229611559535,6.000144218840528e-22
1136820,0.0,2.116756530477062e-44,9959.33065808151,0.9964229611559534,5.99869679736564e-22
1136880,0.0,2.1162444606538242e-44,9959.330658081517,0.9964229611559534,5.997249375890753e-22
1136940,0.0,2.1157323908305863e-44,9959.330658081522,0.9964229611559533,5.995801954415866e-22
1137000,0.0,2.1152203210073481e-44,9959.330658081528,0.9964229611559533,5.994354532940978e-22
1137060,0.0,2.1147082511841104e-44,9959.330658081533,0.9964229611559532,5.99290711146609e-22
1137120,0.0,2.1141961813608725e-44,9959.330658081539,0.9964229611559532,5.991459689991203e-22
1137180,0.0,2.1136841115376348e-44,9959.330658081546,0.9964229611559531,5.990012268516315e-22
1137240,0.0,2.1131720417143972e-44,9959.330658081552,0.9964229611559531,5.988564847041428e-22
1137300,0.0,2.112659971891159e-44,9959.330658081557,0.996422961155953,5.987117425566539e-22
1137360,0.0,2.112147902067921e-44,9959.330658081562,0.9964229611559529,5.985670004091652e-22
1137420,0.0,2.1116358322446834e-44,9959.33065808157,0.9964229611559529,5.9842225826167645e-22
1137480,0.0,2.1111237624214455e-44,9959.330658081575,0.9964229611559527,5.982775161141878e-22
1137540,0.0,2.1106116925982078e-44,9959.33065808158,0.9964229611559527,5.98132773966699e-22
1137600,0.0,2.1100996227749696e-44,9959.330658081586,0.9964229611559526,5.979880318192102e-22
1137660,0.0,2.109587552951732e-44,9959.330658081592,0.9964229611559526,5.978432896717214e-22
1137720,0.0,2.109075483128494e-44,9959.330658081599,0.9964229611559525,5.976985475242327e-22
1137780,0.0,2.1085634133052563e-44,9959.330658081604,0.9964229611559525,5.975538053767439e-22
1137840,0.0,2.1080513434820184e-44,9959.33065808161,0.9964229611559524,5.974090632292552e-22
1137900,0.0,2.1075392736587802e-44,9959.330658081615,0.9964229611559524,5.972643210817663e-22
1137960,0.0,2.1070272038355426e-44,9959.33065808162,0.9964229611559523,5.9711957893427765e-22
1138020,0.0,2.1065151340123049e-44,9959.330658081628,0.9964229611559522,5.969748367867889e-22
1138080,0.0,2.106003064189067e-44,9959.330658081633,0.9964229611559522,5.968300946393002e-22
1138140,0.0,2.1054909943658293e-44,9959.330658081639,0.9964229611559521,5.966853524918114e-22
1138200,0.0,2.104978924542591e-44,9959.330658081644,0.9964229611559521,5.965406103443226e-22
1138260,0.0,2.1044668547193532e-44,9959.330658081652,0.996422961155952,5.963958681968338e-22
1138320,0.0,2.1039547848961155e-44,9959.330658081657,0.996422961155952,5.962511260493451e-22
1138380,0.0,2.1034427150728778e-44,9959.330658081662,0.9964229611559519,5.961063839018563e-22
1138440,0.0,2.10293064524964e-44,9959.330658081668,0.9964229611559519,5.959616417543676e-22
1138500,0.0,2.1024185754264017e-44,9959.330658081673,0.9964229611559517,5.958168996068788e-22
1138560,0.0,2.101906505603164e-44,9959.33065808168,0.9964229611559516,5.956721574593901e-22
1138620,0.0,2.1013944357799264e-44,9959.330658081686,0.9964229611559516,5.955274153119013e-22
1138680,0.0,2.1008823659566884e-44,9959.330658081692,0.9964229611559515,5.953826731644126e-22
1138740,0.0,2.1003702961334508e-44,9959.330658081697,0.9964229611559515,5.952379310169238e-22
1138800,0.0,2.0998582263102126e-44,9959.330658081702,0.9964229611559514,5.950931888694349e-22
1138860,0.0,2.0993461564869747e-44,9959.33065808171,0.9964229611559514,5.949484467219462e-22
1138920,0.0,2.098834086663737e-44,9959.330658081715,0.9964229611559513,5.948037045744575e-22
1138980,0.0,2.0983220168404993e-44,9959.33065808172,0.9964229611559513,5.946589624269687e-22
1139040,0.0,2.0978099470172609e-44,9959.330658081726,0.9964229611559512,5.945142202794799e-22
1139100,0.0,2.0972978771940232e-44,9959.330658081733,0.9964229611559512,5.943694781319912e-22
1139160,0.0,2.0967858073707855e-44,9959.330658081739,0.9964229611559511,5.942247359845024e-22
1139220,0.0,2.0962737375475476e-44,9959.330658081744,0.996422961155951,5.940799938370137e-22
1139280,0.0,2.09576166772431e-44,9959.33065808175,0.996422961155951,5.939352516895249e-22
1139340,0.0,2.0952495979010717e-44,9959.330658081755,0.9964229611559509,5.937905095420361e-22
1139400,0.0,2.094737528077834e-44,9959.330658081763,0.9964229611559509,5.936457673945473e-22
1139460,0.0,2.0942254582545961e-44,9959.330658081768,0.9964229611559507,5.935010252470586e-22
1139520,0.0,2.0937133884313585e-44,9959.330658081773,0.9964229611559507,5.933562830995698e-22
1139580,0.0,2.0932013186081205e-44,9959.330658081779,0.9964229611559506,5.9321154095208115e-22
1139640,0.0,2.0926892487848824e-44,9959.330658081786,0.9964229611559506,5.930667988045923e-22
1139700,0.0,2.0921771789616447e-44,9959.330658081792,0.9964229611559505,5.929220566571036e-22
1139760,0.0,2.091665109138407e-44,9959.330658081797,0.9964229611559504,5.927773145096148e-22
1139820,0.0,2.091153039315169e-44,9959.330658081803,0.9964229611559504,5.926325723621261e-22
1139880,0.0,2.0906409694919314e-44,9959.330658081808,0.9964229611559503,5.924878302146373e-22
1139940,0.0,2.0901288996686932e-44,9959.330658081815,0.9964229611559503,5.923430880671485e-22
1140000,0.0,2.0896168298454553e-44,9959.33065808182,0.9964229611559502,5.921983459196597e-22
1140060,0.0,2.0891047600222176e-44,9959.330658081826,0.9964229611559502,5.92053603772171e-22
1140120,0.0,2.08859269019898e-44,9959.330658081832,0.9964229611559501,5.919088616246823e-22
1140180,0.0,2.088080620375742e-44,9959.330658081837,0.9964229611559501,5.917641194771936e-22
1140240,0.0,2.0875685505525038e-44,9959.330658081844,0.99642296115595,5.916193773297047e-22
1140300,0.0,2.0870564807292662e-44,9959.33065808185,0.9964229611559499,5.91474635182216e-22
1140360,0.0,2.0865444109060282e-44,9959.330658081855,0.9964229611559499,5.913298930347272e-22
1140420,0.0,2.0860323410827906e-44,9959.33065808186,0.9964229611559497,5.911851508872385e-22
1140480,0.0,2.085520271259553e-44,9959.330658081868,0.9964229611559497,5.910404087397497e-22
1140540,0.0,2.0850082014363147e-44,9959.330658081873,0.9964229611559496,5.908956665922609e-22
1140600,0.0,2.0844961316130768e-44,9959.330658081879,0.9964229611559496,5.9075092444477215e-22
1140660,0.0,2.083984061789839e-44,9959.330658081884,0.9964229611559495,5.906061822972835e-22
1140720,0.0,2.0834719919666012e-44,9959.33065808189,0.9964229611559495,5.904614401497947e-22
1140780,0.0,2.0829599221433635e-44,9959.330658081897,0.9964229611559494,5.90316698002306e-22
1140840,0.0,2.0824478523201253e-44,9959.330658081903,0.9964229611559494,5.901719558548171e-22
1140900,0.0,2.0819357824968877e-44,9959.330658081908,0.9964229611559493,5.900272137073284e-22
1140960,0.0,2.0814237126736497e-44,9959.330658081913,0.9964229611559492,5.898824715598396e-22
1141020,0.0,2.080911642850412e-44,9959.330658081919,0.9964229611559492,5.897377294123509e-22
1141080,0.0,2.0803995730271739e-44,9959.330658081926,0.9964229611559491,5.89592987264862e-22
1141140,0.0,2.079887503203936e-44,9959.330658081932,0.9964229611559491,5.894482451173733e-22
1141200,0.0,2.0793754333806983e-44,9959.330658081937,0.996422961155949,5.893035029698846e-22
1141260,0.0,2.0788633635574606e-44,9959.330658081943,0.996422961155949,5.891587608223959e-22
1141320,0.0,2.0783512937342227e-44,9959.33065808195,0.9964229611559489,5.890140186749071e-22
1141380,0.0,2.0778392239109845e-44,9959.330658081955,0.9964229611559489,5.888692765274182e-22
1141440,0.0,2.0773271540877468e-44,9959.33065808196,0.9964229611559487,5.887245343799295e-22
1141500,0.0,2.076815084264509e-44,9959.330658081966,0.9964229611559486,5.885797922324407e-22
1141560,0.0,2.0763030144412712e-44,9959.330658081972,0.9964229611559486,5.88435050084952e-22
1141620,0.0,2.0757909446180335e-44,9959.330658081979,0.9964229611559485,5.882903079374632e-22
1141680,0.0,2.0752788747947954e-44,9959.330658081984,0.9964229611559485,5.881455657899745e-22
1141740,0.0,2.0747668049715574e-44,9959.33065808199,0.9964229611559484,5.880008236424857e-22
1141800,0.0,2.0742547351483198e-44,9959.330658081995,0.9964229611559484,5.87856081494997e-22
1141860,0.0,2.073742665325082e-44,9959.330658082,0.9964229611559483,5.877113393475082e-22
1141920,0.0,2.0732305955018442e-44,9959.330658082008,0.9964229611559483,5.875665972000195e-22
1141980,0.0,2.072718525678606e-44,9959.330658082014,0.9964229611559482,5.874218550525306e-22
1142040,0.0,2.0722064558553683e-44,9959.330658082019,0.9964229611559482,5.872771129050419e-22
1142100,0.0,2.0716943860321304e-44,9959.330658082024,0.9964229611559481,5.871323707575531e-22
1142160,0.0,2.0711823162088927e-44,9959.330658082032,0.996422961155948,5.869876286100644e-22
1142220,0.0,2.070670246385655e-44,9959.330658082037,0.996422961155948,5.868428864625757e-22
1142280,0.0,2.0701581765624168e-44,9959.330658082043,0.9964229611559479,5.866981443150869e-22
1142340,0.0,2.069646106739179e-44,9959.330658082048,0.9964229611559479,5.865534021675981e-22
1142400,0.0,2.0691340369159412e-44,9959.330658082054,0.9964229611559478,5.864086600201094e-22
1142460,0.0,2.0686219670927033e-44,9959.33065808206,0.9964229611559478,5.862639178726206e-22
1142520,0.0,2.0681098972694656e-44,9959.330658082066,0.9964229611559476,5.861191757251319e-22
1142580,0.0,2.0675978274462275e-44,9959.330658082072,0.9964229611559476,5.85974433577643e-22
1142640,0.0,2.0670857576229898e-44,9959.330658082077,0.9964229611559475,5.858296914301543e-22
1142700,0.0,2.0665736877997519e-44,9959.330658082083,0.9964229611559474,5.856849492826655e-22
1142760,0.0,2.0660616179765142e-44,9959.33065808209,0.9964229611559474,5.8554020713517685e-22
1142820,0.0,2.0655495481532763e-44,9959.330658082095,0.9964229611559473,5.853954649876881e-22
1142880,0.0,2.065037478330038e-44,9959.3306580821,0.9964229611559473,5.852507228401993e-22
1142940,0.0,2.0645254085068004e-44,9959.330658082106,0.9964229611559472,5.851059806927105e-22
1143000,0.0,2.0640133386835627e-44,9959.330658082114,0.9964229611559472,5.849612385452218e-22
1143060,0.0,2.0635012688603248e-44,9959.330658082119,0.9964229611559471,5.84816496397733e-22
1143120,0.0,2.0629891990370866e-44,9959.330658082125,0.9964229611559471,5.846717542502441e-22
1143180,0.0,2.062477129213849e-44,9959.33065808213,0.996422961155947,5.845270121027554e-22
1143240,0.0,2.061965059390611e-44,9959.330658082135,0.996422961155947,5.843822699552667e-22
1143300,0.0,2.0614529895673733e-44,9959.330658082143,0.9964229611559469,5.84237527807778e-22
1143360,0.0,2.0609409197441357e-44,9959.330658082148,0.9964229611559468,5.840927856602893e-22
1143420,0.0,2.0604288499208975e-44,9959.330658082154,0.9964229611559468,5.839480435128004e-22
1143480,0.0,2.0599167800976596e-44,9959.330658082159,0.9964229611559466,5.838033013653116e-22
1143540,0.0,2.059404710274422e-44,9959.330658082166,0.9964229611559466,5.836585592178229e-22
1143600,0.0,2.058892640451184e-44,9959.330658082172,0.9964229611559465,5.835138170703342e-22
1143660,0.0,2.0583805706279463e-44,9959.330658082177,0.9964229611559465,5.833690749228454e-22
1143720,0.0,2.057868500804708e-44,9959.330658082183,0.9964229611559464,5.832243327753565e-22
1143780,0.0,2.0573564309814704e-44,9959.330658082188,0.9964229611559464,5.8307959062786785e-22
1143840,0.0,2.0568443611582325e-44,9959.330658082195,0.9964229611559463,5.829348484803791e-22
1143900,0.0,2.0563322913349948e-44,9959.3306580822,0.9964229611559462,5.827901063328904e-22
1143960,0.0,2.0558202215117571e-44,9959.330658082206,0.9964229611559462,5.826453641854016e-22
1144020,0.0,2.0553081516885187e-44,9959.330658082212,0.9964229611559461,5.825006220379128e-22
1144080,0.0,2.054796081865281e-44,9959.330658082217,0.9964229611559461,5.82355879890424e-22
1144140,0.0,2.0542840120420434e-44,9959.330658082225,0.996422961155946,5.822111377429353e-22
1144200,0.0,2.0537719422188054e-44,9959.33065808223,0.996422961155946,5.820663955954465e-22
1144260,0.0,2.0532598723955678e-44,9959.330658082235,0.9964229611559459,5.819216534479578e-22
1144320,0.0,2.0527478025723296e-44,9959.330658082241,0.9964229611559459,5.81776911300469e-22
1144380,0.0,2.0522357327490917e-44,9959.330658082248,0.9964229611559458,5.816321691529803e-22
1144440,0.0,2.051723662925854e-44,9959.330658082254,0.9964229611559458,5.814874270054915e-22
1144500,0.0,2.0512115931026163e-44,9959.33065808226,0.9964229611559456,5.813426848580028e-22
1144560,0.0,2.0506995232793784e-44,9959.330658082265,0.9964229611559455,5.81197942710514e-22
1144620,0.0,2.0501874534561402e-44,9959.33065808227,0.9964229611559455,5.810532005630252e-22
1144680,0.0,2.0496753836329025e-44,9959.330658082277,0.9964229611559454,5.809084584155364e-22
1144740,0.0,2.0491633138096649e-44,9959.330658082283,0.9964229611559454,5.807637162680477e-22
1144800,0.0,2.048651243986427e-44,9959.330658082288,0.9964229611559453,5.806189741205589e-22
1144860,0.0,2.0481391741631888e-44,9959.330658082294,0.9964229611559453,5.804742319730702e-22
1144920,0.0,2.047627104339951e-44,9959.3306580823,0.9964229611559452,5.803294898255814e-22
1144980,0.0,2.0471150345167131e-44,9959.330658082306,0.9964229611559452,5.801847476780927e-22
1145040,0.0,2.0466029646934755e-44,9959.330658082312,0.9964229611559451,5.800400055306039e-22
1145100,0.0,2.0460908948702378e-44,9959.330658082317,0.996422961155945,5.798952633831152e-22
1145160,0.0,2.0455788250469996e-44,9959.330658082323,0.996422961155945,5.797505212356263e-22
1145220,0.0,2.0450667552237617e-44,9959.33065808233,0.9964229611559449,5.796057790881376e-22
1145280,0.0,2.044554685400524e-44,9959.330658082336,0.9964229611559449,5.794610369406488e-22
1145340,0.0,2.044042615577286e-44,9959.330658082341,0.9964229611559448,5.793162947931601e-22
1145400,0.0,2.0435305457540484e-44,9959.330658082346,0.9964229611559448,5.791715526456714e-22
1145460,0.0,2.0430184759308102e-44,9959.330658082352,0.9964229611559446,5.790268104981825e-22
1145520,0.0,2.0425064061075726e-44,9959.33065808236,0.9964229611559446,5.788820683506938e-22
1145580,0.0,2.0419943362843346e-44,9959.330658082365,0.9964229611559445,5.787373262032051e-22
1145640,0.0,2.041482266461097e-44,9959.33065808237,0.9964229611559445,5.785925840557163e-22
1145700,0.0,2.040970196637859e-44,9959.330658082376,0.9964229611559444,5.784478419082276e-22
1145760,0.0,2.0404581268146209e-44,9959.330658082381,0.9964229611559443,5.783030997607387e-22
1145820,0.0,2.0399460569913832e-44,9959.330658082388,0.9964229611559443,5.781583576132499e-22
1145880,0.0,2.0394339871681455e-44,9959.330658082394,0.9964229611559442,5.780136154657612e-22
1145940,0.0,2.0389219173449076e-44,9959.3306580824,0.9964229611559442,5.778688733182726e-22
1146000,0.0,2.03840984752167e-44,9959.330658082405,0.9964229611559441,5.777241311707838e-22
1146060,0.0,2.0378977776984317e-44,9959.330658082412,0.9964229611559441,5.775793890232949e-22
1146120,0.0,2.0373857078751938e-44,9959.330658082417,0.996422961155944,5.774346468758062e-22
1146180,0.0,2.036873638051956e-44,9959.330658082423,0.996422961155944,5.772899047283174e-22
1146240,0.0,2.0363615682287184e-44,9959.330658082428,0.9964229611559439,5.771451625808287e-22
1146300,0.0,2.0358494984054805e-44,9959.330658082434,0.9964229611559438,5.770004204333399e-22
1146360,0.0,2.0353374285822423e-44,9959.330658082441,0.9964229611559438,5.768556782858511e-22
1146420,0.0,2.0348253587590047e-44,9959.330658082446,0.9964229611559436,5.7671093613836235e-22
1146480,0.0,2.0343132889357667e-44,9959.330658082452,0.9964229611559436,5.765661939908737e-22
1146540,0.0,2.033801219112529e-44,9959.330658082457,0.9964229611559435,5.764214518433849e-22
1146600,0.0,2.0332891492892914e-44,9959.330658082465,0.9964229611559435,5.762767096958962e-22
1146660,0.0,2.0327770794660532e-44,9959.33065808247,0.9964229611559434,5.761319675484073e-22
1146720,0.0,2.0322650096428153e-44,9959.330658082476,0.9964229611559434,5.759872254009186e-22
1146780,0.0,2.0317529398195776e-44,9959.330658082481,0.9964229611559433,5.758424832534298e-22
1146840,0.0,2.0312408699963397e-44,9959.330658082486,0.9964229611559432,5.756977411059411e-22
1146900,0.0,2.0307288001731015e-44,9959.330658082494,0.9964229611559432,5.755529989584522e-22
1146960,0.0,2.0302167303498638e-44,9959.3306580825,0.9964229611559431,5.7540825681096355e-22
1147020,0.0,2.0297046605266261e-44,9959.330658082505,0.9964229611559431,5.752635146634748e-22
1147080,0.0,2.0291925907033882e-44,9959.33065808251,0.996422961155943,5.751187725159861e-22
1147140,0.0,2.0286805208801505e-44,9959.330658082516,0.996422961155943,5.749740303684973e-22
1147200,0.0,2.0281684510569124e-44,9959.330658082523,0.9964229611559429,5.748292882210085e-22
1147260,0.0,2.0276563812336744e-44,9959.330658082528,0.9964229611559429,5.746845460735197e-22
1147320,0.0,2.0271443114104368e-44,9959.330658082534,0.9964229611559428,5.74539803926031e-22
1147380,0.0,2.026632241587199e-44,9959.33065808254,0.9964229611559428,5.743950617785422e-22
1147440,0.0,2.0261201717639612e-44,9959.330658082547,0.9964229611559426,5.742503196310535e-22
1147500,0.0,2.025608101940723e-44,9959.330658082552,0.9964229611559425,5.741055774835647e-22
1147560,0.0,2.0250960321174853e-44,9959.330658082557,0.9964229611559425,5.73960835336076e-22
1147620,0.0,2.0245839622942476e-44,9959.330658082563,0.9964229611559424,5.738160931885872e-22
1147680,0.0,2.0240718924710097e-44,9959.330658082568,0.9964229611559424,5.736713510410985e-22
1147740,0.0,2.023559822647772e-44,9959.330658082576,0.9964229611559423,5.735266088936097e-22
1147800,0.0,2.0230477528245339e-44,9959.330658082581,0.9964229611559423,5.733818667461208e-22
1147860,0.0,2.022535683001296e-44,9959.330658082587,0.9964229611559422,5.732371245986321e-22
1147920,0.0,2.0220236131780582e-44,9959.330658082592,0.9964229611559422,5.730923824511434e-22
1147980,0.0,2.0215115433548206e-44,9959.330658082597,0.9964229611559421,5.729476403036546e-22
1148040,0.0,2.0209994735315826e-44,9959.330658082605,0.996422961155942,5.7280289815616595e-22
1148100,0.0,2.0204874037083445e-44,9959.33065808261,0.996422961155942,5.726581560086771e-22
1148160,0.0,2.0199753338851068e-44,9959.330658082616,0.9964229611559419,5.725134138611883e-22
1148220,0.0,2.0194632640618689e-44,9959.330658082621,0.9964229611559419,5.723686717136996e-22
1148280,0.0,2.0189511942386312e-44,9959.330658082628,0.9964229611559418,5.722239295662109e-22
1148340,0.0,2.0184391244153935e-44,9959.330658082634,0.9964229611559418,5.720791874187221e-22
1148400,0.0,2.0179270545921553e-44,9959.33065808264,0.9964229611559416,5.719344452712332e-22
1148460,0.0,2.0174149847689174e-44,9959.330658082645,0.9964229611559416,5.717897031237445e-22
1148520,0.0,2.0169029149456797e-44,9959.33065808265,0.9964229611559415,5.7164496097625575e-22
1148580,0.0,2.0163908451224418e-44,9959.330658082657,0.9964229611559415,5.715002188287671e-22
1148640,0.0,2.0158787752992041e-44,9959.330658082663,0.9964229611559414,5.713554766812783e-22
1148700,0.0,2.015366705475966e-44,9959.330658082668,0.9964229611559413,5.712107345337895e-22
1148760,0.0,2.0148546356527283e-44,9959.330658082674,0.9964229611559413,5.710659923863007e-22
1148820,0.0,2.0143425658294904e-44,9959.33065808268,0.9964229611559412,5.70921250238812e-22
1148880,0.0,2.0138304960062527e-44,9959.330658082687,0.9964229611559412,5.707765080913232e-22
1148940,0.0,2.0133184261830145e-44,9959.330658082692,0.9964229611559411,5.706317659438344e-22
1149000,0.0,2.0128063563597766e-44,9959.330658082697,0.9964229611559411,5.704870237963456e-22
1149060,0.0,2.012294286536539e-44,9959.330658082703,0.996422961155941,5.7034228164885695e-22
1149120,0.0,2.0117822167133012e-44,9959.33065808271,0.996422961155941,5.701975395013682e-22
1149180,0.0,2.0112701468900633e-44,9959.330658082716,0.9964229611559409,5.700527973538795e-22
1149240,0.0,2.010758077066825e-44,9959.330658082721,0.9964229611559408,5.699080552063906e-22
1149300,0.0,2.0102460072435874e-44,9959.330658082727,0.9964229611559408,5.697633130589019e-22
1149360,0.0,2.0097339374203495e-44,9959.330658082732,0.9964229611559406,5.696185709114131e-22
1149420,0.0,2.0092218675971118e-44,9959.33065808274,0.9964229611559406,5.694738287639244e-22
1149480,0.0,2.0087097977738742e-44,9959.330658082745,0.9964229611559405,5.693290866164356e-22
1149540,0.0,2.008197727950636e-44,9959.33065808275,0.9964229611559405,5.691843444689468e-22
1149600,0.0,2.007685658127398e-44,9959.330658082756,0.9964229611559404,5.690396023214581e-22
1149660,0.0,2.0071735883041604e-44,9959.330658082763,0.9964229611559404,5.688948601739694e-22
1149720,0.0,2.0066615184809225e-44,9959.330658082768,0.9964229611559403,5.687501180264806e-22
1149780,0.0,2.0061494486576848e-44,9959.330658082774,0.9964229611559403,5.686053758789919e-22
1149840,0.0,2.0056373788344466e-44,9959.33065808278,0.9964229611559402,5.68460633731503e-22
1149900,0.0,2.005125309011209e-44,9959.330658082785,0.9964229611559401,5.683158915840143e-22
1149960,0.0,2.004613239187971e-44,9959.330658082792,0.9964229611559401,5.681711494365255e-22
1150020,0.0,2.0041011693647333e-44,9959.330658082798,0.99642296115594,5.680264072890368e-22
1150080,0.0,2.0035890995414956e-44,9959.330658082803,0.99642296115594,5.67881665141548e-22
1150140,0.0,2.0030770297182572e-44,9959.330658082808,0.9964229611559399,5.677369229940592e-22
1150200,0.0,2.0025649598950195e-44,9959.330658082814,0.9964229611559399,5.675921808465705e-22
1150260,0.0,2.0020528900717819e-44,9959.330658082821,0.9964229611559398,5.674474386990818e-22
1150320,0.0,2.001540820248544e-44,9959.330658082827,0.9964229611559398,5.67302696551593e-22
1150380,0.0,2.0010287504253063e-44,9959.330658082832,0.9964229611559396,5.671579544041043e-22
1150440,0.0,2.000516680602068e-44,9959.330658082838,0.9964229611559395,5.670132122566154e-22
1150500,0.0,2.0000046107788304e-44,9959.330658082845,0.9964229611559395,5.668684701091266e-22
1150560,0.0,1.9994925409555925e-44,9959.33065808285,0.9964229611559394,5.667237279616379e-22
1150620,0.0,1.9989804711323548e-44,9959.330658082856,0.9964229611559394,5.665789858141492e-22
1150680,0.0,1.998468401309117e-44,9959.330658082861,0.9964229611559393,5.6643424366666045e-22
1150740,0.0,1.9979563314858787e-44,9959.330658082867,0.9964229611559393,5.662895015191716e-22
1150800,0.0,1.997444261662641e-44,9959.330658082874,0.9964229611559392,5.661447593716829e-22
1150860,0.0,1.9969321918394034e-44,9959.33065808288,0.9964229611559392,5.660000172241941e-22
1150920,0.0,1.9964201220161654e-44,9959.330658082885,0.9964229611559391,5.658552750767054e-22
1150980,0.0,1.9959080521929272e-44,9959.33065808289,0.9964229611559391,5.657105329292165e-22
1151040,0.0,1.9953959823696896e-44,9959.330658082896,0.996422961155939,5.655657907817278e-22
1151100,0.0,1.9948839125464516e-44,9959.330658082903,0.9964229611559389,5.65421048634239e-22
1151160,0.0,1.994371842723214e-44,9959.330658082908,0.9964229611559389,5.652763064867503e-22
1151220,0.0,1.9938597728999763e-44,9959.330658082914,0.9964229611559388,5.651315643392616e-22
1151280,0.0,1.993347703076738e-44,9959.33065808292,0.9964229611559388,5.649868221917728e-22
1151340,0.0,1.9928356332535002e-44,9959.330658082927,0.9964229611559386,5.64842080044284e-22
1151400,0.0,1.9923235634302625e-44,9959.330658082932,0.9964229611559386,5.646973378967953e-22
1151460,0.0,1.9918114936070246e-44,9959.330658082938,0.9964229611559385,5.645525957493065e-22
1151520,0.0,1.991299423783787e-44,9959.330658082943,0.9964229611559385,5.644078536018178e-22
1151580,0.0,1.9907873539605487e-44,9959.330658082949,0.9964229611559384,5.642631114543289e-22
1151640,0.0,1.990275284137311e-44,9959.330658082956,0.9964229611559383,5.641183693068402e-22
1151700,0.0,1.9897632143140731e-44,9959.330658082961,0.9964229611559383,5.6397362715935145e-22
1151760,0.0,1.9892511444908355e-44,9959.330658082967,0.9964229611559382,5.638288850118628e-22
1151820,0.0,1.9887390746675975e-44,9959.330658082972,0.9964229611559382,5.63684142864374e-22
1151880,0.0,1.9882270048443594e-44,9959.330658082978,0.9964229611559381,5.635394007168852e-22
1151940,0.0,1.9877149350211217e-44,9959.330658082985,0.9964229611559381,5.633946585693964e-22
1152000,0.0,1.987202865197884e-44,9959.33065808299,0.996422961155938,5.632499164219077e-22
1152060,0.0,1.986690795374646e-44,9959.330658082996,0.996422961155938,5.631051742744189e-22
1152120,0.0,1.9861787255514084e-44,9959.330658083001,0.9964229611559379,5.629604321269302e-22
1152180,0.0,1.9856666557281702e-44,9959.330658083009,0.9964229611559378,5.628156899794413e-22
1152240,0.0,1.9851545859049323e-44,9959.330658083014,0.9964229611559378,5.6267094783195265e-22
1152300,0.0,1.9846425160816946e-44,9959.33065808302,0.9964229611559376,5.625262056844639e-22
1152360,0.0,1.984130446258457e-44,9959.330658083025,0.9964229611559376,5.623814635369752e-22
1152420,0.0,1.983618376435219e-44,9959.33065808303,0.9964229611559375,5.622367213894864e-22
1152480,0.0,1.9831063066119808e-44,9959.330658083038,0.9964229611559375,5.620919792419975e-22
1152540,0.0,1.9825942367887432e-44,9959.330658083043,0.9964229611559374,5.619472370945088e-22
1152600,0.0,1.9820821669655052e-44,9959.330658083049,0.9964229611559374,5.618024949470201e-22
1152660,0.0,1.9815700971422676e-44,9959.330658083054,0.9964229611559373,5.616577527995313e-22
1152720,0.0,1.98105802731903e-44,9959.330658083061,0.9964229611559373,5.615130106520426e-22
1152780,0.0,1.9805459574957917e-44,9959.330658083067,0.9964229611559372,5.613682685045538e-22
1152840,0.0,1.9800338876725538e-44,9959.330658083072,0.9964229611559371,5.61223526357065e-22
1152900,0.0,1.979521817849316e-44,9959.330658083078,0.9964229611559371,5.610787842095763e-22
1152960,0.0,1.9790097480260784e-44,9959.330658083083,0.996422961155937,5.609340420620876e-22
1153020,0.0,1.97849767820284e-44,9959.33065808309,0.996422961155937,5.607892999145987e-22
1153080,0.0,1.9779856083796023e-44,9959.330658083096,0.9964229611559369,5.606445577671099e-22
1153140,0.0,1.9774735385563646e-44,9959.330658083101,0.9964229611559369,5.604998156196212e-22
1153200,0.0,1.9769614687331267e-44,9959.330658083107,0.9964229611559368,5.603550734721324e-22
1153260,0.0,1.976449398909889e-44,9959.330658083112,0.9964229611559368,5.602103313246437e-22
1153320,0.0,1.9759373290866509e-44,9959.33065808312,0.9964229611559366,5.600655891771549e-22
1153380,0.0,1.975425259263413e-44,9959.330658083125,0.9964229611559365,5.599208470296662e-22
1153440,0.0,1.9749131894401753e-44,9959.33065808313,0.9964229611559365,5.597761048821774e-22
1153500,0.0,1.9744011196169376e-44,9959.330658083136,0.9964229611559364,5.596313627346887e-22
1153560,0.0,1.9738890497936997e-44,9959.330658083143,0.9964229611559364,5.594866205871999e-22
1153620,0.0,1.9733769799704615e-44,9959.330658083149,0.9964229611559363,5.593418784397111e-22
1153680,0.0,1.9728649101472238e-44,9959.330658083154,0.9964229611559363,5.591971362922223e-22
1153740,0.0,1.9723528403239861e-44,9959.33065808316,0.9964229611559362,5.590523941447336e-22
1153800,0.0,1.9718407705007482e-44,9959.330658083165,0.9964229611559362,5.589076519972448e-22
1153860,0.0,1.9713287006775105e-44,9959.330658083172,0.9964229611559361,5.587629098497562e-22
1153920,0.0,1.9708166308542723e-44,9959.330658083178,0.9964229611559361,5.586181677022673e-22
1153980,0.0,1.9703045610310344e-44,9959.330658083183,0.996422961155936,5.584734255547786e-22
1154040,0.0,1.9697924912077967e-44,9959.330658083189,0.9964229611559359,5.583286834072898e-22
1154100,0.0,1.969280421384559e-44,9959.330658083194,0.9964229611559359,5.581839412598011e-22
1154160,0.0,1.9687683515613211e-44,9959.330658083201,0.9964229611559358,5.580391991123123e-22
1154220,0.0,1.968256281738083e-44,9959.330658083207,0.9964229611559358,5.578944569648235e-22
1154280,0.0,1.9677442119148453e-44,9959.330658083212,0.9964229611559356,5.577497148173347e-22
1154340,0.0,1.9672321420916074e-44,9959.330658083218,0.9964229611559356,5.57604972669846e-22
1154400,0.0,1.9667200722683697e-44,9959.330658083225,0.9964229611559355,5.574602305223573e-22
1154460,0.0,1.966208002445132e-44,9959.33065808323,0.9964229611559355,5.573154883748686e-22
1154520,0.0,1.9656959326218938e-44,9959.330658083236,0.9964229611559354,5.571707462273797e-22
1154580,0.0,1.965183862798656e-44,9959.330658083241,0.9964229611559353,5.57026004079891e-22
1154640,0.0,1.9646717929754182e-44,9959.330658083247,0.9964229611559353,5.568812619324022e-22
1154700,0.0,1.9641597231521803e-44,9959.330658083254,0.9964229611559352,5.567365197849135e-22
1154760,0.0,1.9636476533289426e-44,9959.33065808326,0.9964229611559352,5.565917776374247e-22
1154820,0.0,1.9631355835057045e-44,9959.330658083265,0.9964229611559351,5.564470354899358e-22
1154880,0.0,1.9626235136824668e-44,9959.33065808327,0.9964229611559351,5.5630229334244715e-22
1154940,0.0,1.9621114438592288e-44,9959.330658083276,0.996422961155935,5.561575511949585e-22
1155000,0.0,1.9615993740359912e-44,9959.330658083283,0.996422961155935,5.560128090474697e-22
1155060,0.0,1.961087304212753e-44,9959.330658083289,0.9964229611559349,5.558680668999808e-22
1155120,0.0,1.960575234389515e-44,9959.330658083294,0.9964229611559349,5.557233247524921e-22
1155180,0.0,1.9600631645662774e-44,9959.3306580833,0.9964229611559348,5.555785826050033e-22
1155240,0.0,1.9595510947430397e-44,9959.330658083307,0.9964229611559347,5.554338404575146e-22
1155300,0.0,1.9590390249198018e-44,9959.330658083312,0.9964229611559347,5.552890983100259e-22
1155360,0.0,1.9585269550965636e-44,9959.330658083318,0.9964229611559345,5.55144356162537e-22
1155420,0.0,1.958014885273326e-44,9959.330658083323,0.9964229611559345,5.549996140150483e-22
1155480,0.0,1.957502815450088e-44,9959.330658083329,0.9964229611559344,5.548548718675596e-22
1155540,0.0,1.9569907456268503e-44,9959.330658083336,0.9964229611559344,5.547101297200708e-22
1155600,0.0,1.9564786758036127e-44,9959.330658083341,0.9964229611559343,5.545653875725821e-22
1155660,0.0,1.9559666059803745e-44,9959.330658083347,0.9964229611559343,5.544206454250932e-22
1155720,0.0,1.9554545361571366e-44,9959.330658083352,0.9964229611559342,5.542759032776045e-22
1155780,0.0,1.954942466333899e-44,9959.33065808336,0.9964229611559341,5.541311611301157e-22
1155840,0.0,1.9544303965106612e-44,9959.330658083365,0.9964229611559341,5.53986418982627e-22
1155900,0.0,1.9539183266874233e-44,9959.33065808337,0.996422961155934,5.538416768351382e-22
1155960,0.0,1.953406256864185e-44,9959.330658083376,0.996422961155934,5.536969346876495e-22
1156020,0.0,1.9528941870409474e-44,9959.330658083381,0.9964229611559339,5.535521925401607e-22
1156080,0.0,1.9523821172177095e-44,9959.330658083389,0.9964229611559339,5.53407450392672e-22
1156140,0.0,1.9518700473944718e-44,9959.330658083394,0.9964229611559338,5.532627082451832e-22
1156200,0.0,1.9513579775712341e-44,9959.3306580834,0.9964229611559338,5.531179660976945e-22
1156260,0.0,1.9508459077479957e-44,9959.330658083405,0.9964229611559337,5.529732239502056e-22
1156320,0.0,1.950333837924758e-44,9959.33065808341,0.9964229611559337,5.528284818027169e-22
1156380,0.0,1.9498217681015204e-44,9959.330658083418,0.9964229611559335,5.526837396552281e-22
1156440,0.0,1.9493096982782824e-44,9959.330658083423,0.9964229611559334,5.525389975077394e-22
1156500,0.0,1.9487976284550448e-44,9959.330658083429,0.9964229611559334,5.523942553602507e-22
1156560,0.0,1.9482855586318066e-44,9959.330658083434,0.9964229611559333,5.522495132127619e-22
1156620,0.0,1.947773488808569e-44,9959.330658083441,0.9964229611559333,5.521047710652731e-22
1156680,0.0,1.947261418985331e-44,9959.330658083447,0.9964229611559332,5.519600289177844e-22
1156740,0.0,1.9467493491620933e-44,9959.330658083452,0.9964229611559332,5.518152867702956e-22
1156800,0.0,1.9462372793388551e-44,9959.330658083458,0.9964229611559331,5.516705446228067e-22
1156860,0.0,1.9457252095156172e-44,9959.330658083463,0.9964229611559331,5.51525802475318e-22
1156920,0.0,1.9452131396923795e-44,9959.33065808347,0.996422961155933,5.513810603278293e-22
1156980,0.0,1.9447010698691418e-44,9959.330658083476,0.9964229611559329,5.5123631818034055e-22
1157040,0.0,1.944189000045904e-44,9959.330658083481,0.9964229611559329,5.510915760328519e-22
1157100,0.0,1.9436769302226657e-44,9959.330658083487,0.9964229611559328,5.50946833885363e-22
1157160,0.0,1.943164860399428e-44,9959.330658083492,0.9964229611559328,5.508020917378742e-22
1157220,0.0,1.9426527905761901e-44,9959.3306580835,0.9964229611559327,5.506573495903855e-22
1157280,0.0,1.9421407207529525e-44,9959.330658083505,0.9964229611559327,5.505126074428968e-22
1157340,0.0,1.9416286509297148e-44,9959.33065808351,0.9964229611559325,5.50367865295408e-22
1157400,0.0,1.9411165811064766e-44,9959.330658083516,0.9964229611559325,5.502231231479191e-22
1157460,0.0,1.9406045112832387e-44,9959.330658083523,0.9964229611559324,5.500783810004304e-22
1157520,0.0,1.940092441460001e-44,9959.330658083529,0.9964229611559323,5.4993363885294165e-22
1157580,0.0,1.939580371636763e-44,9959.330658083534,0.9964229611559323,5.49788896705453e-22
1157640,0.0,1.9390683018135254e-44,9959.33065808354,0.9964229611559322,5.496441545579643e-22
1157700,0.0,1.9385562319902872e-44,9959.330658083545,0.9964229611559322,5.494994124104754e-22
1157760,0.0,1.9380441621670496e-44,9959.330658083552,0.9964229611559321,5.493546702629866e-22
1157820,0.0,1.9375320923438116e-44,9959.330658083558,0.9964229611559321,5.492099281154979e-22
1157880,0.0,1.937020022520574e-44,9959.330658083563,0.996422961155932,5.490651859680091e-22
1157940,0.0,1.936507952697336e-44,9959.330658083569,0.996422961155932,5.489204438205204e-22
1158000,0.0,1.9359958828740978e-44,9959.330658083574,0.9964229611559319,5.487757016730315e-22
1158060,0.0,1.9354838130508602e-44,9959.330658083582,0.9964229611559319,5.4863095952554285e-22
1158120,0.0,1.9349717432276225e-44,9959.330658083587,0.9964229611559318,5.484862173780541e-22
1158180,0.0,1.9344596734043846e-44,9959.330658083592,0.9964229611559317,5.483414752305654e-22
1158240,0.0,1.933947603581147e-44,9959.330658083598,0.9964229611559317,5.481967330830766e-22
1158300,0.0,1.9334355337579087e-44,9959.330658083605,0.9964229611559315,5.480519909355878e-22
1158360,0.0,1.9329234639346708e-44,9959.33065808361,0.9964229611559315,5.47907248788099e-22
1158420,0.0,1.932411394111433e-44,9959.330658083616,0.9964229611559314,5.477625066406103e-22
1158480,0.0,1.9318993242881954e-44,9959.330658083622,0.9964229611559314,5.476177644931215e-22
1158540,0.0,1.9313872544649575e-44,9959.330658083627,0.9964229611559313,5.474730223456328e-22
1158600,0.0,1.9308751846417193e-44,9959.330658083634,0.9964229611559313,5.47328280198144e-22
1158660,0.0,1.9303631148184817e-44,9959.33065808364,0.9964229611559312,5.471835380506553e-22
1158720,0.0,1.9298510449952437e-44,9959.330658083645,0.9964229611559311,5.470387959031665e-22
1158780,0.0,1.929338975172006e-44,9959.33065808365,0.9964229611559311,5.468940537556778e-22
1158840,0.0,1.928826905348768e-44,9959.330658083658,0.996422961155931,5.467493116081889e-22
1158900,0.0,1.9283148355255302e-44,9959.330658083663,0.996422961155931,5.466045694607002e-22
1158960,0.0,1.9278027657022923e-44,9959.330658083669,0.9964229611559309,5.464598273132114e-22
1159020,0.0,1.9272906958790546e-44,9959.330658083674,0.9964229611559309,5.463150851657227e-22
1159080,0.0,1.926778626055817e-44,9959.33065808368,0.9964229611559308,5.461703430182339e-22
1159140,0.0,1.9262665562325785e-44,9959.330658083687,0.9964229611559308,5.460256008707451e-22
1159200,0.0,1.9257544864093408e-44,9959.330658083692,0.9964229611559307,5.458808587232564e-22
1159260,0.0,1.9252424165861031e-44,9959.330658083698,0.9964229611559307,5.457361165757677e-22
1159320,0.0,1.9247303467628652e-44,9959.330658083703,0.9964229611559305,5.455913744282789e-22
1159380,0.0,1.9242182769396275e-44,9959.330658083709,0.9964229611559304,5.454466322807902e-22
1159440,0.0,1.9237062071163894e-44,9959.330658083716,0.9964229611559304,5.453018901333013e-22
1159500,0.0,1.9231941372931517e-44,9959.330658083722,0.9964229611559303,5.451571479858125e-22
1159560,0.0,1.9226820674699138e-44,9959.330658083727,0.9964229611559303,5.450124058383238e-22
1159620,0.0,1.922169997646676e-44,9959.330658083732,0.9964229611559302,5.448676636908351e-22
1159680,0.0,1.9216579278234382e-44,9959.33065808374,0.9964229611559302,5.447229215433464e-22
1159740,0.0,1.9211458580002e-44,9959.330658083745,0.9964229611559301,5.445781793958575e-22
1159800,0.0,1.9206337881769623e-44,9959.33065808375,0.9964229611559301,5.444334372483688e-22
1159860,0.0,1.9201217183537246e-44,9959.330658083756,0.99642296115593,5.4428869510088e-22
1159920,0.0,1.9196096485304867e-44,9959.330658083762,0.9964229611559299,5.441439529533913e-22
1159980,0.0,1.919097578707249e-44,9959.330658083769,0.9964229611559299,5.439992108059026e-22
1160040,0.0,1.9185855088840108e-44,9959.330658083774,0.9964229611559298,5.438544686584137e-22
1160100,0.0,1.918073439060773e-44,9959.33065808378,0.9964229611559298,5.437097265109249e-22
1160160,0.0,1.9175613692375352e-44,9959.330658083785,0.9964229611559297,5.4356498436343625e-22
1160220,0.0,1.9170492994142976e-44,9959.33065808379,0.9964229611559297,5.434202422159475e-22
1160280,0.0,1.9165372295910596e-44,9959.330658083798,0.9964229611559295,5.432755000684588e-22
1160340,0.0,1.9160251597678215e-44,9959.330658083803,0.9964229611559295,5.431307579209699e-22
1160400,0.0,1.9155130899445838e-44,9959.330658083809,0.9964229611559294,5.429860157734812e-22
1160460,0.0,1.9150010201213459e-44,9959.330658083814,0.9964229611559294,5.428412736259924e-22
1160520,0.0,1.9144889502981082e-44,9959.330658083822,0.9964229611559293,5.426965314785037e-22
1160580,0.0,1.9139768804748705e-44,9959.330658083827,0.9964229611559292,5.425517893310149e-22
1160640,0.0,1.9134648106516323e-44,9959.330658083833,0.9964229611559292,5.424070471835261e-22
1160700,0.0,1.9129527408283944e-44,9959.330658083838,0.9964229611559291,5.422623050360374e-22
1160760,0.0,1.9124406710051567e-44,9959.330658083843,0.9964229611559291,5.421175628885487e-22
1160820,0.0,1.9119286011819188e-44,9959.33065808385,0.996422961155929,5.419728207410599e-22
1160880,0.0,1.9114165313586806e-44,9959.330658083856,0.996422961155929,5.418280785935711e-22
1160940,0.0,1.910904461535443e-44,9959.330658083862,0.9964229611559289,5.416833364460823e-22
1161000,0.0,1.9103923917122053e-44,9959.330658083867,0.9964229611559289,5.415385942985936e-22
1161060,0.0,1.9098803218889673e-44,9959.330658083873,0.9964229611559288,5.413938521511048e-22
1161120,0.0,1.9093682520657297e-44,9959.33065808388,0.9964229611559287,5.412491100036161e-22
1161180,0.0,1.9088561822424915e-44,9959.330658083885,0.9964229611559287,5.411043678561272e-22
1161240,0.0,1.9083441124192536e-44,9959.33065808389,0.9964229611559285,5.409596257086386e-22
1161300,0.0,1.907832042596016e-44,9959.330658083896,0.9964229611559285,5.408148835611498e-22
1161360,0.0,1.9073199727727782e-44,9959.330658083903,0.9964229611559284,5.406701414136611e-22
1161420,0.0,1.9068079029495403e-44,9959.330658083909,0.9964229611559284,5.405253992661723e-22
1161480,0.0,1.906295833126302e-44,9959.330658083914,0.9964229611559283,5.403806571186834e-22
1161540,0.0,1.9057837633030644e-44,9959.33065808392,0.9964229611559283,5.402359149711947e-22
1161600,0.0,1.9052716934798265e-44,9959.330658083925,0.9964229611559282,5.40091172823706e-22
1161660,0.0,1.9047596236565888e-44,9959.330658083933,0.9964229611559282,5.399464306762172e-22
1161720,0.0,1.9042475538333512e-44,9959.330658083938,0.9964229611559281,5.398016885287285e-22
1161780,0.0,1.903735484010113e-44,9959.330658083943,0.996422961155928,5.396569463812397e-22
1161840,0.0,1.903223414186875e-44,9959.330658083949,0.996422961155928,5.395122042337509e-22
1161900,0.0,1.9027113443636374e-44,9959.330658083956,0.9964229611559279,5.393674620862622e-22
1161960,0.0,1.9021992745403997e-44,9959.330658083962,0.9964229611559279,5.392227199387735e-22
1162020,0.0,1.9016872047171618e-44,9959.330658083967,0.9964229611559278,5.390779777912847e-22
1162080,0.0,1.9011751348939236e-44,9959.330658083973,0.9964229611559278,5.389332356437958e-22
1162140,0.0,1.900663065070686e-44,9959.330658083978,0.9964229611559277,5.387884934963071e-22
1162200,0.0,1.900150995247448e-44,9959.330658083985,0.9964229611559277,5.386437513488183e-22
1162260,0.0,1.8996389254242103e-44,9959.33065808399,0.9964229611559275,5.384990092013296e-22
1162320,0.0,1.8991268556009726e-44,9959.330658083996,0.9964229611559274,5.3835426705384095e-22
1162380,0.0,1.8986147857777345e-44,9959.330658084002,0.9964229611559274,5.382095249063521e-22
1162440,0.0,1.8981027159544965e-44,9959.330658084007,0.9964229611559273,5.380647827588633e-22
1162500,0.0,1.8975906461312589e-44,9959.330658084014,0.9964229611559273,5.379200406113746e-22
1162560,0.0,1.897078576308021e-44,9959.33065808402,0.9964229611559272,5.377752984638858e-22
1162620,0.0,1.8965665064847833e-44,9959.330658084025,0.9964229611559272,5.376305563163971e-22
1162680,0.0,1.896054436661545e-44,9959.33065808403,0.9964229611559271,5.374858141689082e-22
1162740,0.0,1.8955423668383074e-44,9959.330658084038,0.9964229611559271,5.373410720214195e-22
1162800,0.0,1.8950302970150695e-44,9959.330658084044,0.996422961155927,5.3719632987393075e-22
1162860,0.0,1.8945182271918318e-44,9959.330658084049,0.9964229611559269,5.370515877264421e-22
1162920,0.0,1.8940061573685936e-44,9959.330658084054,0.9964229611559269,5.369068455789532e-22
1162980,0.0,1.8934940875453557e-44,9959.33065808406,0.9964229611559268,5.367621034314645e-22
1163040,0.0,1.892982017722118e-44,9959.330658084067,0.9964229611559268,5.366173612839757e-22
1163100,0.0,1.8924699478988803e-44,9959.330658084073,0.9964229611559267,5.36472619136487e-22
1163160,0.0,1.8919578780756422e-44,9959.330658084078,0.9964229611559267,5.363278769889982e-22
1163220,0.0,1.8914458082524045e-44,9959.330658084084,0.9964229611559265,5.361831348415094e-22
1163280,0.0,1.8909337384291666e-44,9959.330658084089,0.9964229611559265,5.360383926940206e-22
1163340,0.0,1.8904216686059286e-44,9959.330658084096,0.9964229611559264,5.3589365054653195e-22
1163400,0.0,1.889909598782691e-44,9959.330658084102,0.9964229611559264,5.357489083990432e-22
1163460,0.0,1.889397528959453e-44,9959.330658084107,0.9964229611559263,5.356041662515544e-22
1163520,0.0,1.888885459136215e-44,9959.330658084113,0.9964229611559262,5.354594241040657e-22
1163580,0.0,1.8883733893129772e-44,9959.33065808412,0.9964229611559262,5.353146819565769e-22
1163640,0.0,1.8878613194897395e-44,9959.330658084125,0.9964229611559261,5.351699398090881e-22
1163700,0.0,1.8873492496665016e-44,9959.33065808413,0.9964229611559261,5.350251976615994e-22
1163760,0.0,1.8868371798432637e-44,9959.330658084136,0.996422961155926,5.348804555141106e-22
1163820,0.0,1.886325110020026e-44,9959.330658084142,0.996422961155926,5.347357133666218e-22
1163880,0.0,1.885813040196788e-44,9959.330658084149,0.9964229611559259,5.345909712191331e-22
1163940,0.0,1.88530097037355e-44,9959.330658084154,0.9964229611559259,5.344462290716444e-22
1164000,0.0,1.8847889005503124e-44,9959.33065808416,0.9964229611559258,5.343014869241556e-22
1164060,0.0,1.8842768307270745e-44,9959.330658084165,0.9964229611559257,5.341567447766668e-22
1164120,0.0,1.8837647609038366e-44,9959.33065808417,0.9964229611559257,5.340120026291781e-22
1164180,0.0,1.8832526910805987e-44,9959.330658084178,0.9964229611559255,5.338672604816892e-22
1164240,0.0,1.882740621257361e-44,9959.330658084184,0.9964229611559255,5.337225183342005e-22
1164300,0.0,1.8822285514341228e-44,9959.330658084189,0.9964229611559254,5.335777761867117e-22
1164360,0.0,1.8817164816108851e-44,9959.330658084195,0.9964229611559254,5.3343303403922295e-22
1164420,0.0,1.8812044117876475e-44,9959.330658084202,0.9964229611559253,5.332882918917343e-22
1164480,0.0,1.8806923419644093e-44,9959.330658084207,0.9964229611559253,5.331435497442455e-22
1164540,0.0,1.8801802721411716e-44,9959.330658084213,0.9964229611559252,5.329988075967567e-22
1164600,0.0,1.8796682023179337e-44,9959.330658084218,0.9964229611559252,5.328540654492679e-22
1164660,0.0,1.8791561324946958e-44,9959.330658084224,0.9964229611559251,5.327093233017792e-22
1164720,0.0,1.878644062671458e-44,9959.33065808423,0.996422961155925,5.325645811542904e-22
1164780,0.0,1.8781319928482202e-44,9959.330658084236,0.996422961155925,5.324198390068016e-22
1164840,0.0,1.8776199230249825e-44,9959.330658084242,0.9964229611559249,5.322750968593129e-22
1164900,0.0,1.8771078532017443e-44,9959.330658084247,0.9964229611559249,5.321303547118241e-22
1164960,0.0,1.8765957833785066e-44,9959.330658084255,0.9964229611559248,5.319856125643354e-22
1165020,0.0,1.876083713555269e-44,9959.33065808426,0.9964229611559248,5.318408704168467e-22
1165080,0.0,1.8755716437320308e-44,9959.330658084265,0.9964229611559247,5.316961282693579e-22
1165140,0.0,1.875059573908793e-44,9959.33065808427,0.9964229611559247,5.315513861218691e-22
1165200,0.0,1.8745475040855552e-44,9959.330658084276,0.9964229611559245,5.314066439743803e-22
1165260,0.0,1.8740354342623172e-44,9959.330658084284,0.9964229611559244,5.312619018268916e-22
1165320,0.0,1.8735233644390793e-44,9959.33065808429,0.9964229611559244,5.311171596794028e-22
1165380,0.0,1.8730112946158416e-44,9959.330658084295,0.9964229611559243,5.30972417531914e-22
1165440,0.0,1.8724992247926037e-44,9959.3306580843,0.9964229611559243,5.308276753844253e-22
1165500,0.0,1.8719871549693658e-44,9959.330658084305,0.9964229611559242,5.306829332369366e-22
1165560,0.0,1.871475085146128e-44,9959.330658084313,0.9964229611559242,5.305381910894478e-22
1165620,0.0,1.8709630153228902e-44,9959.330658084318,0.9964229611559241,5.30393448941959e-22
1165680,0.0,1.8704509454996523e-44,9959.330658084324,0.9964229611559241,5.302487067944703e-22
1165740,0.0,1.8699388756764146e-44,9959.33065808433,0.996422961155924,5.301039646469815e-22
1165800,0.0,1.8694268058531766e-44,9959.330658084336,0.996422961155924,5.299592224994927e-22
1165860,0.0,1.8689147360299387e-44,9959.330658084342,0.9964229611559239,5.29814480352004e-22
1165920,0.0,1.8684026662067008e-44,9959.330658084347,0.9964229611559238,5.296697382045152e-22
1165980,0.0,1.867890596383463e-44,9959.330658084353,0.9964229611559238,5.2952499605702645e-22
1166040,0.0,1.8673785265602252e-44,9959.330658084358,0.9964229611559237,5.293802539095378e-22
1166100,0.0,1.8668664567369873e-44,9959.330658084365,0.9964229611559237,5.29235511762049e-22
1166160,0.0,1.8663543869137496e-44,9959.330658084371,0.9964229611559235,5.290907696145602e-22
1166220,0.0,1.8658423170905114e-44,9959.330658084376,0.9964229611559235,5.289460274670714e-22
1166280,0.0,1.8653302472672737e-44,9959.330658084382,0.9964229611559234,5.288012853195827e-22
1166340,0.0,1.8648181774440358e-44,9959.330658084387,0.9964229611559234,5.286565431720938e-22
1166400,0.0,1.864306107620798e-44,9959.330658084395,0.9964229611559233,5.285118010246051e-22
1166460,0.0,1.8637940377975602e-44,9959.3306580844,0.9964229611559232,5.283670588771164e-22
1166520,0.0,1.8632819679743223e-44,9959.330658084406,0.9964229611559232,5.282223167296276e-22
1166580,0.0,1.8627698981510844e-44,9959.330658084411,0.9964229611559231,5.280775745821389e-22
1166640,0.0,1.8622578283278464e-44,9959.330658084418,0.9964229611559231,5.279328324346501e-22
1166700,0.0,1.8617457585046088e-44,9959.330658084424,0.996422961155923,5.277880902871613e-22
1166760,0.0,1.8612336886813708e-44,9959.33065808443,0.996422961155923,5.276433481396726e-22
1166820,0.0,1.860721618858133e-44,9959.330658084435,0.9964229611559229,5.274986059921838e-22
1166880,0.0,1.8602095490348952e-44,9959.33065808444,0.9964229611559229,5.27353863844695e-22
1166940,0.0,1.8596974792116573e-44,9959.330658084447,0.9964229611559228,5.272091216972062e-22
1167000,0.0,1.8591854093884194e-44,9959.330658084453,0.9964229611559228,5.270643795497175e-22
1167060,0.0,1.8586733395651817e-44,9959.330658084458,0.9964229611559227,5.269196374022288e-22
1167120,0.0,1.8581612697419438e-44,9959.330658084464,0.9964229611559225,5.2677489525474e-22
1167180,0.0,1.8576491999187058e-44,9959.33065808447,0.9964229611559225,5.266301531072513e-22
1167240,0.0,1.857137130095468e-44,9959.330658084476,0.9964229611559224,5.264854109597625e-22
1167300,0.0,1.8566250602722302e-44,9959.330658084482,0.9964229611559224,5.263406688122737e-22
1167360,0.0,1.856112990448992e-44,9959.330658084487,0.9964229611559223,5.261959266647849e-22
1167420,0.0,1.8556009206257544e-44,9959.330658084493,0.9964229611559223,5.260511845172962e-22
1167480,0.0,1.8550888508025167e-44,9959.3306580845,0.9964229611559222,5.259064423698074e-22
1167540,0.0,1.8545767809792785e-44,9959.330658084506,0.9964229611559222,5.2576170022231865e-22
1167600,0.0,1.8540647111560409e-44,9959.330658084511,0.9964229611559221,5.2561695807483e-22
1167660,0.0,1.853552641332803e-44,9959.330658084516,0.996422961155922,5.254722159273412e-22
1167720,0.0,1.8530405715095653e-44,9959.330658084522,0.996422961155922,5.253274737798524e-22
1167780,0.0,1.8525285016863273e-44,9959.33065808453,0.9964229611559219,5.251827316323637e-22
1167840,0.0,1.8520164318630894e-44,9959.330658084535,0.9964229611559219,5.250379894848749e-22
1167900,0.0,1.8515043620398517e-44,9959.33065808454,0.9964229611559218,5.248932473373861e-22
1167960,0.0,1.8509922922166135e-44,9959.330658084546,0.9964229611559218,5.247485051898973e-22
1168020,0.0,1.8504802223933759e-44,9959.330658084553,0.9964229611559217,5.246037630424086e-22
1168080,0.0,1.8499681525701382e-44,9959.330658084558,0.9964229611559217,5.2445902089491985e-22
1168140,0.0,1.8494560827469e-44,9959.330658084564,0.9964229611559215,5.243142787474311e-22
1168200,0.0,1.8489440129236623e-44,9959.33065808457,0.9964229611559214,5.241695365999424e-22
1168260,0.0,1.8484319431004244e-44,9959.330658084575,0.9964229611559214,5.240247944524536e-22
1168320,0.0,1.8479198732771865e-44,9959.330658084582,0.9964229611559213,5.238800523049648e-22
1168380,0.0,1.8474078034539486e-44,9959.330658084587,0.9964229611559213,5.23735310157476e-22
1168440,0.0,1.846895733630711e-44,9959.330658084593,0.9964229611559212,5.235905680099873e-22
1168500,0.0,1.846383663807473e-44,9959.330658084598,0.9964229611559212,5.234458258624985e-22
1168560,0.0,1.845871593984235e-44,9959.330658084604,0.9964229611559211,5.233010837150097e-22
1168620,0.0,1.8453595241609974e-44,9959.330658084611,0.9964229611559211,5.2315634156752105e-22
1168680,0.0,1.8448474543377594e-44,9959.330658084617,0.996422961155921,5.230115994200322e-22
1168740,0.0,1.8443353845145215e-44,9959.330658084622,0.996422961155921,5.228668572725435e-22
1168800,0.0,1.8438233146912838e-44,9959.330658084627,0.9964229611559209,5.227221151250548e-22
1168860,0.0,1.843311244868046e-44,9959.330658084635,0.9964229611559208,5.225773729775659e-22
1168920,0.0,1.842799175044808e-44,9959.33065808464,0.9964229611559208,5.224326308300772e-22
1168980,0.0,1.84228710522157e-44,9959.330658084646,0.9964229611559207,5.222878886825884e-22
1169040,0.0,1.8417750353983324e-44,9959.330658084651,0.9964229611559207,5.221431465350996e-22
1169100,0.0,1.8412629655750944e-44,9959.330658084657,0.9964229611559206,5.219984043876109e-22
1169160,0.0,1.8407508957518565e-44,9959.330658084664,0.9964229611559206,5.2185366224012215e-22
1169220,0.0,1.8402388259286188e-44,9959.33065808467,0.9964229611559204,5.217089200926334e-22
1169280,0.0,1.8397267561053807e-44,9959.330658084675,0.9964229611559204,5.215641779451446e-22
1169340,0.0,1.839214686282143e-44,9959.33065808468,0.9964229611559203,5.214194357976559e-22
1169400,0.0,1.838702616458905e-44,9959.330658084686,0.9964229611559202,5.212746936501671e-22
1169460,0.0,1.8381905466356671e-44,9959.330658084693,0.9964229611559202,5.211299515026783e-22
1169520,0.0,1.8376784768124295e-44,9959.330658084698,0.9964229611559201,5.209852093551896e-22
1169580,0.0,1.8371664069891915e-44,9959.330658084704,0.9964229611559201,5.208404672077008e-22
1169640,0.0,1.8366543371659536e-44,9959.33065808471,0.99642296115592,5.20695725060212e-22
1169700,0.0,1.8361422673427157e-44,9959.330658084717,0.99642296115592,5.205509829127233e-22
1169760,0.0,1.835630197519478e-44,9959.330658084722,0.9964229611559199,5.204062407652346e-22
1169820,0.0,1.83511812769624e-44,9959.330658084727,0.9964229611559199,5.202614986177458e-22
1169880,0.0,1.8346060578730021e-44,9959.330658084733,0.9964229611559198,5.20116756470257e-22
1169940,0.0,1.8340939880497645e-44,9959.330658084738,0.9964229611559198,5.199720143227683e-22
1170000,0.0,1.8335819182265265e-44,9959.330658084746,0.9964229611559197,5.198272721752795e-22
1170060,0.0,1.8330698484032886e-44,9959.330658084751,0.9964229611559196,5.196825300277907e-22
1170120,0.0,1.832557778580051e-44,9959.330658084757,0.9964229611559196,5.19537787880302e-22
1170180,0.0,1.832045708756813e-44,9959.330658084762,0.9964229611559194,5.193930457328132e-22
1170240,0.0,1.831533638933575e-44,9959.330658084767,0.9964229611559194,5.192483035853245e-22
1170300,0.0,1.8310215691103372e-44,9959.330658084775,0.9964229611559193,5.191035614378357e-22
1170360,0.0,1.8305094992870995e-44,9959.33065808478,0.9964229611559193,5.18958819290347e-22
1170420,0.0,1.8299974294638613e-44,9959.330658084786,0.9964229611559192,5.188140771428582e-22
1170480,0.0,1.8294853596406236e-44,9959.330658084791,0.9964229611559192,5.186693349953694e-22
1170540,0.0,1.828973289817386e-44,9959.330658084798,0.9964229611559191,5.185245928478807e-22
1170600,0.0,1.8284612199941478e-44,9959.330658084804,0.996422961155919,5.183798507003919e-22
1170660,0.0,1.82794915017091e-44,9959.33065808481,0.996422961155919,5.182351085529031e-22
1170720,0.0,1.8274370803476722e-44,9959.330658084815,0.9964229611559189,5.1809036640541435e-22
1170780,0.0,1.8269250105244345e-44,9959.33065808482,0.9964229611559189,5.179456242579257e-22
1170840,0.0,1.8264129407011966e-44,9959.330658084828,0.9964229611559188,5.178008821104369e-22
1170900,0.0,1.8259008708779586e-44,9959.330658084833,0.9964229611559188,5.176561399629481e-22
1170960,0.0,1.825388801054721e-44,9959.330658084838,0.9964229611559187,5.175113978154594e-22
1171020,0.0,1.8248767312314828e-44,9959.330658084844,0.9964229611559187,5.173666556679705e-22
1171080,0.0,1.824364661408245e-44,9959.330658084851,0.9964229611559186,5.172219135204818e-22
1171140,0.0,1.8238525915850074e-44,9959.330658084857,0.9964229611559186,5.170771713729931e-22
1171200,0.0,1.8233405217617693e-44,9959.330658084862,0.9964229611559184,5.169324292255042e-22
1171260,0.0,1.8228284519385316e-44,9959.330658084868,0.9964229611559183,5.1678768707801555e-22
1171320,0.0,1.8223163821152937e-44,9959.330658084873,0.9964229611559183,5.166429449305268e-22
1171380,0.0,1.8218043122920557e-44,9959.33065808488,0.9964229611559182,5.16498202783038e-22
1171440,0.0,1.8212922424688178e-44,9959.330658084886,0.9964229611559182,5.163534606355492e-22
1171500,0.0,1.8207801726455801e-44,9959.330658084891,0.9964229611559181,5.162087184880605e-22
1171560,0.0,1.8202681028223422e-44,9959.330658084897,0.9964229611559181,5.160639763405717e-22
1171620,0.0,1.8197560329991043e-44,9959.330658084902,0.996422961155918,5.159192341930829e-22
1171680,0.0,1.8192439631758666e-44,9959.33065808491,0.996422961155918,5.157744920455942e-22
1171740,0.0,1.8187318933526287e-44,9959.330658084915,0.9964229611559179,5.156297498981054e-22
1171800,0.0,1.8182198235293907e-44,9959.33065808492,0.9964229611559178,5.154850077506167e-22
1171860,0.0,1.817707753706153e-44,9959.330658084926,0.9964229611559178,5.15340265603128e-22
1171920,0.0,1.8171956838829151e-44,9959.330658084933,0.9964229611559177,5.151955234556392e-22
1171980,0.0,1.8166836140596772e-44,9959.330658084938,0.9964229611559177,5.150507813081504e-22
1172040,0.0,1.8161715442364393e-44,9959.330658084944,0.9964229611559176,5.149060391606616e-22
1172100,0.0,1.8156594744132016e-44,9959.33065808495,0.9964229611559176,5.147612970131729e-22
1172160,0.0,1.8151474045899637e-44,9959.330658084955,0.9964229611559174,5.146165548656841e-22
1172220,0.0,1.8146353347667258e-44,9959.330658084962,0.9964229611559174,5.144718127181953e-22
1172280,0.0,1.814123264943488e-44,9959.330658084968,0.9964229611559173,5.143270705707066e-22
1172340,0.0,1.81361119512025e-44,9959.330658084973,0.9964229611559173,5.141823284232179e-22
1172400,0.0,1.8130991252970122e-44,9959.330658084978,0.9964229611559172,5.140375862757291e-22
1172460,0.0,1.8125870554737743e-44,9959.330658084984,0.9964229611559171,5.138928441282403e-22
1172520,0.0,1.8120749856505364e-44,9959.330658084991,0.9964229611559171,5.137481019807516e-22
1172580,0.0,1.8115629158272987e-44,9959.330658084997,0.996422961155917,5.136033598332628e-22
1172640,0.0,1.8110508460040608e-44,9959.330658085002,0.996422961155917,5.13458617685774e-22
1172700,0.0,1.8105387761808229e-44,9959.330658085008,0.9964229611559169,5.133138755382853e-22
1172760,0.0,1.810026706357585e-44,9959.330658085015,0.9964229611559169,5.131691333907965e-22
1172820,0.0,1.8095146365343472e-44,9959.33065808502,0.9964229611559168,5.130243912433077e-22
1172880,0.0,1.8090025667111093e-44,9959.330658085026,0.9964229611559168,5.1287964909581905e-22
1172940,0.0,1.8084904968878714e-44,9959.330658085031,0.9964229611559167,5.127349069483303e-22
1173000,0.0,1.8079784270646337e-44,9959.330658085037,0.9964229611559166,5.125901648008415e-22
1173060,0.0,1.8074663572413958e-44,9959.330658085044,0.9964229611559166,5.124454226533527e-22
1173120,0.0,1.8069542874181579e-44,9959.33065808505,0.9964229611559164,5.12300680505864e-22
1173180,0.0,1.8064422175949202e-44,9959.330658085055,0.9964229611559164,5.121559383583752e-22
1173240,0.0,1.8059301477716823e-44,9959.33065808506,0.9964229611559163,5.120111962108864e-22
1173300,0.0,1.8054180779484443e-44,9959.330658085066,0.9964229611559163,5.118664540633977e-22
1173360,0.0,1.8049060081252064e-44,9959.330658085073,0.9964229611559162,5.1172171191590885e-22
1173420,0.0,1.8043939383019687e-44,9959.330658085079,0.9964229611559162,5.115769697684202e-22
1173480,0.0,1.8038818684787306e-44,9959.330658085084,0.9964229611559161,5.114322276209314e-22
1173540,0.0,1.803369798655493e-44,9959.33065808509,0.996422961155916,5.112874854734426e-22
1173600,0.0,1.8028577288322552e-44,9959.330658085097,0.996422961155916,5.111427433259539e-22
1173660,0.0,1.8023456590090173e-44,9959.330658085102,0.9964229611559159,5.109980011784651e-22
1173720,0.0,1.8018335891857794e-44,9959.330658085108,0.9964229611559159,5.108532590309763e-22
1173780,0.0,1.8013215193625414e-44,9959.330658085113,0.9964229611559158,5.107085168834875e-22
1173840,0.0,1.8008094495393037e-44,9959.330658085119,0.9964229611559158,5.105637747359988e-22
1173900,0.0,1.8002973797160658e-44,9959.330658085126,0.9964229611559157,5.1041903258851005e-22
1173960,0.0,1.799785309892828e-44,9959.330658085131,0.9964229611559157,5.102742904410213e-22
1174020,0.0,1.7992732400695902e-44,9959.330658085137,0.9964229611559156,5.101295482935326e-22
1174080,0.0,1.798761170246352e-44,9959.330658085142,0.9964229611559156,5.099848061460438e-22
1174140,0.0,1.7982491004231144e-44,9959.33065808515,0.9964229611559154,5.09840063998555e-22
1174200,0.0,1.7977370305998767e-44,9959.330658085155,0.9964229611559153,5.096953218510663e-22
1174260,0.0,1.7972249607766385e-44,9959.33065808516,0.9964229611559153,5.095505797035775e-22
1174320,0.0,1.7967128909534008e-44,9959.330658085166,0.9964229611559152,5.094058375560887e-22
1174380,0.0,1.796200821130163e-44,9959.330658085171,0.9964229611559152,5.092610954085999e-22
1174440,0.0,1.795688751306925e-44,9959.330658085179,0.9964229611559151,5.0911635326111125e-22
1174500,0.0,1.795176681483687e-44,9959.330658085184,0.9964229611559151,5.089716111136225e-22
1174560,0.0,1.7946646116604494e-44,9959.33065808519,0.996422961155915,5.088268689661337e-22
1174620,0.0,1.7941525418372115e-44,9959.330658085195,0.996422961155915,5.08682126818645e-22
1174680,0.0,1.7936404720139735e-44,9959.3306580852,0.9964229611559149,5.085373846711562e-22
1174740,0.0,1.7931284021907358e-44,9959.330658085208,0.9964229611559148,5.083926425236674e-22
1174800,0.0,1.792616332367498e-44,9959.330658085213,0.9964229611559148,5.082479003761786e-22
1174860,0.0,1.79210426254426e-44,9959.330658085219,0.9964229611559147,5.081031582286899e-22
1174920,0.0,1.7915921927210223e-44,9959.330658085224,0.9964229611559147,5.079584160812011e-22
1174980,0.0,1.7910801228977844e-44,9959.330658085231,0.9964229611559146,5.078136739337124e-22
1175040,0.0,1.7905680530745465e-44,9959.330658085237,0.9964229611559146,5.076689317862237e-22
1175100,0.0,1.7900559832513085e-44,9959.330658085242,0.9964229611559144,5.075241896387349e-22
1175160,0.0,1.7895439134280709e-44,9959.330658085248,0.9964229611559144,5.073794474912461e-22
1175220,0.0,1.7890318436048327e-44,9959.330658085253,0.9964229611559143,5.072347053437573e-22
1175280,0.0,1.788519773781595e-44,9959.33065808526,0.9964229611559143,5.070899631962686e-22
1175340,0.0,1.7880077039583573e-44,9959.330658085266,0.9964229611559142,5.069452210487798e-22
1175400,0.0,1.7874956341351192e-44,9959.330658085271,0.9964229611559141,5.06800478901291e-22
1175460,0.0,1.7869835643118815e-44,9959.330658085277,0.9964229611559141,5.066557367538023e-22
1175520,0.0,1.7864714944886436e-44,9959.330658085282,0.996422961155914,5.065109946063135e-22
1175580,0.0,1.7859594246654056e-44,9959.33065808529,0.996422961155914,5.063662524588248e-22
1175640,0.0,1.785447354842168e-44,9959.330658085295,0.9964229611559139,5.062215103113361e-22
1175700,0.0,1.78493528501893e-44,9959.3306580853,0.9964229611559139,5.060767681638472e-22
1175760,0.0,1.784423215195692e-44,9959.330658085306,0.9964229611559138,5.059320260163585e-22
1175820,0.0,1.7839111453724542e-44,9959.330658085313,0.9964229611559138,5.057872838688697e-22
1175880,0.0,1.7833990755492165e-44,9959.330658085319,0.9964229611559137,5.056425417213809e-22
1175940,0.0,1.7828870057259786e-44,9959.330658085324,0.9964229611559136,5.054977995738922e-22
1176000,0.0,1.7823749359027406e-44,9959.33065808533,0.9964229611559136,5.053530574264034e-22
1176060,0.0,1.781862866079503e-44,9959.330658085335,0.9964229611559134,5.052083152789147e-22
1176120,0.0,1.781350796256265e-44,9959.330658085342,0.9964229611559134,5.050635731314259e-22
1176180,0.0,1.780838726433027e-44,9959.330658085348,0.9964229611559133,5.049188309839372e-22
1176240,0.0,1.7803266566097892e-44,9959.330658085353,0.9964229611559133,5.047740888364484e-22
1176300,0.0,1.7798145867865515e-44,9959.330658085359,0.9964229611559132,5.046293466889596e-22
1176360,0.0,1.7793025169633136e-44,9959.330658085364,0.9964229611559132,5.044846045414709e-22
1176420,0.0,1.7787904471400757e-44,9959.330658085371,0.9964229611559131,5.043398623939821e-22
1176480,0.0,1.778278377316838e-44,9959.330658085377,0.9964229611559131,5.041951202464933e-22
1176540,0.0,1.7777663074935998e-44,9959.330658085382,0.996422961155913,5.0405037809900455e-22
1176600,0.0,1.7772542376703621e-44,9959.330658085388,0.9964229611559129,5.039056359515159e-22
1176660,0.0,1.7767421678471245e-44,9959.330658085395,0.9964229611559129,5.037608938040271e-22
1176720,0.0,1.7762300980238865e-44,9959.3306580854,0.9964229611559128,5.036161516565383e-22
1176780,0.0,1.7757180282006486e-44,9959.330658085406,0.9964229611559128,5.034714095090496e-22
1176840,0.0,1.7752059583774107e-44,9959.330658085411,0.9964229611559127,5.033266673615608e-22
1176900,0.0,1.774693888554173e-44,9959.330658085417,0.9964229611559127,5.03181925214072e-22
1176960,0.0,1.774181818730935e-44,9959.330658085424,0.9964229611559126,5.030371830665833e-22
1177020,0.0,1.7736697489076971e-44,9959.33065808543,0.9964229611559126,5.028924409190945e-22
1177080,0.0,1.7731576790844595e-44,9959.330658085435,0.9964229611559124,5.0274769877160575e-22
1177140,0.0,1.7726456092612213e-44,9959.33065808544,0.9964229611559123,5.02602956624117e-22
1177200,0.0,1.7721335394379836e-44,9959.330658085448,0.9964229611559123,5.024582144766283e-22
1177260,0.0,1.7716214696147457e-44,9959.330658085453,0.9964229611559122,5.023134723291395e-22
1177320,0.0,1.7711093997915078e-44,9959.330658085459,0.9964229611559122,5.021687301816507e-22
1177380,0.0,1.77059732996827e-44,9959.330658085464,0.9964229611559121,5.02023988034162e-22
1177440,0.0,1.7700852601450322e-44,9959.33065808547,0.9964229611559121,5.018792458866732e-22
1177500,0.0,1.7695731903217942e-44,9959.330658085477,0.996422961155912,5.017345037391844e-22
1177560,0.0,1.7690611204985563e-44,9959.330658085482,0.996422961155912,5.015897615916956e-22
1177620,0.0,1.7685490506753186e-44,9959.330658085488,0.9964229611559119,5.0144501944420695e-22
1177680,0.0,1.7680369808520807e-44,9959.330658085493,0.9964229611559119,5.013002772967182e-22
1177740,0.0,1.7675249110288428e-44,9959.330658085499,0.9964229611559118,5.011555351492294e-22
1177800,0.0,1.767012841205605e-44,9959.330658085506,0.9964229611559117,5.010107930017407e-22
1177860,0.0,1.7665007713823672e-44,9959.330658085511,0.9964229611559117,5.008660508542518e-22
1177920,0.0,1.7659887015591292e-44,9959.330658085517,0.9964229611559116,5.007213087067631e-22
1177980,0.0,1.7654766317358916e-44,9959.330658085522,0.9964229611559116,5.005765665592744e-22
1178040,0.0,1.7649645619126536e-44,9959.33065808553,0.9964229611559114,5.004318244117855e-22
1178100,0.0,1.7644524920894157e-44,9959.330658085535,0.9964229611559114,5.002870822642968e-22
1178160,0.0,1.7639404222661778e-44,9959.33065808554,0.9964229611559113,5.001423401168081e-22
1178220,0.0,1.76342835244294e-44,9959.330658085546,0.9964229611559113,4.999975979693193e-22
1178280,0.0,1.762916282619702e-44,9959.330658085551,0.9964229611559112,4.998528558218305e-22
1178340,0.0,1.7624042127964643e-44,9959.330658085559,0.9964229611559111,4.997081136743418e-22
1178400,0.0,1.7618921429732266e-44,9959.330658085564,0.9964229611559111,4.99563371526853e-22
1178460,0.0,1.7613800731499884e-44,9959.33065808557,0.996422961155911,4.994186293793642e-22
1178520,0.0,1.7608680033267507e-44,9959.330658085575,0.996422961155911,4.992738872318755e-22
1178580,0.0,1.7603559335035128e-44,9959.33065808558,0.9964229611559109,4.991291450843867e-22
1178640,0.0,1.759843863680275e-44,9959.330658085588,0.9964229611559109,4.9898440293689795e-22
1178700,0.0,1.7593317938570372e-44,9959.330658085593,0.9964229611559108,4.988396607894093e-22
1178760,0.0,1.7588197240337993e-44,9959.330658085599,0.9964229611559108,4.986949186419205e-22
1178820,0.0,1.7583076542105613e-44,9959.330658085604,0.9964229611559107,4.985501764944317e-22
1178880,0.0,1.7577955843873234e-44,9959.330658085612,0.9964229611559106,4.984054343469429e-22
1178940,0.0,1.7572835145640857e-44,9959.330658085617,0.9964229611559106,4.982606921994542e-22
1179000,0.0,1.7567714447408478e-44,9959.330658085622,0.9964229611559104,4.981159500519654e-22
1179060,0.0,1.75625937491761e-44,9959.330658085628,0.9964229611559104,4.979712079044766e-22
1179120,0.0,1.7557473050943722e-44,9959.330658085633,0.9964229611559103,4.978264657569879e-22
1179180,0.0,1.7552352352711343e-44,9959.33065808564,0.9964229611559103,4.9768172360949915e-22
1179240,0.0,1.7547231654478964e-44,9959.330658085646,0.9964229611559102,4.975369814620104e-22
1179300,0.0,1.7542110956246584e-44,9959.330658085652,0.9964229611559102,4.973922393145216e-22
1179360,0.0,1.7536990258014208e-44,9959.330658085657,0.9964229611559101,4.972474971670329e-22
1179420,0.0,1.7531869559781828e-44,9959.330658085662,0.9964229611559101,4.971027550195441e-22
1179480,0.0,1.752674886154945e-44,9959.33065808567,0.99642296115591,4.969580128720553e-22
1179540,0.0,1.7521628163317072e-44,9959.330658085675,0.9964229611559099,4.968132707245666e-22
1179600,0.0,1.7516507465084693e-44,9959.33065808568,0.9964229611559099,4.966685285770778e-22
1179660,0.0,1.7511386766852314e-44,9959.330658085686,0.9964229611559098,4.96523786429589e-22
1179720,0.0,1.7506266068619937e-44,9959.330658085693,0.9964229611559098,4.9637904428210035e-22
1179780,0.0,1.7501145370387558e-44,9959.330658085699,0.9964229611559097,4.962343021346116e-22
1179840,0.0,1.7496024672155178e-44,9959.330658085704,0.9964229611559097,4.960895599871228e-22
1179900,0.0,1.74909039739228e-44,9959.33065808571,0.9964229611559096,4.95944817839634e-22
1179960,0.0,1.7485783275690422e-44,9959.330658085715,0.9964229611559096,4.958000756921453e-22
1180020,0.0,1.7480662577458043e-44,9959.330658085722,0.9964229611559094,4.956553335446565e-22
1180080,0.0,1.7475541879225664e-44,9959.330658085728,0.9964229611559093,4.955105913971677e-22
1180140,0.0,1.7470421180993287e-44,9959.330658085733,0.9964229611559093,4.95365849249679e-22
1180200,0.0,1.7465300482760905e-44,9959.330658085739,0.9964229611559092,4.952211071021901e-22
1180260,0.0,1.7460179784528529e-44,9959.330658085746,0.9964229611559092,4.9507636495470145e-22
1180320,0.0,1.745505908629615e-44,9959.330658085752,0.9964229611559091,4.949316228072127e-22
1180380,0.0,1.744993838806377e-44,9959.330658085757,0.9964229611559091,4.947868806597239e-22
1180440,0.0,1.7444817689831393e-44,9959.330658085762,0.996422961155909,4.946421385122352e-22
1180500,0.0,1.7439696991599014e-44,9959.330658085768,0.996422961155909,4.944973963647464e-22
1180560,0.0,1.7434576293366635e-44,9959.330658085775,0.9964229611559089,4.943526542172576e-22
1180620,0.0,1.7429455595134256e-44,9959.33065808578,0.9964229611559089,4.942079120697688e-22
1180680,0.0,1.7424334896901879e-44,9959.330658085786,0.9964229611559088,4.940631699222801e-22
1180740,0.0,1.74192141986695e-44,9959.330658085792,0.9964229611559087,4.939184277747913e-22
1180800,0.0,1.741409350043712e-44,9959.330658085797,0.9964229611559087,4.937736856273026e-22
1180860,0.0,1.7408972802204743e-44,9959.330658085804,0.9964229611559086,4.936289434798139e-22
1180920,0.0,1.7403852103972364e-44,9959.33065808581,0.9964229611559086,4.934842013323251e-22
1180980,0.0,1.7398731405739985e-44,9959.330658085815,0.9964229611559084,4.933394591848363e-22
1181040,0.0,1.7393610707507608e-44,9959.33065808582,0.9964229611559084,4.931947170373476e-22
1181100,0.0,1.738849000927523e-44,9959.330658085828,0.9964229611559083,4.930499748898588e-22
1181160,0.0,1.738336931104285e-44,9959.330658085833,0.9964229611559083,4.9290523274237e-22
1181220,0.0,1.737824861281047e-44,9959.330658085839,0.9964229611559082,4.927604905948812e-22
1181280,0.0,1.7373127914578094e-44,9959.330658085844,0.9964229611559081,4.926157484473925e-22
1181340,0.0,1.7368007216345712e-44,9959.33065808585,0.9964229611559081,4.924710062999038e-22
1181400,0.0,1.7362886518113335e-44,9959.330658085857,0.996422961155908,4.92326264152415e-22
1181460,0.0,1.7357765819880958e-44,9959.330658085863,0.996422961155908,4.921815220049263e-22
1181520,0.0,1.7352645121648577e-44,9959.330658085868,0.9964229611559079,4.920367798574375e-22
1181580,0.0,1.73475244234162e-44,9959.330658085873,0.9964229611559079,4.918920377099487e-22
1181640,0.0,1.734240372518382e-44,9959.330658085879,0.9964229611559078,4.917472955624599e-22
1181700,0.0,1.7337283026951441e-44,9959.330658085886,0.9964229611559078,4.916025534149712e-22
1181760,0.0,1.7332162328719064e-44,9959.330658085892,0.9964229611559077,4.914578112674824e-22
1181820,0.0,1.7327041630486685e-44,9959.330658085897,0.9964229611559077,4.9131306911999365e-22
1181880,0.0,1.7321920932254306e-44,9959.330658085903,0.9964229611559076,4.91168326972505e-22
1181940,0.0,1.7316800234021927e-44,9959.33065808591,0.9964229611559074,4.910235848250162e-22
1182000,0.0,1.731167953578955e-44,9959.330658085915,0.9964229611559074,4.908788426775274e-22
1182060,0.0,1.7306558837557173e-44,9959.33065808592,0.9964229611559073,4.907341005300387e-22
1182120,0.0,1.7301438139324791e-44,9959.330658085926,0.9964229611559073,4.905893583825499e-22
1182180,0.0,1.7296317441092415e-44,9959.330658085932,0.9964229611559072,4.904446162350611e-22
1182240,0.0,1.7291196742860035e-44,9959.330658085939,0.9964229611559072,4.902998740875723e-22
1182300,0.0,1.7286076044627656e-44,9959.330658085944,0.9964229611559071,4.901551319400836e-22
1182360,0.0,1.7280955346395277e-44,9959.33065808595,0.9964229611559071,4.900103897925948e-22
1182420,0.0,1.72758346481629e-44,9959.330658085955,0.996422961155907,4.898656476451061e-22
1182480,0.0,1.727071394993052e-44,9959.33065808596,0.9964229611559069,4.897209054976174e-22
1182540,0.0,1.7265593251698142e-44,9959.330658085968,0.9964229611559069,4.895761633501285e-22
1182600,0.0,1.7260472553465765e-44,9959.330658085973,0.9964229611559068,4.894314212026398e-22
1182660,0.0,1.7255351855233386e-44,9959.330658085979,0.9964229611559068,4.89286679055151e-22
1182720,0.0,1.7250231157001006e-44,9959.330658085984,0.9964229611559067,4.891419369076622e-22
1182780,0.0,1.724511045876863e-44,9959.330658085992,0.9964229611559067,4.889971947601735e-22
1182840,0.0,1.723998976053625e-44,9959.330658085997,0.9964229611559066,4.888524526126847e-22
1182900,0.0,1.723486906230387e-44,9959.330658086003,0.9964229611559066,4.88707710465196e-22
1182960,0.0,1.7229748364071492e-44,9959.330658086008,0.9964229611559065,4.885629683177072e-22
1183020,0.0,1.7224627665839115e-44,9959.330658086013,0.9964229611559065,4.884182261702185e-22
1183080,0.0,1.7219506967606736e-44,9959.33065808602,0.9964229611559063,4.882734840227297e-22
1183140,0.0,1.7214386269374356e-44,9959.330658086026,0.9964229611559062,4.881287418752409e-22
1183200,0.0,1.720926557114198e-44,9959.330658086032,0.9964229611559062,4.879839997277522e-22
1183260,0.0,1.7204144872909598e-44,9959.330658086037,0.9964229611559061,4.878392575802634e-22
1183320,0.0,1.719902417467722e-44,9959.330658086044,0.9964229611559061,4.876945154327746e-22
1183380,0.0,1.7193903476444842e-44,9959.33065808605,0.996422961155906,4.875497732852858e-22
1183440,0.0,1.7188782778212463e-44,9959.330658086055,0.996422961155906,4.874050311377972e-22
1183500,0.0,1.7183662079980086e-44,9959.33065808606,0.9964229611559059,4.872602889903084e-22
1183560,0.0,1.7178541381747707e-44,9959.330658086066,0.9964229611559059,4.871155468428196e-22
1183620,0.0,1.7173420683515327e-44,9959.330658086074,0.9964229611559058,4.869708046953309e-22
1183680,0.0,1.7168299985282948e-44,9959.330658086079,0.9964229611559057,4.868260625478421e-22
1183740,0.0,1.716317928705057e-44,9959.330658086084,0.9964229611559057,4.866813204003533e-22
1183800,0.0,1.7158058588818192e-44,9959.33065808609,0.9964229611559056,4.865365782528646e-22
1183860,0.0,1.7152937890585813e-44,9959.330658086095,0.9964229611559056,4.863918361053758e-22
1183920,0.0,1.7147817192353436e-44,9959.330658086103,0.9964229611559055,4.86247093957887e-22
1183980,0.0,1.7142696494121057e-44,9959.330658086108,0.9964229611559055,4.861023518103983e-22
1184040,0.0,1.7137575795888677e-44,9959.330658086114,0.9964229611559053,4.859576096629096e-22
1184100,0.0,1.71324550976563e-44,9959.330658086119,0.9964229611559053,4.858128675154208e-22
1184160,0.0,1.7127334399423921e-44,9959.330658086126,0.9964229611559052,4.85668125367932e-22
1184220,0.0,1.7122213701191542e-44,9959.330658086132,0.9964229611559051,4.855233832204433e-22
1184280,0.0,1.7117093002959163e-44,9959.330658086137,0.9964229611559051,4.853786410729545e-22
1184340,0.0,1.7111972304726786e-44,9959.330658086143,0.996422961155905,4.852338989254657e-22
1184400,0.0,1.7106851606494404e-44,9959.330658086148,0.996422961155905,4.850891567779769e-22
1184460,0.0,1.7101730908262028e-44,9959.330658086155,0.9964229611559049,4.849444146304882e-22
1184520,0.0,1.709661021002965e-44,9959.33065808616,0.9964229611559049,4.847996724829995e-22
1184580,0.0,1.709148951179727e-44,9959.330658086166,0.9964229611559048,4.846549303355107e-22
1184640,0.0,1.7086368813564892e-44,9959.330658086172,0.9964229611559048,4.84510188188022e-22
1184700,0.0,1.7081248115332513e-44,9959.330658086177,0.9964229611559047,4.843654460405331e-22
1184760,0.0,1.7076127417100134e-44,9959.330658086184,0.9964229611559047,4.842207038930444e-22
1184820,0.0,1.7071006718867757e-44,9959.33065808619,0.9964229611559046,4.840759617455557e-22
1184880,0.0,1.7065886020635378e-44,9959.330658086195,0.9964229611559045,4.839312195980668e-22
1184940,0.0,1.7060765322402998e-44,9959.3306580862,0.9964229611559045,4.837864774505781e-22
1185000,0.0,1.705564462417062e-44,9959.330658086208,0.9964229611559043,4.8364173530308935e-22
1185060,0.0,1.7050523925938242e-44,9959.330658086214,0.9964229611559043,4.834969931556006e-22
1185120,0.0,1.7045403227705866e-44,9959.330658086219,0.9964229611559042,4.833522510081119e-22
1185180,0.0,1.7040282529473484e-44,9959.330658086225,0.9964229611559042,4.832075088606231e-22
1185240,0.0,1.7035161831241107e-44,9959.33065808623,0.9964229611559041,4.830627667131343e-22
1185300,0.0,1.7030041133008728e-44,9959.330658086237,0.9964229611559041,4.829180245656455e-22
1185360,0.0,1.7024920434776349e-44,9959.330658086243,0.996422961155904,4.827732824181568e-22
1185420,0.0,1.701979973654397e-44,9959.330658086248,0.9964229611559039,4.82628540270668e-22
1185480,0.0,1.7014679038311593e-44,9959.330658086254,0.9964229611559039,4.824837981231792e-22
1185540,0.0,1.7009558340079213e-44,9959.330658086259,0.9964229611559038,4.8233905597569055e-22
1185600,0.0,1.7004437641846834e-44,9959.330658086266,0.9964229611559038,4.821943138282018e-22
1185660,0.0,1.6999316943614457e-44,9959.330658086272,0.9964229611559037,4.82049571680713e-22
1185720,0.0,1.6994196245382078e-44,9959.330658086277,0.9964229611559037,4.819048295332242e-22
1185780,0.0,1.6989075547149699e-44,9959.330658086283,0.9964229611559036,4.817600873857355e-22
1185840,0.0,1.6983954848917322e-44,9959.33065808629,0.9964229611559036,4.816153452382467e-22
1185900,0.0,1.6978834150684943e-44,9959.330658086295,0.9964229611559035,4.814706030907579e-22
1185960,0.0,1.6973713452452563e-44,9959.3306580863,0.9964229611559035,4.813258609432692e-22
1186020,0.0,1.6968592754220184e-44,9959.330658086306,0.9964229611559033,4.811811187957804e-22
1186080,0.0,1.6963472055987807e-44,9959.330658086312,0.9964229611559032,4.810363766482917e-22
1186140,0.0,1.6958351357755428e-44,9959.330658086319,0.9964229611559032,4.80891634500803e-22
1186200,0.0,1.695323065952305e-44,9959.330658086325,0.9964229611559031,4.807468923533142e-22
1186260,0.0,1.6948109961290672e-44,9959.33065808633,0.9964229611559031,4.806021502058254e-22
1186320,0.0,1.694298926305829e-44,9959.330658086335,0.996422961155903,4.804574080583366e-22
1186380,0.0,1.6937868564825914e-44,9959.330658086343,0.996422961155903,4.803126659108479e-22
1186440,0.0,1.6932747866593534e-44,9959.330658086348,0.9964229611559029,4.801679237633591e-22
1186500,0.0,1.6927627168361155e-44,9959.330658086354,0.9964229611559029,4.800231816158703e-22
1186560,0.0,1.6922506470128778e-44,9959.33065808636,0.9964229611559028,4.798784394683816e-22
1186620,0.0,1.69173857718964e-44,9959.330658086365,0.9964229611559027,4.797336973208929e-22
1186680,0.0,1.691226507366402e-44,9959.330658086372,0.9964229611559027,4.795889551734041e-22
1186740,0.0,1.690714437543164e-44,9959.330658086377,0.9964229611559026,4.794442130259153e-22
1186800,0.0,1.6902023677199264e-44,9959.330658086383,0.9964229611559026,4.792994708784266e-22
1186860,0.0,1.6896902978966884e-44,9959.330658086388,0.9964229611559025,4.791547287309378e-22
1186920,0.0,1.6891782280734505e-44,9959.330658086394,0.9964229611559025,4.79009986583449e-22
1186980,0.0,1.6886661582502128e-44,9959.330658086401,0.9964229611559023,4.788652444359603e-22
1187040,0.0,1.688154088426975e-44,9959.330658086406,0.9964229611559023,4.787205022884714e-22
1187100,0.0,1.687642018603737e-44,9959.330658086412,0.9964229611559022,4.7857576014098275e-22
1187160,0.0,1.687129948780499e-44,9959.330658086417,0.9964229611559022,4.78431017993494e-22
1187220,0.0,1.6866178789572614e-44,9959.330658086425,0.9964229611559021,4.782862758460052e-22
1187280,0.0,1.6861058091340235e-44,9959.33065808643,0.996422961155902,4.781415336985165e-22
1187340,0.0,1.6855937393107855e-44,9959.330658086436,0.996422961155902,4.779967915510277e-22
1187400,0.0,1.6850816694875479e-44,9959.330658086441,0.9964229611559019,4.778520494035389e-22
1187460,0.0,1.6845695996643097e-44,9959.330658086446,0.9964229611559019,4.777073072560501e-22
1187520,0.0,1.684057529841072e-44,9959.330658086454,0.9964229611559018,4.775625651085614e-22
1187580,0.0,1.6835454600178343e-44,9959.33065808646,0.9964229611559018,4.774178229610726e-22
1187640,0.0,1.6830333901945962e-44,9959.330658086465,0.9964229611559017,4.7727308081358385e-22
1187700,0.0,1.6825213203713585e-44,9959.33065808647,0.9964229611559017,4.771283386660952e-22
1187760,0.0,1.6820092505481205e-44,9959.330658086476,0.9964229611559016,4.769835965186064e-22
1187820,0.0,1.6814971807248826e-44,9959.330658086483,0.9964229611559015,4.768388543711176e-22
1187880,0.0,1.680985110901645e-44,9959.330658086488,0.9964229611559015,4.766941122236289e-22
1187940,0.0,1.680473041078407e-44,9959.330658086494,0.9964229611559013,4.765493700761401e-22
1188000,0.0,1.6799609712551693e-44,9959.3306580865,0.9964229611559013,4.764046279286513e-22
1188060,0.0,1.6794489014319312e-44,9959.330658086506,0.9964229611559012,4.762598857811625e-22
1188120,0.0,1.6789368316086935e-44,9959.330658086512,0.9964229611559012,4.761151436336738e-22
1188180,0.0,1.6784247617854556e-44,9959.330658086517,0.9964229611559011,4.7597040148618505e-22
1188240,0.0,1.6779126919622176e-44,9959.330658086523,0.9964229611559011,4.758256593386963e-22
1188300,0.0,1.67740062213898e-44,9959.330658086528,0.996422961155901,4.756809171912076e-22
1188360,0.0,1.676888552315742e-44,9959.330658086536,0.996422961155901,4.755361750437188e-22
1188420,0.0,1.676376482492504e-44,9959.330658086541,0.9964229611559009,4.7539143289623e-22
1188480,0.0,1.6758644126692662e-44,9959.330658086546,0.9964229611559008,4.752466907487412e-22
1188540,0.0,1.6753523428460285e-44,9959.330658086552,0.9964229611559008,4.751019486012525e-22
1188600,0.0,1.6748402730227906e-44,9959.330658086557,0.9964229611559007,4.749572064537637e-22
1188660,0.0,1.6743282031995527e-44,9959.330658086565,0.9964229611559007,4.748124643062749e-22
1188720,0.0,1.673816133376315e-44,9959.33065808657,0.9964229611559006,4.7466772215878625e-22
1188780,0.0,1.673304063553077e-44,9959.330658086576,0.9964229611559006,4.745229800112975e-22
1188840,0.0,1.672791993729839e-44,9959.330658086581,0.9964229611559005,4.743782378638087e-22
1188900,0.0,1.6722799239066014e-44,9959.330658086588,0.9964229611559005,4.7423349571632e-22
1188960,0.0,1.6717678540833635e-44,9959.330658086594,0.9964229611559003,4.740887535688312e-22
1189020,0.0,1.6712557842601256e-44,9959.3306580866,0.9964229611559002,4.739440114213424e-22
1189080,0.0,1.6707437144368877e-44,9959.330658086605,0.9964229611559002,4.737992692738536e-22
1189140,0.0,1.67023164461365e-44,9959.33065808661,0.9964229611559001,4.736545271263649e-22
1189200,0.0,1.6697195747904118e-44,9959.330658086617,0.9964229611559001,4.7350978497887605e-22
1189260,0.0,1.6692075049671741e-44,9959.330658086623,0.9964229611559,4.733650428313874e-22
1189320,0.0,1.6686954351439365e-44,9959.330658086628,0.9964229611559,4.732203006838987e-22
1189380,0.0,1.6681833653206983e-44,9959.330658086634,0.9964229611558999,4.730755585364098e-22
1189440,0.0,1.6676712954974606e-44,9959.330658086641,0.9964229611558999,4.729308163889211e-22
1189500,0.0,1.6671592256742227e-44,9959.330658086647,0.9964229611558998,4.727860742414323e-22
1189560,0.0,1.6666471558509848e-44,9959.330658086652,0.9964229611558997,4.726413320939435e-22
1189620,0.0,1.666135086027747e-44,9959.330658086657,0.9964229611558997,4.724965899464548e-22
1189680,0.0,1.6656230162045091e-44,9959.330658086663,0.9964229611558996,4.72351847798966e-22
1189740,0.0,1.6651109463812712e-44,9959.33065808667,0.9964229611558996,4.7220710565147725e-22
1189800,0.0,1.6645988765580333e-44,9959.330658086676,0.9964229611558995,4.720623635039885e-22
1189860,0.0,1.6640868067347956e-44,9959.330658086681,0.9964229611558995,4.719176213564998e-22
1189920,0.0,1.6635747369115577e-44,9959.330658086687,0.9964229611558993,4.71772879209011e-22
1189980,0.0,1.6630626670883198e-44,9959.330658086692,0.9964229611558993,4.716281370615222e-22
1190040,0.0,1.662550597265082e-44,9959.3306580867,0.9964229611558992,4.714833949140335e-22
1190100,0.0,1.6620385274418442e-44,9959.330658086705,0.9964229611558992,4.713386527665447e-22
1190160,0.0,1.6615264576186062e-44,9959.33065808671,0.9964229611558991,4.711939106190559e-22
1190220,0.0,1.6610143877953683e-44,9959.330658086716,0.996422961155899,4.710491684715671e-22
1190280,0.0,1.6605023179721306e-44,9959.330658086723,0.996422961155899,4.7090442632407845e-22
1190340,0.0,1.6599902481488927e-44,9959.330658086728,0.9964229611558989,4.707596841765897e-22
1190400,0.0,1.6594781783256548e-44,9959.330658086734,0.9964229611558989,4.706149420291009e-22
1190460,0.0,1.658966108502417e-44,9959.33065808674,0.9964229611558988,4.704701998816122e-22
1190520,0.0,1.658454038679179e-44,9959.330658086745,0.9964229611558988,4.703254577341234e-22
1190580,0.0,1.6579419688559413e-44,9959.330658086752,0.9964229611558987,4.701807155866346e-22
1190640,0.0,1.6574298990327036e-44,9959.330658086757,0.9964229611558987,4.700359734391459e-22
1190700,0.0,1.6569178292094654e-44,9959.330658086763,0.9964229611558986,4.698912312916571e-22
1190760,0.0,1.6564057593862277e-44,9959.330658086768,0.9964229611558985,4.697464891441683e-22
1190820,0.0,1.6558936895629898e-44,9959.330658086774,0.9964229611558985,4.696017469966796e-22
1190880,0.0,1.6553816197397519e-44,9959.330658086781,0.9964229611558983,4.694570048491909e-22
1190940,0.0,1.6548695499165142e-44,9959.330658086787,0.9964229611558983,4.693122627017021e-22
1191000,0.0,1.6543574800932763e-44,9959.330658086792,0.9964229611558982,4.691675205542133e-22
1191060,0.0,1.6538454102700386e-44,9959.330658086797,0.9964229611558982,4.690227784067246e-22
1191120,0.0,1.6533333404468004e-44,9959.330658086805,0.9964229611558981,4.688780362592358e-22
1191180,0.0,1.6528212706235627e-44,9959.33065808681,0.9964229611558981,4.68733294111747e-22
1191240,0.0,1.6523092008003248e-44,9959.330658086816,0.996422961155898,4.685885519642582e-22
1191300,0.0,1.651797130977087e-44,9959.330658086821,0.996422961155898,4.684438098167695e-22
1191360,0.0,1.6512850611538492e-44,9959.330658086827,0.9964229611558979,4.682990676692808e-22
1191420,0.0,1.6507729913306113e-44,9959.330658086834,0.9964229611558978,4.68154325521792e-22
1191480,0.0,1.6502609215073734e-44,9959.33065808684,0.9964229611558978,4.680095833743033e-22
1191540,0.0,1.6497488516841354e-44,9959.330658086845,0.9964229611558977,4.678648412268144e-22
1191600,0.0,1.6492367818608978e-44,9959.33065808685,0.9964229611558977,4.677200990793257e-22
1191660,0.0,1.6487247120376598e-44,9959.330658086856,0.9964229611558976,4.67575356931837e-22
1191720,0.0,1.648212642214422e-44,9959.330658086863,0.9964229611558976,4.674306147843481e-22
1191780,0.0,1.6477005723911842e-44,9959.330658086868,0.9964229611558975,4.672858726368594e-22
1191840,0.0,1.6471885025679463e-44,9959.330658086874,0.9964229611558975,4.671411304893706e-22
1191900,0.0,1.6466764327447084e-44,9959.33065808688,0.9964229611558973,4.669963883418819e-22
1191960,0.0,1.6461643629214707e-44,9959.330658086887,0.9964229611558972,4.668516461943932e-22
1192020,0.0,1.6456522930982328e-44,9959.330658086892,0.9964229611558972,4.667069040469044e-22
1192080,0.0,1.6451402232749948e-44,9959.330658086898,0.9964229611558971,4.665621618994156e-22
1192140,0.0,1.644628153451757e-44,9959.330658086903,0.9964229611558971,4.664174197519268e-22
1192200,0.0,1.6441160836285192e-44,9959.330658086908,0.996422961155897,4.662726776044381e-22
1192260,0.0,1.643604013805281e-44,9959.330658086916,0.996422961155897,4.661279354569493e-22
1192320,0.0,1.6430919439820434e-44,9959.330658086921,0.9964229611558969,4.659831933094605e-22
1192380,0.0,1.6425798741588057e-44,9959.330658086927,0.9964229611558969,4.658384511619718e-22
1192440,0.0,1.6420678043355675e-44,9959.330658086932,0.9964229611558968,4.656937090144831e-22
1192500,0.0,1.6415557345123299e-44,9959.33065808694,0.9964229611558968,4.655489668669943e-22
1192560,0.0,1.641043664689092e-44,9959.330658086945,0.9964229611558967,4.654042247195055e-22
1192620,0.0,1.640531594865854e-44,9959.33065808695,0.9964229611558966,4.652594825720168e-22
1192680,0.0,1.6400195250426163e-44,9959.330658086956,0.9964229611558966,4.65114740424528e-22
1192740,0.0,1.6395074552193784e-44,9959.330658086961,0.9964229611558965,4.649699982770392e-22
1192800,0.0,1.6389953853961405e-44,9959.330658086968,0.9964229611558965,4.648252561295505e-22
1192860,0.0,1.6384833155729025e-44,9959.330658086974,0.9964229611558963,4.646805139820617e-22
1192920,0.0,1.6379712457496649e-44,9959.33065808698,0.9964229611558963,4.6453577183457295e-22
1192980,0.0,1.637459175926427e-44,9959.330658086985,0.9964229611558962,4.643910296870843e-22
1193040,0.0,1.636947106103189e-44,9959.33065808699,0.9964229611558962,4.642462875395955e-22
1193100,0.0,1.6364350362799513e-44,9959.330658086998,0.9964229611558961,4.641015453921067e-22
1193160,0.0,1.6359229664567134e-44,9959.330658087003,0.996422961155896,4.639568032446179e-22
1193220,0.0,1.6354108966334755e-44,9959.330658087008,0.996422961155896,4.638120610971292e-22
1193280,0.0,1.6348988268102376e-44,9959.330658087014,0.9964229611558959,4.636673189496404e-22
1193340,0.0,1.634386756987e-44,9959.330658087021,0.9964229611558959,4.635225768021516e-22
1193400,0.0,1.633874687163762e-44,9959.330658087027,0.9964229611558958,4.633778346546629e-22
1193460,0.0,1.633362617340524e-44,9959.330658087032,0.9964229611558958,4.6323309250717415e-22
1193520,0.0,1.6328505475172864e-44,9959.330658087038,0.9964229611558957,4.630883503596854e-22
1193580,0.0,1.6323384776940482e-44,9959.330658087043,0.9964229611558957,4.629436082121966e-22
1193640,0.0,1.6318264078708105e-44,9959.33065808705,0.9964229611558956,4.627988660647079e-22
1193700,0.0,1.6313143380475728e-44,9959.330658087056,0.9964229611558956,4.626541239172191e-22
1193760,0.0,1.6308022682243346e-44,9959.330658087061,0.9964229611558955,4.625093817697303e-22
1193820,0.0,1.630290198401097e-44,9959.330658087067,0.9964229611558953,4.623646396222416e-22
1193880,0.0,1.629778128577859e-44,9959.330658087072,0.9964229611558953,4.622198974747527e-22
1193940,0.0,1.6292660587546214e-44,9959.33065808708,0.9964229611558952,4.62075155327264e-22
1194000,0.0,1.6287539889313834e-44,9959.330658087085,0.9964229611558952,4.6193041317977535e-22
1194060,0.0,1.6282419191081455e-44,9959.33065808709,0.9964229611558951,4.617856710322865e-22
1194120,0.0,1.6277298492849078e-44,9959.330658087096,0.9964229611558951,4.616409288847978e-22
1194180,0.0,1.6272177794616697e-44,9959.330658087103,0.996422961155895,4.61496186737309e-22
1194240,0.0,1.626705709638432e-44,9959.330658087109,0.996422961155895,4.613514445898202e-22
1194300,0.0,1.626193639815194e-44,9959.330658087114,0.9964229611558949,4.612067024423314e-22
1194360,0.0,1.6256815699919561e-44,9959.33065808712,0.9964229611558948,4.610619602948427e-22
1194420,0.0,1.6251695001687185e-44,9959.330658087125,0.9964229611558948,4.609172181473539e-22
1194480,0.0,1.6246574303454805e-44,9959.330658087132,0.9964229611558947,4.6077247599986515e-22
1194540,0.0,1.6241453605222426e-44,9959.330658087138,0.9964229611558947,4.606277338523765e-22
1194600,0.0,1.6236332906990047e-44,9959.330658087143,0.9964229611558946,4.604829917048877e-22
1194660,0.0,1.623121220875767e-44,9959.330658087149,0.9964229611558946,4.603382495573989e-22
1194720,0.0,1.622609151052529e-44,9959.330658087154,0.9964229611558945,4.601935074099102e-22
1194780,0.0,1.6220970812292911e-44,9959.330658087161,0.9964229611558945,4.600487652624214e-22
1194840,0.0,1.6215850114060535e-44,9959.330658087167,0.9964229611558943,4.599040231149326e-22
1194900,0.0,1.6210729415828155e-44,9959.330658087172,0.9964229611558942,4.597592809674438e-22
1194960,0.0,1.6205608717595776e-44,9959.330658087178,0.9964229611558942,4.596145388199551e-22
1195020,0.0,1.62004880193634e-44,9959.330658087185,0.9964229611558941,4.594697966724663e-22
1195080,0.0,1.619536732113102e-44,9959.33065808719,0.9964229611558941,4.593250545249776e-22
1195140,0.0,1.619024662289864e-44,9959.330658087196,0.996422961155894,4.591803123774889e-22
1195200,0.0,1.6185125924666262e-44,9959.330658087201,0.996422961155894,4.590355702300001e-22
1195260,0.0,1.6180005226433885e-44,9959.330658087207,0.9964229611558939,4.588908280825113e-22
1195320,0.0,1.6174884528201503e-44,9959.330658087214,0.9964229611558939,4.587460859350225e-22
1195380,0.0,1.6169763829969126e-44,9959.33065808722,0.9964229611558938,4.586013437875338e-22
1195440,0.0,1.616464313173675e-44,9959.330658087225,0.9964229611558938,4.58456601640045e-22
1195500,0.0,1.6159522433504368e-44,9959.33065808723,0.9964229611558937,4.583118594925562e-22
1195560,0.0,1.615440173527199e-44,9959.330658087238,0.9964229611558936,4.581671173450675e-22
1195620,0.0,1.6149281037039612e-44,9959.330658087243,0.9964229611558936,4.580223751975788e-22
1195680,0.0,1.6144160338807232e-44,9959.330658087249,0.9964229611558935,4.5787763305009e-22
1195740,0.0,1.6139039640574856e-44,9959.330658087254,0.9964229611558935,4.577328909026013e-22
1195800,0.0,1.6133918942342476e-44,9959.33065808726,0.9964229611558933,4.575881487551125e-22
1195860,0.0,1.6128798244110097e-44,9959.330658087267,0.9964229611558933,4.574434066076237e-22
1195920,0.0,1.6123677545877718e-44,9959.330658087272,0.9964229611558932,4.572986644601349e-22
1195980,0.0,1.611855684764534e-44,9959.330658087278,0.9964229611558932,4.571539223126462e-22
1196040,0.0,1.6113436149412962e-44,9959.330658087283,0.9964229611558931,4.570091801651574e-22
1196100,0.0,1.6108315451180583e-44,9959.330658087289,0.996422961155893,4.5686443801766865e-22
1196160,0.0,1.6103194752948206e-44,9959.330658087296,0.996422961155893,4.5671969587018e-22
1196220,0.0,1.6098074054715827e-44,9959.330658087301,0.9964229611558929,4.565749537226911e-22
1196280,0.0,1.6092953356483447e-44,9959.330658087307,0.9964229611558929,4.564302115752024e-22
1196340,0.0,1.6087832658251068e-44,9959.330658087312,0.9964229611558928,4.562854694277136e-22
1196400,0.0,1.6082711960018691e-44,9959.33065808732,0.9964229611558928,4.561407272802248e-22
1196460,0.0,1.6077591261786312e-44,9959.330658087325,0.9964229611558927,4.559959851327361e-22
1196520,0.0,1.6072470563553933e-44,9959.33065808733,0.9964229611558927,4.558512429852473e-22
1196580,0.0,1.6067349865321556e-44,9959.330658087336,0.9964229611558926,4.557065008377585e-22
1196640,0.0,1.6062229167089174e-44,9959.330658087341,0.9964229611558926,4.555617586902698e-22
1196700,0.0,1.6057108468856797e-44,9959.330658087349,0.9964229611558925,4.554170165427811e-22
1196760,0.0,1.605198777062442e-44,9959.330658087354,0.9964229611558924,4.552722743952923e-22
1196820,0.0,1.604686707239204e-44,9959.33065808736,0.9964229611558924,4.551275322478035e-22
1196880,0.0,1.6041746374159662e-44,9959.330658087365,0.9964229611558922,4.549827901003148e-22
1196940,0.0,1.6036625675927283e-44,9959.33065808737,0.9964229611558922,4.54838047952826e-22
1197000,0.0,1.6031504977694906e-44,9959.330658087378,0.9964229611558921,4.546933058053372e-22
1197060,0.0,1.6026384279462527e-44,9959.330658087383,0.9964229611558921,4.545485636578485e-22
1197120,0.0,1.6021263581230148e-44,9959.330658087389,0.996422961155892,4.544038215103597e-22
1197180,0.0,1.601614288299777e-44,9959.330658087394,0.996422961155892,4.54259079362871e-22
1197240,0.0,1.601102218476539e-44,9959.330658087401,0.9964229611558919,4.541143372153822e-22
1197300,0.0,1.6005901486533012e-44,9959.330658087407,0.9964229611558918,4.539695950678935e-22
1197360,0.0,1.6000780788300633e-44,9959.330658087412,0.9964229611558918,4.538248529204047e-22
1197420,0.0,1.5995660090068254e-44,9959.330658087418,0.9964229611558917,4.536801107729159e-22
1197480,0.0,1.5990539391835877e-44,9959.330658087423,0.9964229611558917,4.535353686254272e-22
1197540,0.0,1.5985418693603498e-44,9959.33065808743,0.9964229611558916,4.533906264779384e-22
1197600,0.0,1.5980297995371119e-44,9959.330658087436,0.9964229611558916,4.532458843304496e-22
1197660,0.0,1.597517729713874e-44,9959.330658087441,0.9964229611558915,4.5310114218296085e-22
1197720,0.0,1.5970056598906362e-44,9959.330658087447,0.9964229611558915,4.529564000354722e-22
1197780,0.0,1.5964935900673983e-44,9959.330658087452,0.9964229611558914,4.528116578879834e-22
1197840,0.0,1.5959815202441604e-44,9959.33065808746,0.9964229611558914,4.526669157404946e-22
1197900,0.0,1.5954694504209227e-44,9959.330658087465,0.9964229611558912,4.525221735930059e-22
1197960,0.0,1.5949573805976848e-44,9959.33065808747,0.9964229611558911,4.523774314455171e-22
1198020,0.0,1.5944453107744469e-44,9959.330658087476,0.9964229611558911,4.522326892980283e-22
1198080,0.0,1.5939332409512092e-44,9959.330658087483,0.996422961155891,4.520879471505396e-22
1198140,0.0,1.5934211711279713e-44,9959.330658087489,0.996422961155891,4.519432050030508e-22
1198200,0.0,1.5929091013047333e-44,9959.330658087494,0.9964229611558909,4.5179846285556205e-22
1198260,0.0,1.5923970314814954e-44,9959.3306580875,0.9964229611558909,4.516537207080733e-22
1198320,0.0,1.5918849616582577e-44,9959.330658087505,0.9964229611558908,4.515089785605846e-22
1198380,0.0,1.5913728918350196e-44,9959.330658087512,0.9964229611558908,4.513642364130957e-22
1198440,0.0,1.590860822011782e-44,9959.330658087518,0.9964229611558907,4.51219494265607e-22
1198500,0.0,1.5903487521885442e-44,9959.330658087523,0.9964229611558906,4.510747521181183e-22
1198560,0.0,1.589836682365306e-44,9959.330658087529,0.9964229611558906,4.509300099706294e-22
1198620,0.0,1.5893246125420683e-44,9959.330658087536,0.9964229611558905,4.507852678231407e-22
1198680,0.0,1.5888125427188304e-44,9959.330658087541,0.9964229611558905,4.506405256756519e-22
1198740,0.0,1.5883004728955925e-44,9959.330658087547,0.9964229611558904,4.5049578352816315e-22
1198800,0.0,1.5877884030723548e-44,9959.330658087552,0.9964229611558904,4.503510413806745e-22
1198860,0.0,1.587276333249117e-44,9959.330658087558,0.9964229611558902,4.502062992331857e-22
1198920,0.0,1.586764263425879e-44,9959.330658087565,0.9964229611558902,4.500615570856969e-22
1198980,0.0,1.586252193602641e-44,9959.33065808757,0.9964229611558901,4.499168149382081e-22
1199040,0.0,1.5857401237794034e-44,9959.330658087576,0.9964229611558901,4.497720727907194e-22
1199100,0.0,1.5852280539561654e-44,9959.330658087581,0.99642296115589,4.496273306432306e-22
1199160,0.0,1.5847159841329275e-44,9959.330658087587,0.9964229611558899,4.494825884957418e-22
1199220,0.0,1.5842039143096898e-44,9959.330658087594,0.9964229611558899,4.493378463482531e-22
1199280,0.0,1.583691844486452e-44,9959.3306580876,0.9964229611558898,4.4919310420076435e-22
1199340,0.0,1.583179774663214e-44,9959.330658087605,0.9964229611558898,4.490483620532756e-22
1199400,0.0,1.582667704839976e-44,9959.33065808761,0.9964229611558897,4.489036199057868e-22
1199460,0.0,1.5821556350167384e-44,9959.330658087618,0.9964229611558897,4.487588777582981e-22
1199520,0.0,1.5816435651935005e-44,9959.330658087623,0.9964229611558896,4.486141356108093e-22
1199580,0.0,1.5811314953702625e-44,9959.330658087629,0.9964229611558896,4.484693934633205e-22
1199640,0.0,1.5806194255470248e-44,9959.330658087634,0.9964229611558895,4.483246513158318e-22
1199700,0.0,1.5801073557237867e-44,9959.33065808764,0.9964229611558894,4.48179909168343e-22
1199760,0.0,1.579595285900549e-44,9959.330658087647,0.9964229611558894,4.480351670208542e-22
1199820,0.0,1.5790832160773113e-44,9959.330658087652,0.9964229611558892,4.4789042487336555e-22
1199880,0.0,1.5785711462540734e-44,9959.330658087658,0.9964229611558892,4.477456827258768e-22
1199940,0.0,1.5780590764308355e-44,9959.330658087663,0.9964229611558891,4.47600940578388e-22
1200000,0.0,1.5775470066075975e-44,9959.330658087669,0.9964229611558891,4.474561984308992e-22
1200060,0.0,1.5770349367843599e-44,9959.330658087676,0.996422961155889,4.473114562834105e-22
1200120,0.0,1.5765228669611217e-44,9959.330658087682,0.996422961155889,4.471667141359217e-22
1200180,0.0,1.576010797137884e-44,9959.330658087687,0.9964229611558889,4.470219719884329e-22
1200240,0.0,1.5754987273146463e-44,9959.330658087692,0.9964229611558888,4.468772298409442e-22
1200300,0.0,1.5749866574914082e-44,9959.3306580877,0.9964229611558888,4.467324876934554e-22
1200360,0.0,1.5744745876681705e-44,9959.330658087705,0.9964229611558887,4.465877455459667e-22
1200420,0.0,1.5739625178449326e-44,9959.33065808771,0.9964229611558887,4.464430033984779e-22
1200480,0.0,1.5734504480216946e-44,9959.330658087716,0.9964229611558886,4.462982612509892e-22
1200540,0.0,1.572938378198457e-44,9959.330658087722,0.9964229611558886,4.461535191035004e-22
1200600,0.0,1.572426308375219e-44,9959.330658087729,0.9964229611558885,4.460087769560116e-22
1200660,0.0,1.571914238551981e-44,9959.330658087734,0.9964229611558885,4.458640348085229e-22
1200720,0.0,1.5714021687287432e-44,9959.33065808774,0.9964229611558884,4.45719292661034e-22
1200780,0.0,1.5708900989055055e-44,9959.330658087745,0.9964229611558884,4.455745505135453e-22
1200840,0.0,1.5703780290822676e-44,9959.33065808775,0.9964229611558882,4.454298083660566e-22
1200900,0.0,1.5698659592590296e-44,9959.330658087758,0.9964229611558881,4.452850662185678e-22
1200960,0.0,1.569353889435792e-44,9959.330658087763,0.9964229611558881,4.451403240710791e-22
1201020,0.0,1.568841819612554e-44,9959.330658087769,0.996422961155888,4.449955819235903e-22
1201080,0.0,1.568329749789316e-44,9959.330658087774,0.996422961155888,4.448508397761015e-22
1201140,0.0,1.5678176799660782e-44,9959.330658087782,0.9964229611558879,4.447060976286127e-22
1201200,0.0,1.5673056101428405e-44,9959.330658087787,0.9964229611558879,4.44561355481124e-22
1201260,0.0,1.5667935403196026e-44,9959.330658087792,0.9964229611558878,4.444166133336352e-22
1201320,0.0,1.5662814704963647e-44,9959.330658087798,0.9964229611558878,4.442718711861464e-22
1201380,0.0,1.565769400673127e-44,9959.330658087803,0.9964229611558877,4.4412712903865775e-22
1201440,0.0,1.5652573308498888e-44,9959.33065808781,0.9964229611558876,4.43982386891169e-22
1201500,0.0,1.5647452610266511e-44,9959.330658087816,0.9964229611558876,4.438376447436802e-22
1201560,0.0,1.5642331912034134e-44,9959.330658087822,0.9964229611558875,4.436929025961915e-22
1201620,0.0,1.5637211213801753e-44,9959.330658087827,0.9964229611558875,4.435481604487027e-22
1201680,0.0,1.5632090515569376e-44,9959.330658087834,0.9964229611558874,4.434034183012139e-22
1201740,0.0,1.5626969817336997e-44,9959.33065808784,0.9964229611558874,4.432586761537251e-22
1201800,0.0,1.5621849119104617e-44,9959.330658087845,0.9964229611558872,4.431139340062364e-22
1201860,0.0,1.561672842087224e-44,9959.33065808785,0.9964229611558872,4.429691918587476e-22
1201920,0.0,1.5611607722639861e-44,9959.330658087856,0.9964229611558871,4.428244497112589e-22
1201980,0.0,1.5606487024407482e-44,9959.330658087863,0.9964229611558871,4.426797075637702e-22
1202040,0.0,1.5601366326175103e-44,9959.330658087869,0.996422961155887,4.425349654162814e-22
1202100,0.0,1.5596245627942726e-44,9959.330658087874,0.9964229611558869,4.423902232687926e-22
1202160,0.0,1.5591124929710347e-44,9959.33065808788,0.9964229611558869,4.422454811213038e-22
1202220,0.0,1.5586004231477968e-44,9959.330658087885,0.9964229611558868,4.421007389738151e-22
1202280,0.0,1.558088353324559e-44,9959.330658087893,0.9964229611558868,4.419559968263263e-22
1202340,0.0,1.5575762835013212e-44,9959.330658087898,0.9964229611558867,4.418112546788375e-22
1202400,0.0,1.5570642136780832e-44,9959.330658087903,0.9964229611558867,4.416665125313488e-22
1202460,0.0,1.5565521438548453e-44,9959.330658087909,0.9964229611558866,4.415217703838601e-22
1202520,0.0,1.5560400740316076e-44,9959.330658087916,0.9964229611558866,4.413770282363713e-22
1202580,0.0,1.5555280042083697e-44,9959.330658087922,0.9964229611558865,4.412322860888826e-22
1202640,0.0,1.5550159343851318e-44,9959.330658087927,0.9964229611558864,4.410875439413938e-22
1202700,0.0,1.554503864561894e-44,9959.330658087933,0.9964229611558864,4.40942801793905e-22
1202760,0.0,1.553991794738656e-44,9959.330658087938,0.9964229611558862,4.407980596464162e-22
1202820,0.0,1.5534797249154182e-44,9959.330658087945,0.9964229611558862,4.406533174989275e-22
1202880,0.0,1.5529676550921806e-44,9959.33065808795,0.9964229611558861,4.405085753514387e-22
1202940,0.0,1.5524555852689426e-44,9959.330658087956,0.9964229611558861,4.403638332039499e-22
1203000,0.0,1.5519435154457047e-44,9959.330658087962,0.996422961155886,4.4021909105646125e-22
1203060,0.0,1.5514314456224668e-44,9959.330658087967,0.996422961155886,4.400743489089725e-22
1203120,0.0,1.550919375799229e-44,9959.330658087974,0.9964229611558859,4.399296067614837e-22
1203180,0.0,1.550407305975991e-44,9959.33065808798,0.9964229611558859,4.397848646139949e-22
1203240,0.0,1.5498952361527533e-44,9959.330658087985,0.9964229611558858,4.396401224665061e-22
1203300,0.0,1.5493831663295156e-44,9959.33065808799,0.9964229611558857,4.394953803190174e-22
1203360,0.0,1.5488710965062774e-44,9959.330658087998,0.9964229611558857,4.393506381715286e-22
1203420,0.0,1.5483590266830397e-44,9959.330658088003,0.9964229611558856,4.392058960240398e-22
1203480,0.0,1.5478469568598018e-44,9959.330658088009,0.9964229611558856,4.3906115387655105e-22
1203540,0.0,1.547334887036564e-44,9959.330658088014,0.9964229611558855,4.389164117290624e-22
1203600,0.0,1.5468228172133262e-44,9959.33065808802,0.9964229611558855,4.387716695815736e-22
1203660,0.0,1.5463107473900883e-44,9959.330658088027,0.9964229611558854,4.386269274340848e-22
1203720,0.0,1.5457986775668503e-44,9959.330658088033,0.9964229611558854,4.384821852865961e-22
1203780,0.0,1.5452866077436124e-44,9959.330658088038,0.9964229611558852,4.383374431391073e-22
1203840,0.0,1.5447745379203747e-44,9959.330658088043,0.9964229611558851,4.381927009916185e-22
1203900,0.0,1.5442624680971368e-44,9959.330658088049,0.9964229611558851,4.380479588441298e-22
1203960,0.0,1.543750398273899e-44,9959.330658088056,0.996422961155885,4.37903216696641e-22
1204020,0.0,1.5432383284506612e-44,9959.330658088062,0.996422961155885,4.3775847454915225e-22
1204080,0.0,1.5427262586274233e-44,9959.330658088067,0.9964229611558849,4.376137324016635e-22
1204140,0.0,1.5422141888041854e-44,9959.330658088073,0.9964229611558849,4.374689902541748e-22
1204200,0.0,1.5417021189809474e-44,9959.33065808808,0.9964229611558848,4.37324248106686e-22
1204260,0.0,1.5411900491577098e-44,9959.330658088085,0.9964229611558848,4.371795059591972e-22
1204320,0.0,1.5406779793344718e-44,9959.33065808809,0.9964229611558847,4.370347638117085e-22
1204380,0.0,1.540165909511234e-44,9959.330658088096,0.9964229611558847,4.368900216642197e-22
1204440,0.0,1.5396538396879962e-44,9959.330658088102,0.9964229611558846,4.367452795167309e-22
1204500,0.0,1.539141769864758e-44,9959.330658088109,0.9964229611558845,4.366005373692421e-22
1204560,0.0,1.5386297000415204e-44,9959.330658088114,0.9964229611558845,4.3645579522175345e-22
1204620,0.0,1.5381176302182827e-44,9959.33065808812,0.9964229611558844,4.363110530742647e-22
1204680,0.0,1.5376055603950445e-44,9959.330658088125,0.9964229611558844,4.361663109267759e-22
1204740,0.0,1.5370934905718068e-44,9959.330658088133,0.9964229611558842,4.360215687792872e-22
1204800,0.0,1.536581420748569e-44,9959.330658088138,0.9964229611558842,4.358768266317984e-22
1204860,0.0,1.536069350925331e-44,9959.330658088144,0.9964229611558841,4.357320844843096e-22
1204920,0.0,1.5355572811020933e-44,9959.330658088149,0.9964229611558841,4.355873423368209e-22
1204980,0.0,1.5350452112788554e-44,9959.330658088154,0.996422961155884,4.354426001893321e-22
1205040,0.0,1.5345331414556175e-44,9959.330658088162,0.9964229611558839,4.352978580418433e-22
1205100,0.0,1.5340210716323795e-44,9959.330658088167,0.9964229611558839,4.351531158943546e-22
1205160,0.0,1.5335090018091419e-44,9959.330658088173,0.9964229611558838,4.350083737468659e-22
1205220,0.0,1.532996931985904e-44,9959.330658088178,0.9964229611558838,4.348636315993771e-22
1205280,0.0,1.532484862162666e-44,9959.330658088184,0.9964229611558837,4.347188894518883e-22
1205340,0.0,1.5319727923394283e-44,9959.33065808819,0.9964229611558837,4.345741473043996e-22
1205400,0.0,1.5314607225161904e-44,9959.330658088196,0.9964229611558836,4.344294051569108e-22
1205460,0.0,1.5309486526929525e-44,9959.330658088202,0.9964229611558836,4.34284663009422e-22
1205520,0.0,1.5304365828697146e-44,9959.330658088207,0.9964229611558835,4.341399208619332e-22
1205580,0.0,1.5299245130464769e-44,9959.330658088214,0.9964229611558834,4.3399517871444445e-22
1205640,0.0,1.529412443223239e-44,9959.33065808822,0.9964229611558834,4.338504365669558e-22
1205700,0.0,1.528900373400001e-44,9959.330658088225,0.9964229611558832,4.33705694419467e-22
1205760,0.0,1.5283883035767633e-44,9959.33065808823,0.9964229611558832,4.335609522719782e-22
1205820,0.0,1.5278762337535254e-44,9959.330658088236,0.9964229611558831,4.334162101244894e-22
1205880,0.0,1.5273641639302875e-44,9959.330658088244,0.9964229611558831,4.332714679770007e-22
1205940,0.0,1.5268520941070498e-44,9959.330658088249,0.996422961155883,4.331267258295119e-22
1206000,0.0,1.526340024283812e-44,9959.330658088254,0.996422961155883,4.329819836820231e-22
1206060,0.0,1.525827954460574e-44,9959.33065808826,0.9964229611558829,4.328372415345344e-22
1206120,0.0,1.525315884637336e-44,9959.330658088265,0.9964229611558829,4.326924993870456e-22
1206180,0.0,1.5248038148140984e-44,9959.330658088273,0.9964229611558828,4.325477572395569e-22
1206240,0.0,1.5242917449908602e-44,9959.330658088278,0.9964229611558827,4.324030150920681e-22
1206300,0.0,1.5237796751676225e-44,9959.330658088284,0.9964229611558827,4.322582729445794e-22
1206360,0.0,1.5232676053443848e-44,9959.330658088289,0.9964229611558826,4.321135307970906e-22
1206420,0.0,1.5227555355211467e-44,9959.330658088296,0.9964229611558826,4.319687886496018e-22
1206480,0.0,1.522243465697909e-44,9959.330658088302,0.9964229611558825,4.318240465021131e-22
1206540,0.0,1.521731395874671e-44,9959.330658088307,0.9964229611558825,4.316793043546243e-22
1206600,0.0,1.521219326051433e-44,9959.330658088313,0.9964229611558824,4.315345622071355e-22
1206660,0.0,1.5207072562281954e-44,9959.330658088318,0.9964229611558824,4.313898200596468e-22
1206720,0.0,1.5201951864049575e-44,9959.330658088325,0.9964229611558822,4.312450779121581e-22
1206780,0.0,1.5196831165817196e-44,9959.33065808833,0.9964229611558821,4.311003357646693e-22
1206840,0.0,1.5191710467584817e-44,9959.330658088336,0.9964229611558821,4.309555936171805e-22
1206900,0.0,1.518658976935244e-44,9959.330658088342,0.996422961155882,4.308108514696918e-22
1206960,0.0,1.518146907112006e-44,9959.330658088347,0.996422961155882,4.30666109322203e-22
1207020,0.0,1.5176348372887681e-44,9959.330658088355,0.9964229611558819,4.305213671747142e-22
1207080,0.0,1.5171227674655305e-44,9959.33065808836,0.9964229611558819,4.303766250272255e-22
1207140,0.0,1.5166106976422925e-44,9959.330658088365,0.9964229611558818,4.302318828797367e-22
1207200,0.0,1.5160986278190546e-44,9959.330658088371,0.9964229611558818,4.3008714073224795e-22
1207260,0.0,1.5155865579958167e-44,9959.330658088378,0.9964229611558817,4.299423985847592e-22
1207320,0.0,1.515074488172579e-44,9959.330658088384,0.9964229611558817,4.297976564372705e-22
1207380,0.0,1.514562418349341e-44,9959.33065808839,0.9964229611558816,4.296529142897817e-22
1207440,0.0,1.5140503485261032e-44,9959.330658088395,0.9964229611558815,4.295081721422929e-22
1207500,0.0,1.5135382787028655e-44,9959.3306580884,0.9964229611558815,4.293634299948042e-22
1207560,0.0,1.5130262088796273e-44,9959.330658088407,0.9964229611558814,4.292186878473154e-22
1207620,0.0,1.5125141390563896e-44,9959.330658088413,0.9964229611558814,4.290739456998266e-22
1207680,0.0,1.512002069233152e-44,9959.330658088418,0.9964229611558812,4.289292035523379e-22
1207740,0.0,1.5114899994099138e-44,9959.330658088424,0.9964229611558812,4.2878446140484915e-22
1207800,0.0,1.510977929586676e-44,9959.330658088431,0.9964229611558811,4.286397192573604e-22
1207860,0.0,1.5104658597634382e-44,9959.330658088436,0.9964229611558811,4.284949771098716e-22
1207920,0.0,1.5099537899402002e-44,9959.330658088442,0.996422961155881,4.283502349623828e-22
1207980,0.0,1.5094417201169626e-44,9959.330658088447,0.9964229611558809,4.282054928148941e-22
1208040,0.0,1.5089296502937246e-44,9959.330658088453,0.9964229611558809,4.280607506674053e-22
1208100,0.0,1.5084175804704867e-44,9959.33065808846,0.9964229611558808,4.279160085199165e-22
1208160,0.0,1.5079055106472488e-44,9959.330658088465,0.9964229611558808,4.277712663724277e-22
1208220,0.0,1.507393440824011e-44,9959.330658088471,0.9964229611558807,4.27626524224939e-22
1208280,0.0,1.5068813710007732e-44,9959.330658088476,0.9964229611558807,4.274817820774503e-22
1208340,0.0,1.5063693011775353e-44,9959.330658088482,0.9964229611558806,4.273370399299615e-22
1208400,0.0,1.5058572313542976e-44,9959.33065808849,0.9964229611558806,4.271922977824728e-22
1208460,0.0,1.5053451615310597e-44,9959.330658088495,0.9964229611558805,4.27047555634984e-22
1208520,0.0,1.5048330917078217e-44,9959.3306580885,0.9964229611558805,4.269028134874952e-22
1208580,0.0,1.5043210218845838e-44,9959.330658088506,0.9964229611558804,4.267580713400064e-22
1208640,0.0,1.503808952061346e-44,9959.330658088513,0.9964229611558802,4.266133291925177e-22
1208700,0.0,1.5032968822381082e-44,9959.330658088518,0.9964229611558802,4.264685870450289e-22
1208760,0.0,1.5027848124148703e-44,9959.330658088524,0.9964229611558801,4.2632384489754015e-22
1208820,0.0,1.5022727425916326e-44,9959.33065808853,0.9964229611558801,4.261791027500515e-22
1208880,0.0,1.5017606727683947e-44,9959.330658088535,0.99642296115588,4.260343606025627e-22
1208940,0.0,1.5012486029451567e-44,9959.330658088542,0.99642296115588,4.258896184550739e-22
1209000,0.0,1.500736533121919e-44,9959.330658088547,0.9964229611558799,4.257448763075852e-22
1209060,0.0,1.5002244632986811e-44,9959.330658088553,0.9964229611558799,4.256001341600964e-22
1209120,0.0,1.4997123934754432e-44,9959.330658088558,0.9964229611558798,4.254553920126076e-22
1209180,0.0,1.4992003236522053e-44,9959.330658088564,0.9964229611558797,4.253106498651188e-22
1209240,0.0,1.4986882538289676e-44,9959.330658088571,0.9964229611558797,4.251659077176301e-22
1209300,0.0,1.4981761840057294e-44,9959.330658088576,0.9964229611558796,4.2502116557014135e-22
1209360,0.0,1.4976641141824918e-44,9959.330658088582,0.9964229611558796,4.248764234226526e-22
1209420,0.0,1.497152044359254e-44,9959.330658088587,0.9964229611558795,4.247316812751639e-22
1209480,0.0,1.496639974536016e-44,9959.330658088595,0.9964229611558795,4.245869391276751e-22
1209540,0.0,1.4961279047127782e-44,9959.3306580886,0.9964229611558794,4.244421969801863e-22
1209600,0.0,1.4956158348895403e-44,9959.330658088606,0.9964229611558794,4.242974548326975e-22
1209660,0.0,1.4951037650663024e-44,9959.330658088611,0.9964229611558792,4.241527126852088e-22
1209720,0.0,1.4945916952430647e-44,9959.330658088616,0.9964229611558792,4.2400797053772e-22
1209780,0.0,1.4940796254198268e-44,9959.330658088624,0.9964229611558791,4.238632283902312e-22
1209840,0.0,1.4935675555965888e-44,9959.33065808863,0.996422961155879,4.237184862427425e-22
1209900,0.0,1.493055485773351e-44,9959.330658088635,0.996422961155879,4.235737440952538e-22
1209960,0.0,1.4925434159501132e-44,9959.33065808864,0.9964229611558789,4.2342900194776497e-22
1210020,0.0,1.4920313461268753e-44,9959.330658088646,0.9964229611558789,4.2328425980027623e-22
1210080,0.0,1.4915192763036374e-44,9959.330658088653,0.9964229611558788,4.2313951765278745e-22
1210140,0.0,1.4910072064803997e-44,9959.330658088658,0.9964229611558788,4.229947755052987e-22
1210200,0.0,1.4904951366571618e-44,9959.330658088664,0.9964229611558787,4.228500333578099e-22
1210260,0.0,1.4899830668339239e-44,9959.33065808867,0.9964229611558787,4.227052912103212e-22
1210320,0.0,1.489470997010686e-44,9959.330658088677,0.9964229611558786,4.225605490628324e-22
1210380,0.0,1.4889589271874483e-44,9959.330658088682,0.9964229611558785,4.2241580691534365e-22
1210440,0.0,1.4884468573642103e-44,9959.330658088687,0.9964229611558785,4.222710647678549e-22
1210500,0.0,1.4879347875409724e-44,9959.330658088693,0.9964229611558784,4.2212632262036613e-22
1210560,0.0,1.4874227177177347e-44,9959.330658088698,0.9964229611558784,4.219815804728774e-22
1210620,0.0,1.4869106478944965e-44,9959.330658088706,0.9964229611558783,4.218368383253886e-22
1210680,0.0,1.4863985780712589e-44,9959.330658088711,0.9964229611558783,4.2169209617789986e-22
1210740,0.0,1.4858865082480212e-44,9959.330658088717,0.9964229611558781,4.215473540304111e-22
1210800,0.0,1.485374438424783e-44,9959.330658088722,0.9964229611558781,4.2140261188292233e-22
1210860,0.0,1.4848623686015453e-44,9959.33065808873,0.996422961155878,4.212578697354336e-22
1210920,0.0,1.4843502987783074e-44,9959.330658088735,0.9964229611558779,4.211131275879448e-22
1210980,0.0,1.4838382289550695e-44,9959.33065808874,0.9964229611558779,4.2096838544045607e-22
1211040,0.0,1.4833261591318316e-44,9959.330658088746,0.9964229611558778,4.2082364329296723e-22
1211100,0.0,1.482814089308594e-44,9959.330658088751,0.9964229611558778,4.2067890114547854e-22
1211160,0.0,1.4823020194853562e-44,9959.330658088758,0.9964229611558777,4.205341589979898e-22
1211220,0.0,1.481789949662118e-44,9959.330658088764,0.9964229611558777,4.2038941685050096e-22
1211280,0.0,1.4812778798388804e-44,9959.33065808877,0.9964229611558776,4.2024467470301227e-22
1211340,0.0,1.4807658100156424e-44,9959.330658088775,0.9964229611558776,4.2009993255552344e-22
1211400,0.0,1.4802537401924045e-44,9959.33065808878,0.9964229611558775,4.199551904080347e-22
1211460,0.0,1.4797416703691668e-44,9959.330658088787,0.9964229611558775,4.19810448260546e-22
1211520,0.0,1.479229600545929e-44,9959.330658088793,0.9964229611558774,4.1966570611305717e-22
1211580,0.0,1.478717530722691e-44,9959.330658088798,0.9964229611558773,4.1952096396556843e-22
1211640,0.0,1.478205460899453e-44,9959.330658088804,0.9964229611558773,4.1937622181807964e-22
1211700,0.0,1.4776933910762154e-44,9959.330658088811,0.9964229611558771,4.192314796705909e-22
1211760,0.0,1.4771813212529774e-44,9959.330658088817,0.9964229611558771,4.1908673752310216e-22
1211820,0.0,1.4766692514297395e-44,9959.330658088822,0.996422961155877,4.189419953756134e-22
1211880,0.0,1.4761571816065018e-44,9959.330658088827,0.996422961155877,4.1879725322812464e-22
1211940,0.0,1.475645111783264e-44,9959.330658088833,0.9964229611558769,4.1865251108063585e-22
1212000,0.0,1.475133041960026e-44,9959.33065808884,0.9964229611558769,4.185077689331471e-22
1212060,0.0,1.474620972136788e-44,9959.330658088846,0.9964229611558768,4.183630267856583e-22
1212120,0.0,1.4741089023135504e-44,9959.330658088851,0.9964229611558767,4.182182846381696e-22
1212180,0.0,1.4735968324903125e-44,9959.330658088857,0.9964229611558767,4.1807354249068084e-22
1212240,0.0,1.4730847626670745e-44,9959.330658088862,0.9964229611558766,4.1792880034319206e-22
1212300,0.0,1.4725726928438369e-44,9959.33065808887,0.9964229611558766,4.177840581957033e-22
1212360,0.0,1.4720606230205987e-44,9959.330658088875,0.9964229611558765,4.1763931604821453e-22
1212420,0.0,1.471548553197361e-44,9959.33065808888,0.9964229611558765,4.174945739007258e-22
1212480,0.0,1.4710364833741233e-44,9959.330658088886,0.9964229611558764,4.1734983175323705e-22
1212540,0.0,1.4705244135508851e-44,9959.330658088893,0.9964229611558764,4.1720508960574826e-22
1212600,0.0,1.4700123437276475e-44,9959.330658088898,0.9964229611558763,4.170603474582595e-22
1212660,0.0,1.4695002739044095e-44,9959.330658088904,0.9964229611558763,4.1691560531077074e-22
1212720,0.0,1.4689882040811716e-44,9959.33065808891,0.9964229611558761,4.16770863163282e-22
1212780,0.0,1.468476134257934e-44,9959.330658088915,0.996422961155876,4.1662612101579326e-22
1212840,0.0,1.467964064434696e-44,9959.330658088922,0.996422961155876,4.1648137886830447e-22
1212900,0.0,1.467451994611458e-44,9959.330658088928,0.9964229611558759,4.1633663672081573e-22
1212960,0.0,1.4669399247882202e-44,9959.330658088933,0.9964229611558759,4.1619189457332694e-22
1213020,0.0,1.4664278549649825e-44,9959.330658088938,0.9964229611558758,4.160471524258382e-22
1213080,0.0,1.4659157851417446e-44,9959.330658088944,0.9964229611558758,4.159024102783494e-22
1213140,0.0,1.4654037153185066e-44,9959.330658088951,0.9964229611558757,4.1575766813086067e-22
1213200,0.0,1.464891645495269e-44,9959.330658088957,0.9964229611558757,4.1561292598337193e-22
1213260,0.0,1.464379575672031e-44,9959.330658088962,0.9964229611558756,4.1546818383588315e-22
1213320,0.0,1.463867505848793e-44,9959.330658088968,0.9964229611558755,4.153234416883944e-22
1213380,0.0,1.4633554360255552e-44,9959.330658088975,0.9964229611558755,4.1517869954090557e-22
1213440,0.0,1.4628433662023175e-44,9959.33065808898,0.9964229611558754,4.150339573934169e-22
1213500,0.0,1.4623312963790796e-44,9959.330658088986,0.9964229611558754,4.1488921524592814e-22
1213560,0.0,1.4618192265558416e-44,9959.330658088991,0.9964229611558753,4.147444730984393e-22
1213620,0.0,1.461307156732604e-44,9959.330658088997,0.9964229611558753,4.145997309509506e-22
1213680,0.0,1.4607950869093658e-44,9959.330658089004,0.9964229611558751,4.144549888034618e-22
1213740,0.0,1.460283017086128e-44,9959.33065808901,0.9964229611558751,4.1431024665597304e-22
1213800,0.0,1.4597709472628904e-44,9959.330658089015,0.996422961155875,4.1416550450848435e-22
1213860,0.0,1.4592588774396523e-44,9959.33065808902,0.996422961155875,4.140207623609955e-22
1213920,0.0,1.4587468076164146e-44,9959.330658089028,0.9964229611558749,4.1387602021350677e-22
1213980,0.0,1.4582347377931767e-44,9959.330658089033,0.9964229611558748,4.13731278066018e-22
1214040,0.0,1.4577226679699387e-44,9959.330658089038,0.9964229611558748,4.1358653591852925e-22
1214100,0.0,1.4572105981467008e-44,9959.330658089044,0.9964229611558747,4.1344179377104046e-22
1214160,0.0,1.4566985283234631e-44,9959.33065808905,0.9964229611558747,4.132970516235517e-22
1214220,0.0,1.4561864585002255e-44,9959.330658089057,0.9964229611558746,4.13152309476063e-22
1214280,0.0,1.4556743886769873e-44,9959.330658089062,0.9964229611558746,4.130075673285742e-22
1214340,0.0,1.4551623188537496e-44,9959.330658089068,0.9964229611558745,4.1286282518108545e-22
1214400,0.0,1.4546502490305117e-44,9959.330658089073,0.9964229611558745,4.1271808303359667e-22
1214460,0.0,1.4541381792072738e-44,9959.330658089078,0.9964229611558744,4.1257334088610793e-22
1214520,0.0,1.453626109384036e-44,9959.330658089086,0.9964229611558743,4.124285987386192e-22
1214580,0.0,1.4531140395607981e-44,9959.330658089091,0.9964229611558743,4.122838565911304e-22
1214640,0.0,1.4526019697375602e-44,9959.330658089097,0.9964229611558741,4.1213911444364166e-22
1214700,0.0,1.4520898999143223e-44,9959.330658089102,0.9964229611558741,4.1199437229615287e-22
1214760,0.0,1.4515778300910846e-44,9959.33065808911,0.996422961155874,4.1184963014866413e-22
1214820,0.0,1.4510657602678467e-44,9959.330658089115,0.996422961155874,4.117048880011754e-22
1214880,0.0,1.4505536904446088e-44,9959.33065808912,0.9964229611558739,4.115601458536866e-22
1214940,0.0,1.450041620621371e-44,9959.330658089126,0.9964229611558739,4.1141540370619786e-22
1215000,0.0,1.4495295507981332e-44,9959.330658089131,0.9964229611558738,4.112706615587091e-22
1215060,0.0,1.4490174809748952e-44,9959.330658089139,0.9964229611558738,4.1112591941122034e-22
1215120,0.0,1.4485054111516573e-44,9959.330658089144,0.9964229611558737,4.1098117726373155e-22
1215180,0.0,1.4479933413284196e-44,9959.33065808915,0.9964229611558736,4.108364351162428e-22
1215240,0.0,1.4474812715051817e-44,9959.330658089155,0.9964229611558736,4.1069169296875407e-22
1215300,0.0,1.4469692016819438e-44,9959.33065808916,0.9964229611558735,4.105469508212653e-22
1215360,0.0,1.446457131858706e-44,9959.330658089168,0.9964229611558735,4.1040220867377654e-22
1215420,0.0,1.445945062035468e-44,9959.330658089173,0.9964229611558734,4.1025746652628776e-22
1215480,0.0,1.4454329922122303e-44,9959.330658089179,0.9964229611558734,4.10112724378799e-22
1215540,0.0,1.4449209223889926e-44,9959.330658089184,0.9964229611558733,4.099679822313103e-22
1215600,0.0,1.4444088525657544e-44,9959.330658089191,0.9964229611558733,4.098232400838215e-22
1215660,0.0,1.4438967827425167e-44,9959.330658089197,0.9964229611558731,4.0967849793633275e-22
1215720,0.0,1.4433847129192788e-44,9959.330658089202,0.996422961155873,4.095337557888439e-22
1215780,0.0,1.4428726430960409e-44,9959.330658089208,0.996422961155873,4.093890136413552e-22
1215840,0.0,1.4423605732728032e-44,9959.330658089213,0.9964229611558729,4.092442714938665e-22
1215900,0.0,1.4418485034495653e-44,9959.33065808922,0.9964229611558729,4.0909952934637765e-22
1215960,0.0,1.4413364336263273e-44,9959.330658089226,0.9964229611558728,4.0895478719888896e-22
1216020,0.0,1.4408243638030894e-44,9959.330658089231,0.9964229611558728,4.088100450514001e-22
1216080,0.0,1.4403122939798517e-44,9959.330658089237,0.9964229611558727,4.086653029039114e-22
1216140,0.0,1.4398002241566138e-44,9959.330658089242,0.9964229611558727,4.085205607564226e-22
1216200,0.0,1.439288154333376e-44,9959.33065808925,0.9964229611558726,4.0837581860893386e-22
1216260,0.0,1.4387760845101382e-44,9959.330658089255,0.9964229611558725,4.082310764614451e-22
1216320,0.0,1.4382640146869003e-44,9959.33065808926,0.9964229611558725,4.0808633431395633e-22
1216380,0.0,1.4377519448636624e-44,9959.330658089266,0.9964229611558724,4.079415921664676e-22
1216440,0.0,1.4372398750404244e-44,9959.330658089273,0.9964229611558724,4.077968500189788e-22
1216500,0.0,1.4367278052171867e-44,9959.330658089279,0.9964229611558723,4.0765210787149006e-22
1216560,0.0,1.4362157353939488e-44,9959.330658089284,0.9964229611558723,4.075073657240013e-22
1216620,0.0,1.435703665570711e-44,9959.33065808929,0.9964229611558721,4.0736262357651253e-22
1216680,0.0,1.4351915957474732e-44,9959.330658089295,0.9964229611558721,4.072178814290238e-22
1216740,0.0,1.434679525924235e-44,9959.330658089302,0.996422961155872,4.07073139281535e-22
1216800,0.0,1.4341674561009974e-44,9959.330658089308,0.996422961155872,4.0692839713404627e-22
1216860,0.0,1.4336553862777597e-44,9959.330658089313,0.9964229611558719,4.0678365498655753e-22
1216920,0.0,1.4331433164545215e-44,9959.330658089319,0.9964229611558718,4.0663891283906874e-22
1216980,0.0,1.4326312466312838e-44,9959.330658089326,0.9964229611558718,4.0649417069158e-22
1217040,0.0,1.432119176808046e-44,9959.330658089331,0.9964229611558717,4.063494285440912e-22
1217100,0.0,1.4316071069848082e-44,9959.330658089337,0.9964229611558717,4.0620468639660247e-22
1217160,0.0,1.43109503716157e-44,9959.330658089342,0.9964229611558716,4.060599442491137e-22
1217220,0.0,1.4305829673383324e-44,9959.330658089348,0.9964229611558716,4.0591520210162495e-22
1217280,0.0,1.4300708975150947e-44,9959.330658089355,0.9964229611558715,4.057704599541362e-22
1217340,0.0,1.4295588276918565e-44,9959.33065808936,0.9964229611558715,4.056257178066474e-22
1217400,0.0,1.4290467578686189e-44,9959.330658089366,0.9964229611558714,4.054809756591587e-22
1217460,0.0,1.428534688045381e-44,9959.330658089371,0.9964229611558713,4.053362335116699e-22
1217520,0.0,1.428022618222143e-44,9959.330658089377,0.9964229611558713,4.0519149136418115e-22
1217580,0.0,1.4275105483989053e-44,9959.330658089384,0.9964229611558711,4.050467492166924e-22
1217640,0.0,1.4269984785756674e-44,9959.33065808939,0.9964229611558711,4.0490200706920363e-22
1217700,0.0,1.4264864087524295e-44,9959.330658089395,0.996422961155871,4.047572649217149e-22
1217760,0.0,1.4259743389291915e-44,9959.3306580894,0.996422961155871,4.046125227742261e-22
1217820,0.0,1.4254622691059539e-44,9959.330658089408,0.9964229611558709,4.0446778062673736e-22
1217880,0.0,1.424950199282716e-44,9959.330658089413,0.9964229611558709,4.043230384792486e-22
1217940,0.0,1.424438129459478e-44,9959.330658089419,0.9964229611558708,4.0417829633175983e-22
1218000,0.0,1.4239260596362403e-44,9959.330658089424,0.9964229611558708,4.040335541842711e-22
1218060,0.0,1.4234139898130024e-44,9959.33065808943,0.9964229611558707,4.0388881203678226e-22
1218120,0.0,1.4229019199897645e-44,9959.330658089437,0.9964229611558706,4.0374406988929357e-22
1218180,0.0,1.4223898501665266e-44,9959.330658089442,0.9964229611558706,4.0359932774180473e-22
1218240,0.0,1.421877780343289e-44,9959.330658089448,0.9964229611558705,4.03454585594316e-22
1218300,0.0,1.421365710520051e-44,9959.330658089453,0.9964229611558705,4.033098434468273e-22
1218360,0.0,1.420853640696813e-44,9959.330658089459,0.9964229611558704,4.0316510129933846e-22
1218420,0.0,1.4203415708735754e-44,9959.330658089466,0.9964229611558704,4.0302035915184972e-22
1218480,0.0,1.4198295010503372e-44,9959.330658089471,0.9964229611558703,4.0287561700436094e-22
1218540,0.0,1.4193174312270995e-44,9959.330658089477,0.9964229611558703,4.027308748568722e-22
1218600,0.0,1.4188053614038618e-44,9959.330658089482,0.9964229611558701,4.0258613270938346e-22
1218660,0.0,1.4182932915806236e-44,9959.33065808949,0.99642296115587,4.0244139056189467e-22
1218720,0.0,1.417781221757386e-44,9959.330658089495,0.99642296115587,4.0229664841440593e-22
1218780,0.0,1.417269151934148e-44,9959.3306580895,0.9964229611558699,4.0215190626691714e-22
1218840,0.0,1.41675708211091e-44,9959.330658089506,0.9964229611558699,4.020071641194284e-22
1218900,0.0,1.4162450122876724e-44,9959.330658089511,0.9964229611558698,4.0186242197193966e-22
1218960,0.0,1.4157329424644345e-44,9959.330658089519,0.9964229611558698,4.017176798244509e-22
1219020,0.0,1.4152208726411966e-44,9959.330658089524,0.9964229611558697,4.0157293767696214e-22
1219080,0.0,1.4147088028179587e-44,9959.33065808953,0.9964229611558697,4.0142819552947335e-22
1219140,0.0,1.414196732994721e-44,9959.330658089535,0.9964229611558696,4.012834533819846e-22
1219200,0.0,1.413684663171483e-44,9959.33065808954,0.9964229611558696,4.011387112344958e-22
1219260,0.0,1.4131725933482451e-44,9959.330658089548,0.9964229611558695,4.009939690870071e-22
1219320,0.0,1.4126605235250075e-44,9959.330658089553,0.9964229611558694,4.0084922693951834e-22
1219380,0.0,1.4121484537017695e-44,9959.330658089559,0.9964229611558694,4.0070448479202956e-22
1219440,0.0,1.4116363838785316e-44,9959.330658089564,0.9964229611558693,4.005597426445408e-22
1219500,0.0,1.4111243140552937e-44,9959.330658089571,0.9964229611558693,4.0041500049705203e-22
1219560,0.0,1.410612244232056e-44,9959.330658089577,0.9964229611558691,4.002702583495633e-22
1219620,0.0,1.410100174408818e-44,9959.330658089582,0.9964229611558691,4.0012551620207455e-22
1219680,0.0,1.4095881045855801e-44,9959.330658089588,0.996422961155869,3.9998077405458576e-22
1219740,0.0,1.4090760347623425e-44,9959.330658089593,0.996422961155869,3.99836031907097e-22
1219800,0.0,1.4085639649391043e-44,9959.3306580896,0.9964229611558689,3.9969128975960824e-22
1219860,0.0,1.4080518951158666e-44,9959.330658089606,0.9964229611558688,3.995465476121195e-22
1219920,0.0,1.407539825292629e-44,9959.330658089611,0.9964229611558688,3.9940180546463076e-22
1219980,0.0,1.4070277554693908e-44,9959.330658089617,0.9964229611558687,3.9925706331714197e-22
1220040,0.0,1.406515685646153e-44,9959.330658089622,0.9964229611558687,3.9911232116965323e-22
1220100,0.0,1.4060036158229152e-44,9959.33065808963,0.9964229611558686,3.9896757902216444e-22
1220160,0.0,1.4054915459996775e-44,9959.330658089635,0.9964229611558686,3.988228368746757e-22
1220220,0.0,1.4049794761764393e-44,9959.33065808964,0.9964229611558685,3.986780947271869e-22
1220280,0.0,1.4044674063532016e-44,9959.330658089646,0.9964229611558685,3.9853335257969818e-22
1220340,0.0,1.403955336529964e-44,9959.330658089653,0.9964229611558684,3.9838861043220944e-22
1220400,0.0,1.4034432667067258e-44,9959.330658089659,0.9964229611558684,3.982438682847206e-22
1220460,0.0,1.402931196883488e-44,9959.330658089664,0.9964229611558683,3.980991261372319e-22
1220520,0.0,1.4024191270602502e-44,9959.33065808967,0.9964229611558681,3.9795438398974307e-22
1220580,0.0,1.4019070572370122e-44,9959.330658089675,0.9964229611558681,3.9780964184225433e-22
1220640,0.0,1.4013949874137746e-44,9959.330658089682,0.996422961155868,3.9766489969476564e-22
1220700,0.0,1.4008829175905366e-44,9959.330658089688,0.996422961155868,3.975201575472768e-22
1220760,0.0,1.4003708477672987e-44,9959.330658089693,0.9964229611558679,3.9737541539978807e-22
1220820,0.0,1.3998587779440608e-44,9959.330658089699,0.9964229611558679,3.972306732522993e-22
1220880,0.0,1.399346708120823e-44,9959.330658089706,0.9964229611558678,3.9708593110481054e-22
1220940,0.0,1.3988346382975852e-44,9959.330658089712,0.9964229611558678,3.969411889573218e-22
1221000,0.0,1.3983225684743473e-44,9959.330658089717,0.9964229611558677,3.96796446809833e-22
1221060,0.0,1.3978104986511096e-44,9959.330658089722,0.9964229611558676,3.9665170466234427e-22
1221120,0.0,1.3972984288278717e-44,9959.330658089728,0.9964229611558676,3.965069625148555e-22
1221180,0.0,1.3967863590046337e-44,9959.330658089735,0.9964229611558675,3.9636222036736675e-22
1221240,0.0,1.3962742891813958e-44,9959.33065808974,0.9964229611558675,3.9621747821987796e-22
1221300,0.0,1.3957622193581581e-44,9959.330658089746,0.9964229611558674,3.960727360723892e-22
1221360,0.0,1.3952501495349202e-44,9959.330658089752,0.9964229611558674,3.959279939249005e-22
1221420,0.0,1.3947380797116823e-44,9959.330658089757,0.9964229611558673,3.957832517774117e-22
1221480,0.0,1.3942260098884446e-44,9959.330658089764,0.9964229611558673,3.9563850962992295e-22
1221540,0.0,1.3937139400652064e-44,9959.33065808977,0.9964229611558671,3.9549376748243417e-22
1221600,0.0,1.3932018702419687e-44,9959.330658089775,0.996422961155867,3.9534902533494543e-22
1221660,0.0,1.392689800418731e-44,9959.33065808978,0.996422961155867,3.952042831874567e-22
1221720,0.0,1.392177730595493e-44,9959.330658089788,0.9964229611558669,3.950595410399679e-22
1221780,0.0,1.3916656607722552e-44,9959.330658089793,0.9964229611558669,3.9491479889247916e-22
1221840,0.0,1.3911535909490173e-44,9959.330658089799,0.9964229611558668,3.9477005674499037e-22
1221900,0.0,1.3906415211257794e-44,9959.330658089804,0.9964229611558668,3.9462531459750163e-22
1221960,0.0,1.3901294513025417e-44,9959.33065808981,0.9964229611558667,3.944805724500129e-22
1222020,0.0,1.3896173814793038e-44,9959.330658089817,0.9964229611558667,3.943358303025241e-22
1222080,0.0,1.3891053116560658e-44,9959.330658089822,0.9964229611558666,3.9419108815503537e-22
1222140,0.0,1.388593241832828e-44,9959.330658089828,0.9964229611558666,3.940463460075466e-22
1222200,0.0,1.3880811720095902e-44,9959.330658089833,0.9964229611558665,3.9390160386005784e-22
1222260,0.0,1.3875691021863523e-44,9959.330658089839,0.9964229611558664,3.9375686171256905e-22
1222320,0.0,1.3870570323631144e-44,9959.330658089846,0.9964229611558664,3.936121195650803e-22
1222380,0.0,1.3865449625398767e-44,9959.330658089852,0.9964229611558663,3.9346737741759157e-22
1222440,0.0,1.3860328927166388e-44,9959.330658089857,0.9964229611558663,3.933226352701028e-22
1222500,0.0,1.3855208228934008e-44,9959.330658089862,0.9964229611558661,3.9317789312261404e-22
1222560,0.0,1.385008753070163e-44,9959.33065808987,0.9964229611558661,3.9303315097512526e-22
1222620,0.0,1.3844966832469252e-44,9959.330658089875,0.996422961155866,3.928884088276365e-22
1222680,0.0,1.3839846134236873e-44,9959.33065808988,0.996422961155866,3.927436666801478e-22
1222740,0.0,1.3834725436004494e-44,9959.330658089886,0.9964229611558659,3.9259892453265894e-22
1222800,0.0,1.3829604737772117e-44,9959.330658089892,0.9964229611558658,3.9245418238517025e-22
1222860,0.0,1.3824484039539735e-44,9959.330658089899,0.9964229611558658,3.923094402376814e-22
1222920,0.0,1.3819363341307359e-44,9959.330658089904,0.9964229611558657,3.921646980901927e-22
1222980,0.0,1.381424264307498e-44,9959.33065808991,0.9964229611558657,3.920199559427039e-22
1223040,0.0,1.3809121944842603e-44,9959.330658089915,0.9964229611558656,3.9187521379521515e-22
1223100,0.0,1.3804001246610223e-44,9959.33065808992,0.9964229611558656,3.917304716477264e-22
1223160,0.0,1.3798880548377844e-44,9959.330658089928,0.9964229611558655,3.915857295002376e-22
1223220,0.0,1.3793759850145467e-44,9959.330658089933,0.9964229611558655,3.914409873527489e-22
1223280,0.0,1.3788639151913086e-44,9959.330658089939,0.9964229611558654,3.912962452052601e-22
1223340,0.0,1.378351845368071e-44,9959.330658089944,0.9964229611558654,3.9115150305777136e-22
1223400,0.0,1.3778397755448332e-44,9959.330658089952,0.9964229611558653,3.910067609102826e-22
1223460,0.0,1.377327705721595e-44,9959.330658089957,0.9964229611558652,3.9086201876279383e-22
1223520,0.0,1.3768156358983573e-44,9959.330658089963,0.9964229611558652,3.907172766153051e-22
1223580,0.0,1.3763035660751194e-44,9959.330658089968,0.996422961155865,3.905725344678163e-22
1223640,0.0,1.3757914962518815e-44,9959.330658089973,0.996422961155865,3.9042779232032756e-22
1223700,0.0,1.3752794264286438e-44,9959.33065808998,0.9964229611558649,3.902830501728388e-22
1223760,0.0,1.374767356605406e-44,9959.330658089986,0.9964229611558649,3.9013830802535004e-22
1223820,0.0,1.374255286782168e-44,9959.330658089992,0.9964229611558648,3.899935658778613e-22
1223880,0.0,1.37374321695893e-44,9959.330658089997,0.9964229611558648,3.898488237303725e-22
1223940,0.0,1.3732311471356924e-44,9959.330658090004,0.9964229611558647,3.8970408158288377e-22
1224000,0.0,1.3727190773124544e-44,9959.33065809001,0.9964229611558646,3.89559339435395e-22
1224060,0.0,1.3722070074892165e-44,9959.330658090015,0.9964229611558646,3.8941459728790624e-22
1224120,0.0,1.3716949376659788e-44,9959.33065809002,0.9964229611558645,3.892698551404175e-22
1224180,0.0,1.371182867842741e-44,9959.330658090026,0.9964229611558645,3.891251129929287e-22
1224240,0.0,1.370670798019503e-44,9959.330658090033,0.9964229611558644,3.8898037084543997e-22
1224300,0.0,1.370158728196265e-44,9959.330658090039,0.9964229611558644,3.888356286979512e-22
1224360,0.0,1.3696466583730274e-44,9959.330658090044,0.9964229611558643,3.8869088655046245e-22
1224420,0.0,1.3691345885497895e-44,9959.33065809005,0.9964229611558643,3.885461444029737e-22
1224480,0.0,1.3686225187265515e-44,9959.330658090055,0.9964229611558642,3.884014022554849e-22
1224540,0.0,1.3681104489033138e-44,9959.330658090063,0.9964229611558642,3.882566601079962e-22
1224600,0.0,1.3675983790800757e-44,9959.330658090068,0.996422961155864,3.881119179605074e-22
1224660,0.0,1.367086309256838e-44,9959.330658090073,0.9964229611558639,3.8796717581301865e-22
1224720,0.0,1.3665742394336003e-44,9959.330658090079,0.9964229611558639,3.878224336655299e-22
1224780,0.0,1.3660621696103621e-44,9959.330658090086,0.9964229611558638,3.8767769151804113e-22
1224840,0.0,1.3655500997871245e-44,9959.330658090092,0.9964229611558638,3.875329493705524e-22
1224900,0.0,1.3650380299638865e-44,9959.330658090097,0.9964229611558637,3.873882072230636e-22
1224960,0.0,1.3645259601406486e-44,9959.330658090103,0.9964229611558637,3.8724346507557486e-22
1225020,0.0,1.3640138903174107e-44,9959.330658090108,0.9964229611558636,3.8709872292808603e-22
1225080,0.0,1.363501820494173e-44,9959.330658090115,0.9964229611558636,3.869539807805973e-22
1225140,0.0,1.362989750670935e-44,9959.33065809012,0.9964229611558635,3.868092386331086e-22
1225200,0.0,1.3624776808476972e-44,9959.330658090126,0.9964229611558634,3.8666449648561976e-22
1225260,0.0,1.3619656110244595e-44,9959.330658090132,0.9964229611558634,3.86519754338131e-22
1225320,0.0,1.3614535412012216e-44,9959.330658090137,0.9964229611558633,3.8637501219064223e-22
1225380,0.0,1.3609414713779836e-44,9959.330658090144,0.9964229611558633,3.862302700431535e-22
1225440,0.0,1.360429401554746e-44,9959.33065809015,0.9964229611558632,3.8608552789566475e-22
1225500,0.0,1.359917331731508e-44,9959.330658090155,0.9964229611558632,3.8594078574817597e-22
1225560,0.0,1.35940526190827e-44,9959.33065809016,0.996422961155863,3.8579604360068723e-22
1225620,0.0,1.3588931920850322e-44,9959.330658090168,0.996422961155863,3.8565130145319844e-22
1225680,0.0,1.3583811222617945e-44,9959.330658090174,0.9964229611558629,3.855065593057097e-22
1225740,0.0,1.3578690524385566e-44,9959.330658090179,0.9964229611558629,3.8536181715822096e-22
1225800,0.0,1.3573569826153186e-44,9959.330658090184,0.9964229611558628,3.8521707501073217e-22
1225860,0.0,1.356844912792081e-44,9959.33065809019,0.9964229611558627,3.8507233286324343e-22
1225920,0.0,1.3563328429688428e-44,9959.330658090197,0.9964229611558627,3.8492759071575464e-22
1225980,0.0,1.355820773145605e-44,9959.330658090203,0.9964229611558626,3.847828485682659e-22
1226040,0.0,1.3553087033223672e-44,9959.330658090208,0.9964229611558626,3.846381064207771e-22
1226100,0.0,1.3547966334991295e-44,9959.330658090214,0.9964229611558625,3.844933642732884e-22
1226160,0.0,1.3542845636758916e-44,9959.330658090219,0.9964229611558625,3.8434862212579964e-22
1226220,0.0,1.3537724938526537e-44,9959.330658090226,0.9964229611558624,3.8420387997831085e-22
1226280,0.0,1.353260424029416e-44,9959.330658090232,0.9964229611558624,3.840591378308221e-22
1226340,0.0,1.3527483542061778e-44,9959.330658090237,0.9964229611558623,3.8391439568333332e-22
1226400,0.0,1.3522362843829401e-44,9959.330658090243,0.9964229611558622,3.837696535358446e-22
1226460,0.0,1.3517242145597024e-44,9959.33065809025,0.9964229611558622,3.8362491138835584e-22
1226520,0.0,1.3512121447364643e-44,9959.330658090255,0.996422961155862,3.8348016924086706e-22
1226580,0.0,1.3507000749132266e-44,9959.33065809026,0.996422961155862,3.833354270933783e-22
1226640,0.0,1.3501880050899887e-44,9959.330658090266,0.9964229611558619,3.8319068494588953e-22
1226700,0.0,1.3496759352667507e-44,9959.330658090272,0.9964229611558619,3.830459427984008e-22
1226760,0.0,1.349163865443513e-44,9959.330658090279,0.9964229611558618,3.8290120065091205e-22
1226820,0.0,1.3486517956202751e-44,9959.330658090284,0.9964229611558618,3.8275645850342326e-22
1226880,0.0,1.3481397257970372e-44,9959.33065809029,0.9964229611558617,3.8261171635593452e-22
1226940,0.0,1.3476276559737993e-44,9959.330658090295,0.9964229611558616,3.8246697420844574e-22
1227000,0.0,1.3471155861505616e-44,9959.330658090303,0.9964229611558616,3.82322232060957e-22
1227060,0.0,1.3466035163273237e-44,9959.330658090308,0.9964229611558615,3.821774899134682e-22
1227120,0.0,1.3460914465040858e-44,9959.330658090314,0.9964229611558615,3.8203274776597947e-22
1227180,0.0,1.345579376680848e-44,9959.330658090319,0.9964229611558614,3.8188800561849073e-22
1227240,0.0,1.3450673068576102e-44,9959.330658090325,0.9964229611558614,3.8174326347100194e-22
1227300,0.0,1.3445552370343722e-44,9959.330658090332,0.9964229611558613,3.815985213235132e-22
1227360,0.0,1.3440431672111343e-44,9959.330658090337,0.9964229611558613,3.8145377917602437e-22
1227420,0.0,1.3435310973878966e-44,9959.330658090343,0.9964229611558612,3.8130903702853563e-22
1227480,0.0,1.3430190275646587e-44,9959.330658090348,0.9964229611558612,3.8116429488104694e-22
1227540,0.0,1.3425069577414208e-44,9959.330658090354,0.996422961155861,3.810195527335581e-22
1227600,0.0,1.341994887918183e-44,9959.33065809036,0.9964229611558609,3.8087481058606936e-22
1227660,0.0,1.341482818094945e-44,9959.330658090366,0.9964229611558609,3.8073006843858058e-22
1227720,0.0,1.3409707482717072e-44,9959.330658090372,0.9964229611558608,3.8058532629109184e-22
1227780,0.0,1.3404586784484696e-44,9959.330658090377,0.9964229611558608,3.804405841436031e-22
1227840,0.0,1.3399466086252314e-44,9959.330658090385,0.9964229611558607,3.802958419961143e-22
1227900,0.0,1.3394345388019937e-44,9959.33065809039,0.9964229611558607,3.8015109984862557e-22
1227960,0.0,1.3389224689787558e-44,9959.330658090395,0.9964229611558606,3.800063577011368e-22
1228020,0.0,1.3384103991555179e-44,9959.3306580904,0.9964229611558606,3.7986161555364804e-22
1228080,0.0,1.33789832933228e-44,9959.330658090406,0.9964229611558605,3.7971687340615925e-22
1228140,0.0,1.3373862595090423e-44,9959.330658090414,0.9964229611558604,3.795721312586705e-22
1228200,0.0,1.3368741896858043e-44,9959.33065809042,0.9964229611558604,3.7942738911118177e-22
1228260,0.0,1.3363621198625664e-44,9959.330658090425,0.9964229611558603,3.79282646963693e-22
1228320,0.0,1.3358500500393287e-44,9959.33065809043,0.9964229611558603,3.7913790481620425e-22
1228380,0.0,1.3353379802160908e-44,9959.330658090435,0.9964229611558602,3.7899316266871546e-22
1228440,0.0,1.3348259103928529e-44,9959.330658090443,0.9964229611558602,3.788484205212267e-22
1228500,0.0,1.3343138405696152e-44,9959.330658090448,0.99642296115586,3.78703678373738e-22
1228560,0.0,1.3338017707463773e-44,9959.330658090454,0.99642296115586,3.785589362262492e-22
1228620,0.0,1.3332897009231393e-44,9959.33065809046,0.9964229611558599,3.7841419407876045e-22
1228680,0.0,1.3327776310999014e-44,9959.330658090466,0.9964229611558599,3.7826945193127167e-22
1228740,0.0,1.3322655612766637e-44,9959.330658090472,0.9964229611558598,3.7812470978378293e-22
1228800,0.0,1.3317534914534258e-44,9959.330658090477,0.9964229611558597,3.779799676362942e-22
1228860,0.0,1.331241421630188e-44,9959.330658090483,0.9964229611558597,3.778352254888054e-22
1228920,0.0,1.3307293518069502e-44,9959.330658090488,0.9964229611558596,3.7769048334131666e-22
1228980,0.0,1.3302172819837123e-44,9959.330658090495,0.9964229611558596,3.7754574119382787e-22
1229040,0.0,1.3297052121604744e-44,9959.330658090501,0.9964229611558595,3.7740099904633913e-22
1229100,0.0,1.3291931423372364e-44,9959.330658090506,0.9964229611558595,3.7725625689885035e-22
1229160,0.0,1.3286810725139988e-44,9959.330658090512,0.9964229611558594,3.771115147513616e-22
1229220,0.0,1.3281690026907608e-44,9959.330658090517,0.9964229611558594,3.7696677260387287e-22
1229280,0.0,1.327656932867523e-44,9959.330658090525,0.9964229611558593,3.768220304563841e-22
1229340,0.0,1.3271448630442852e-44,9959.33065809053,0.9964229611558592,3.7667728830889534e-22
1229400,0.0,1.326632793221047e-44,9959.330658090536,0.9964229611558592,3.7653254616140655e-22
1229460,0.0,1.3261207233978094e-44,9959.330658090541,0.996422961155859,3.763878040139178e-22
1229520,0.0,1.3256086535745717e-44,9959.330658090548,0.996422961155859,3.7624306186642907e-22
1229580,0.0,1.3250965837513335e-44,9959.330658090554,0.9964229611558589,3.760983197189403e-22
1229640,0.0,1.3245845139280958e-44,9959.33065809056,0.9964229611558589,3.7595357757145155e-22
1229700,0.0,1.324072444104858e-44,9959.330658090565,0.9964229611558588,3.758088354239627e-22
1229760,0.0,1.32356037428162e-44,9959.33065809057,0.9964229611558588,3.7566409327647397e-22
1229820,0.0,1.3230483044583823e-44,9959.330658090577,0.9964229611558587,3.755193511289853e-22
1229880,0.0,1.3225362346351444e-44,9959.330658090583,0.9964229611558587,3.7537460898149644e-22
1229940,0.0,1.3220241648119065e-44,9959.330658090588,0.9964229611558586,3.752298668340077e-22
1230000,0.0,1.3215120949886685e-44,9959.330658090594,0.9964229611558585,3.750851246865189e-22
1230060,0.0,1.3210000251654309e-44,9959.330658090601,0.9964229611558585,3.749403825390302e-22
1230120,0.0,1.320487955342193e-44,9959.330658090606,0.9964229611558584,3.747956403915414e-22
1230180,0.0,1.319975885518955e-44,9959.330658090612,0.9964229611558584,3.7465089824405265e-22
1230240,0.0,1.3194638156957173e-44,9959.330658090617,0.9964229611558583,3.745061560965639e-22
1230300,0.0,1.3189517458724794e-44,9959.330658090623,0.9964229611558583,3.7436141394907512e-22
1230360,0.0,1.3184396760492415e-44,9959.33065809063,0.9964229611558582,3.742166718015864e-22
1230420,0.0,1.3179276062260035e-44,9959.330658090636,0.9964229611558582,3.740719296540976e-22
1230480,0.0,1.3174155364027659e-44,9959.330658090641,0.996422961155858,3.7392718750660886e-22
1230540,0.0,1.316903466579528e-44,9959.330658090646,0.9964229611558579,3.737824453591201e-22
1230600,0.0,1.31639139675629e-44,9959.330658090652,0.9964229611558579,3.7363770321163133e-22
1230660,0.0,1.3158793269330523e-44,9959.33065809066,0.9964229611558578,3.734929610641426e-22
1230720,0.0,1.3153672571098142e-44,9959.330658090665,0.9964229611558578,3.733482189166538e-22
1230780,0.0,1.3148551872865765e-44,9959.33065809067,0.9964229611558577,3.7320347676916506e-22
1230840,0.0,1.3143431174633388e-44,9959.330658090676,0.9964229611558577,3.730587346216763e-22
1230900,0.0,1.3138310476401006e-44,9959.330658090683,0.9964229611558576,3.7291399247418754e-22
1230960,0.0,1.313318977816863e-44,9959.330658090688,0.9964229611558576,3.727692503266988e-22
1231020,0.0,1.312806907993625e-44,9959.330658090694,0.9964229611558575,3.7262450817921e-22
1231080,0.0,1.312294838170387e-44,9959.3306580907,0.9964229611558575,3.7247976603172127e-22
1231140,0.0,1.3117827683471492e-44,9959.330658090705,0.9964229611558574,3.723350238842325e-22
1231200,0.0,1.3112706985239115e-44,9959.330658090712,0.9964229611558573,3.7219028173674374e-22
1231260,0.0,1.3107586287006736e-44,9959.330658090717,0.9964229611558573,3.72045539589255e-22
1231320,0.0,1.3102465588774357e-44,9959.330658090723,0.9964229611558572,3.719007974417662e-22
1231380,0.0,1.309734489054198e-44,9959.330658090728,0.9964229611558572,3.7175605529427748e-22
1231440,0.0,1.30922241923096e-44,9959.330658090734,0.996422961155857,3.716113131467887e-22
1231500,0.0,1.308710349407722e-44,9959.330658090741,0.996422961155857,3.7146657099929995e-22
1231560,0.0,1.3081982795844844e-44,9959.330658090747,0.9964229611558569,3.713218288518112e-22
1231620,0.0,1.3076862097612465e-44,9959.330658090752,0.9964229611558569,3.711770867043224e-22
1231680,0.0,1.3071741399380086e-44,9959.330658090757,0.9964229611558568,3.710323445568337e-22
1231740,0.0,1.3066620701147707e-44,9959.330658090765,0.9964229611558567,3.708876024093449e-22
1231800,0.0,1.306150000291533e-44,9959.33065809077,0.9964229611558567,3.7074286026185615e-22
1231860,0.0,1.305637930468295e-44,9959.330658090776,0.9964229611558566,3.705981181143674e-22
1231920,0.0,1.3051258606450571e-44,9959.330658090781,0.9964229611558566,3.7045337596687863e-22
1231980,0.0,1.3046137908218195e-44,9959.330658090787,0.9964229611558565,3.703086338193899e-22
1232040,0.0,1.3041017209985815e-44,9959.330658090794,0.9964229611558565,3.7016389167190105e-22
1232100,0.0,1.3035896511753436e-44,9959.3306580908,0.9964229611558564,3.700191495244123e-22
1232160,0.0,1.3030775813521057e-44,9959.330658090805,0.9964229611558564,3.6987440737692353e-22
1232220,0.0,1.302565511528868e-44,9959.33065809081,0.9964229611558563,3.697296652294348e-22
1232280,0.0,1.30205344170563e-44,9959.330658090816,0.9964229611558562,3.6958492308194605e-22
1232340,0.0,1.3015413718823922e-44,9959.330658090823,0.9964229611558562,3.6944018093445726e-22
1232400,0.0,1.3010293020591545e-44,9959.330658090828,0.996422961155856,3.692954387869685e-22
1232460,0.0,1.3005172322359163e-44,9959.330658090834,0.996422961155856,3.6915069663947973e-22
1232520,0.0,1.3000051624126786e-44,9959.33065809084,0.9964229611558559,3.69005954491991e-22
1232580,0.0,1.299493092589441e-44,9959.330658090847,0.9964229611558559,3.6886121234450225e-22
1232640,0.0,1.2989810227662028e-44,9959.330658090852,0.9964229611558558,3.6871647019701347e-22
1232700,0.0,1.298468952942965e-44,9959.330658090857,0.9964229611558558,3.6857172804952473e-22
1232760,0.0,1.2979568831197272e-44,9959.330658090863,0.9964229611558557,3.6842698590203594e-22
1232820,0.0,1.2974448132964892e-44,9959.330658090868,0.9964229611558557,3.682822437545472e-22
1232880,0.0,1.2969327434732516e-44,9959.330658090876,0.9964229611558556,3.6813750160705846e-22
1232940,0.0,1.2964206736500136e-44,9959.330658090881,0.9964229611558555,3.6799275945956967e-22
1233000,0.0,1.2959086038267757e-44,9959.330658090887,0.9964229611558555,3.6784801731208093e-22
1233060,0.0,1.2953965340035378e-44,9959.330658090892,0.9964229611558554,3.6770327516459215e-22
1233120,0.0,1.2948844641803e-44,9959.3306580909,0.9964229611558554,3.675585330171034e-22
1233180,0.0,1.2943723943570622e-44,9959.330658090905,0.9964229611558553,3.674137908696146e-22
1233240,0.0,1.2938603245338243e-44,9959.33065809091,0.9964229611558553,3.672690487221259e-22
1233300,0.0,1.2933482547105866e-44,9959.330658090916,0.9964229611558552,3.6712430657463714e-22
1233360,0.0,1.2928361848873487e-44,9959.330658090921,0.9964229611558552,3.6697956442714835e-22
1233420,0.0,1.2923241150641107e-44,9959.330658090928,0.996422961155855,3.668348222796596e-22
1233480,0.0,1.2918120452408728e-44,9959.330658090934,0.9964229611558549,3.6669008013217082e-22
1233540,0.0,1.291299975417635e-44,9959.33065809094,0.9964229611558549,3.665453379846821e-22
1233600,0.0,1.2907879055943972e-44,9959.330658090945,0.9964229611558548,3.6640059583719335e-22
1233660,0.0,1.2902758357711593e-44,9959.33065809095,0.9964229611558548,3.6625585368970456e-22
1233720,0.0,1.2897637659479216e-44,9959.330658090958,0.9964229611558547,3.661111115422158e-22
1233780,0.0,1.2892516961246834e-44,9959.330658090963,0.9964229611558547,3.6596636939472703e-22
1233840,0.0,1.2887396263014457e-44,9959.330658090968,0.9964229611558546,3.658216272472383e-22
1233900,0.0,1.288227556478208e-44,9959.330658090974,0.9964229611558546,3.6567688509974955e-22
1233960,0.0,1.28771548665497e-44,9959.330658090981,0.9964229611558545,3.6553214295226076e-22
1234020,0.0,1.2872034168317322e-44,9959.330658090987,0.9964229611558545,3.6538740080477202e-22
1234080,0.0,1.2866913470084943e-44,9959.330658090992,0.9964229611558544,3.6524265865728324e-22
1234140,0.0,1.2861792771852564e-44,9959.330658090998,0.9964229611558543,3.650979165097945e-22
1234200,0.0,1.2856672073620184e-44,9959.330658091003,0.9964229611558543,3.6495317436230566e-22
1234260,0.0,1.2851551375387808e-44,9959.33065809101,0.9964229611558542,3.6480843221481697e-22
1234320,0.0,1.284643067715543e-44,9959.330658091016,0.9964229611558542,3.6466369006732823e-22
1234380,0.0,1.284130997892305e-44,9959.330658091021,0.996422961155854,3.645189479198394e-22
1234440,0.0,1.2836189280690672e-44,9959.330658091027,0.996422961155854,3.643742057723507e-22
1234500,0.0,1.2831068582458293e-44,9959.330658091032,0.9964229611558539,3.6422946362486187e-22
1234560,0.0,1.2825947884225914e-44,9959.33065809104,0.9964229611558539,3.6408472147737313e-22
1234620,0.0,1.2820827185993537e-44,9959.330658091045,0.9964229611558538,3.639399793298844e-22
1234680,0.0,1.2815706487761158e-44,9959.33065809105,0.9964229611558537,3.637952371823956e-22
1234740,0.0,1.2810585789528778e-44,9959.330658091056,0.9964229611558537,3.6365049503490686e-22
1234800,0.0,1.28054650912964e-44,9959.330658091063,0.9964229611558536,3.6350575288741808e-22
1234860,0.0,1.2800344393064022e-44,9959.330658091068,0.9964229611558536,3.6336101073992934e-22
1234920,0.0,1.2795223694831643e-44,9959.330658091074,0.9964229611558535,3.6321626859244055e-22
1234980,0.0,1.2790102996599264e-44,9959.33065809108,0.9964229611558535,3.630715264449518e-22
1235040,0.0,1.2784982298366887e-44,9959.330658091085,0.9964229611558534,3.6292678429746307e-22
1235100,0.0,1.2779861600134508e-44,9959.330658091092,0.9964229611558534,3.627820421499743e-22
1235160,0.0,1.2774740901902129e-44,9959.330658091098,0.9964229611558533,3.6263730000248554e-22
1235220,0.0,1.276962020366975e-44,9959.330658091103,0.9964229611558533,3.6249255785499676e-22
1235280,0.0,1.2764499505437373e-44,9959.330658091108,0.9964229611558532,3.62347815707508e-22
1235340,0.0,1.2759378807204993e-44,9959.330658091114,0.996422961155853,3.6220307356001928e-22
1235400,0.0,1.2754258108972614e-44,9959.330658091121,0.996422961155853,3.620583314125305e-22
1235460,0.0,1.2749137410740237e-44,9959.330658091127,0.9964229611558529,3.6191358926504175e-22
1235520,0.0,1.2744016712507855e-44,9959.330658091132,0.9964229611558529,3.6176884711755296e-22
1235580,0.0,1.2738896014275479e-44,9959.330658091138,0.9964229611558528,3.616241049700642e-22
1235640,0.0,1.2733775316043102e-44,9959.330658091145,0.9964229611558528,3.614793628225755e-22
1235700,0.0,1.272865461781072e-44,9959.33065809115,0.9964229611558527,3.613346206750867e-22
1235760,0.0,1.2723533919578343e-44,9959.330658091156,0.9964229611558527,3.6118987852759795e-22
1235820,0.0,1.2718413221345964e-44,9959.330658091161,0.9964229611558526,3.6104513638010917e-22
1235880,0.0,1.2713292523113585e-44,9959.330658091167,0.9964229611558525,3.6090039423262043e-22
1235940,0.0,1.2708171824881206e-44,9959.330658091174,0.9964229611558525,3.6075565208513164e-22
1236000,0.0,1.270305112664883e-44,9959.33065809118,0.9964229611558524,3.606109099376429e-22
1236060,0.0,1.269793042841645e-44,9959.330658091185,0.9964229611558524,3.6046616779015416e-22
1236120,0.0,1.269280973018407e-44,9959.33065809119,0.9964229611558523,3.6032142564266537e-22
1236180,0.0,1.2687689031951694e-44,9959.330658091198,0.9964229611558523,3.6017668349517663e-22
1236240,0.0,1.2682568333719314e-44,9959.330658091203,0.9964229611558522,3.6003194134768785e-22
1236300,0.0,1.2677447635486935e-44,9959.330658091209,0.9964229611558522,3.598871992001991e-22
1236360,0.0,1.2672326937254558e-44,9959.330658091214,0.996422961155852,3.5974245705271037e-22
1236420,0.0,1.266720623902218e-44,9959.33065809122,0.996422961155852,3.595977149052216e-22
1236480,0.0,1.26620855407898e-44,9959.330658091227,0.9964229611558519,3.5945297275773284e-22
1236540,0.0,1.265696484255742e-44,9959.330658091232,0.9964229611558518,3.59308230610244e-22
1236600,0.0,1.2651844144325044e-44,9959.330658091238,0.9964229611558518,3.591634884627553e-22
1236660,0.0,1.2646723446092664e-44,9959.330658091243,0.9964229611558517,3.5901874631526657e-22
1236720,0.0,1.2641602747860285e-44,9959.330658091249,0.9964229611558517,3.5887400416777774e-22
1236780,0.0,1.2636482049627908e-44,9959.330658091256,0.9964229611558516,3.5872926202028905e-22
1236840,0.0,1.2631361351395527e-44,9959.330658091261,0.9964229611558516,3.585845198728002e-22
1236900,0.0,1.262624065316315e-44,9959.330658091267,0.9964229611558515,3.5843977772531147e-22
1236960,0.0,1.262111995493077e-44,9959.330658091272,0.9964229611558515,3.582950355778227e-22
1237020,0.0,1.2615999256698391e-44,9959.33065809128,0.9964229611558514,3.5815029343033395e-22
1237080,0.0,1.2610878558466015e-44,9959.330658091285,0.9964229611558513,3.580055512828452e-22
1237140,0.0,1.2605757860233635e-44,9959.33065809129,0.9964229611558513,3.578608091353564e-22
1237200,0.0,1.2600637162001256e-44,9959.330658091296,0.9964229611558512,3.577160669878677e-22
1237260,0.0,1.2595516463768877e-44,9959.330658091301,0.9964229611558512,3.575713248403789e-22
1237320,0.0,1.25903957655365e-44,9959.330658091309,0.996422961155851,3.5742658269289015e-22
1237380,0.0,1.2585275067304123e-44,9959.330658091314,0.996422961155851,3.572818405454014e-22
1237440,0.0,1.2580154369071741e-44,9959.33065809132,0.9964229611558509,3.5713709839791262e-22
1237500,0.0,1.2575033670839365e-44,9959.330658091325,0.9964229611558509,3.569923562504239e-22
1237560,0.0,1.2569912972606985e-44,9959.33065809133,0.9964229611558508,3.568476141029351e-22
1237620,0.0,1.2564792274374606e-44,9959.330658091338,0.9964229611558507,3.5670287195544636e-22
1237680,0.0,1.255967157614223e-44,9959.330658091343,0.9964229611558507,3.565581298079576e-22
1237740,0.0,1.255455087790985e-44,9959.330658091349,0.9964229611558506,3.5641338766046883e-22
1237800,0.0,1.254943017967747e-44,9959.330658091354,0.9964229611558506,3.562686455129801e-22
1237860,0.0,1.2544309481445092e-44,9959.330658091361,0.9964229611558505,3.561239033654913e-22
1237920,0.0,1.2539188783212715e-44,9959.330658091367,0.9964229611558505,3.5597916121800256e-22
1237980,0.0,1.2534068084980336e-44,9959.330658091372,0.9964229611558504,3.558344190705138e-22
1238040,0.0,1.2528947386747956e-44,9959.330658091378,0.9964229611558504,3.5568967692302504e-22
1238100,0.0,1.252382668851558e-44,9959.330658091383,0.9964229611558503,3.555449347755363e-22
1238160,0.0,1.25187059902832e-44,9959.33065809139,0.9964229611558503,3.554001926280475e-22
1238220,0.0,1.251358529205082e-44,9959.330658091396,0.9964229611558502,3.5525545048055877e-22
1238280,0.0,1.2508464593818442e-44,9959.330658091401,0.99642296115585,3.5511070833307e-22
1238340,0.0,1.2503343895586065e-44,9959.330658091407,0.99642296115585,3.5496596618558124e-22
1238400,0.0,1.2498223197353686e-44,9959.330658091412,0.9964229611558499,3.548212240380925e-22
1238460,0.0,1.2493102499121306e-44,9959.33065809142,0.9964229611558499,3.546764818906037e-22
1238520,0.0,1.248798180088893e-44,9959.330658091425,0.9964229611558498,3.5453173974311498e-22
1238580,0.0,1.2482861102656548e-44,9959.33065809143,0.9964229611558498,3.543869975956262e-22
1238640,0.0,1.247774040442417e-44,9959.330658091436,0.9964229611558497,3.5424225544813745e-22
1238700,0.0,1.2472619706191794e-44,9959.330658091443,0.9964229611558497,3.540975133006487e-22
1238760,0.0,1.2467499007959413e-44,9959.330658091449,0.9964229611558496,3.539527711531599e-22
1238820,0.0,1.2462378309727036e-44,9959.330658091454,0.9964229611558495,3.538080290056712e-22
1238880,0.0,1.2457257611494657e-44,9959.33065809146,0.9964229611558495,3.5366328685818235e-22
1238940,0.0,1.2452136913262277e-44,9959.330658091465,0.9964229611558494,3.5351854471069366e-22
1239000,0.0,1.2447016215029898e-44,9959.330658091472,0.9964229611558494,3.533738025632048e-22
1239060,0.0,1.2441895516797521e-44,9959.330658091478,0.9964229611558493,3.532290604157161e-22
1239120,0.0,1.2436774818565142e-44,9959.330658091483,0.9964229611558493,3.530843182682274e-22
1239180,0.0,1.2431654120332763e-44,9959.330658091489,0.9964229611558492,3.5293957612073855e-22
1239240,0.0,1.2426533422100386e-44,9959.330658091496,0.9964229611558492,3.527948339732498e-22
1239300,0.0,1.2421412723868007e-44,9959.330658091501,0.996422961155849,3.5265009182576103e-22
1239360,0.0,1.2416292025635627e-44,9959.330658091507,0.996422961155849,3.525053496782723e-22
1239420,0.0,1.241117132740325e-44,9959.330658091512,0.9964229611558489,3.5236060753078355e-22
1239480,0.0,1.2406050629170871e-44,9959.330658091518,0.9964229611558488,3.5221586538329476e-22
1239540,0.0,1.2400929930938492e-44,9959.330658091525,0.9964229611558488,3.52071123235806e-22
1239600,0.0,1.2395809232706113e-44,9959.33065809153,0.9964229611558487,3.5192638108831723e-22
1239660,0.0,1.2390688534473736e-44,9959.330658091536,0.9964229611558487,3.517816389408285e-22
1239720,0.0,1.2385567836241357e-44,9959.330658091541,0.9964229611558486,3.5163689679333975e-22
1239780,0.0,1.2380447138008978e-44,9959.330658091547,0.9964229611558486,3.5149215464585097e-22
1239840,0.0,1.23753264397766e-44,9959.330658091554,0.9964229611558485,3.5134741249836223e-22
1239900,0.0,1.237020574154422e-44,9959.33065809156,0.9964229611558485,3.5120267035087344e-22
1239960,0.0,1.2365085043311842e-44,9959.330658091565,0.9964229611558484,3.510579282033847e-22
1240020,0.0,1.2359964345079463e-44,9959.33065809157,0.9964229611558483,3.509131860558959e-22
1240080,0.0,1.2354843646847084e-44,9959.330658091578,0.9964229611558483,3.5076844390840717e-22
1240140,0.0,1.2349722948614707e-44,9959.330658091583,0.9964229611558482,3.5062370176091843e-22
1240200,0.0,1.2344602250382328e-44,9959.330658091589,0.9964229611558482,3.5047895961342965e-22
1240260,0.0,1.233948155214995e-44,9959.330658091594,0.996422961155848,3.503342174659409e-22
1240320,0.0,1.233436085391757e-44,9959.3306580916,0.996422961155848,3.501894753184521e-22
1240380,0.0,1.2329240155685192e-44,9959.330658091607,0.9964229611558479,3.500447331709634e-22
1240440,0.0,1.2324119457452816e-44,9959.330658091612,0.9964229611558479,3.4989999102347464e-22
1240500,0.0,1.2318998759220434e-44,9959.330658091618,0.9964229611558478,3.4975524887598585e-22
1240560,0.0,1.2313878060988057e-44,9959.330658091623,0.9964229611558478,3.496105067284971e-22
1240620,0.0,1.2308757362755678e-44,9959.330658091629,0.9964229611558477,3.4946576458100833e-22
1240680,0.0,1.2303636664523299e-44,9959.330658091636,0.9964229611558476,3.493210224335196e-22
1240740,0.0,1.2298515966290922e-44,9959.330658091641,0.9964229611558476,3.4917628028603085e-22
1240800,0.0,1.2293395268058543e-44,9959.330658091647,0.9964229611558475,3.4903153813854206e-22
1240860,0.0,1.2288274569826163e-44,9959.330658091652,0.9964229611558475,3.488867959910533e-22
1240920,0.0,1.2283153871593784e-44,9959.33065809166,0.9964229611558474,3.4874205384356453e-22
1240980,0.0,1.2278033173361407e-44,9959.330658091665,0.9964229611558474,3.485973116960758e-22
1241040,0.0,1.2272912475129028e-44,9959.33065809167,0.9964229611558473,3.4845256954858696e-22
1241100,0.0,1.226779177689665e-44,9959.330658091676,0.9964229611558473,3.4830782740109827e-22
1241160,0.0,1.2262671078664272e-44,9959.330658091681,0.9964229611558472,3.4816308525360953e-22
1241220,0.0,1.2257550380431893e-44,9959.330658091689,0.996422961155847,3.480183431061207e-22
1241280,0.0,1.2252429682199514e-44,9959.330658091694,0.996422961155847,3.47873600958632e-22
1241340,0.0,1.2247308983967134e-44,9959.3306580917,0.9964229611558469,3.4772885881114316e-22
1241400,0.0,1.2242188285734757e-44,9959.330658091705,0.9964229611558469,3.4758411666365442e-22
1241460,0.0,1.2237067587502378e-44,9959.33065809171,0.9964229611558468,3.4743937451616573e-22
1241520,0.0,1.223194688927e-44,9959.330658091718,0.9964229611558468,3.472946323686769e-22
1241580,0.0,1.2226826191037622e-44,9959.330658091723,0.9964229611558467,3.4714989022118816e-22
1241640,0.0,1.222170549280524e-44,9959.330658091729,0.9964229611558467,3.4700514807369937e-22
1241700,0.0,1.2216584794572864e-44,9959.330658091734,0.9964229611558466,3.4686040592621063e-22
1241760,0.0,1.2211464096340487e-44,9959.330658091741,0.9964229611558466,3.467156637787219e-22
1241820,0.0,1.2206343398108105e-44,9959.330658091747,0.9964229611558465,3.465709216312331e-22
1241880,0.0,1.2201222699875728e-44,9959.330658091752,0.9964229611558464,3.4642617948374436e-22
1241940,0.0,1.219610200164335e-44,9959.330658091758,0.9964229611558464,3.462814373362556e-22
1242000,0.0,1.219098130341097e-44,9959.330658091763,0.9964229611558463,3.4613669518876684e-22
1242060,0.0,1.218586060517859e-44,9959.33065809177,0.9964229611558463,3.4599195304127805e-22
1242120,0.0,1.2180739906946214e-44,9959.330658091776,0.9964229611558462,3.458472108937893e-22
1242180,0.0,1.2175619208713835e-44,9959.330658091782,0.9964229611558462,3.4570246874630057e-22
1242240,0.0,1.2170498510481455e-44,9959.330658091787,0.996422961155846,3.455577265988118e-22
1242300,0.0,1.2165377812249079e-44,9959.330658091794,0.996422961155846,3.4541298445132304e-22
1242360,0.0,1.21602571140167e-44,9959.3306580918,0.9964229611558459,3.4526824230383426e-22
1242420,0.0,1.215513641578432e-44,9959.330658091805,0.9964229611558458,3.451235001563455e-22
1242480,0.0,1.2150015717551943e-44,9959.33065809181,0.9964229611558458,3.4497875800885678e-22
1242540,0.0,1.2144895019319564e-44,9959.330658091816,0.9964229611558457,3.44834015861368e-22
1242600,0.0,1.2139774321087185e-44,9959.330658091823,0.9964229611558457,3.4468927371387925e-22
1242660,0.0,1.2134653622854805e-44,9959.330658091829,0.9964229611558456,3.4454453156639046e-22
1242720,0.0,1.2129532924622429e-44,9959.330658091834,0.9964229611558456,3.443997894189017e-22
1242780,0.0,1.212441222639005e-44,9959.33065809184,0.9964229611558455,3.44255047271413e-22
1242840,0.0,1.211929152815767e-44,9959.330658091845,0.9964229611558455,3.441103051239242e-22
1242900,0.0,1.2114170829925293e-44,9959.330658091852,0.9964229611558454,3.4396556297643546e-22
1242960,0.0,1.2109050131692912e-44,9959.330658091858,0.9964229611558453,3.4382082082894667e-22
1243020,0.0,1.2103929433460535e-44,9959.330658091863,0.9964229611558453,3.4367607868145793e-22
1243080,0.0,1.2098808735228156e-44,9959.330658091869,0.9964229611558452,3.4353133653396914e-22
1243140,0.0,1.2093688036995776e-44,9959.330658091876,0.9964229611558452,3.433865943864804e-22
1243200,0.0,1.20885673387634e-44,9959.330658091882,0.996422961155845,3.4324185223899166e-22
1243260,0.0,1.208344664053102e-44,9959.330658091887,0.996422961155845,3.4309711009150287e-22
1243320,0.0,1.2078325942298643e-44,9959.330658091892,0.9964229611558449,3.4295236794401413e-22
1243380,0.0,1.2073205244066262e-44,9959.330658091898,0.9964229611558449,3.428076257965253e-22
1243440,0.0,1.2068084545833885e-44,9959.330658091905,0.9964229611558448,3.426628836490366e-22
1243500,0.0,1.2062963847601508e-44,9959.33065809191,0.9964229611558448,3.4251814150154787e-22
1243560,0.0,1.2057843149369126e-44,9959.330658091916,0.9964229611558447,3.4237339935405903e-22
1243620,0.0,1.205272245113675e-44,9959.330658091922,0.9964229611558446,3.4222865720657034e-22
1243680,0.0,1.204760175290437e-44,9959.330658091927,0.9964229611558446,3.420839150590815e-22
1243740,0.0,1.204248105467199e-44,9959.330658091934,0.9964229611558445,3.4193917291159277e-22
1243800,0.0,1.2037360356439614e-44,9959.33065809194,0.9964229611558445,3.4179443076410407e-22
1243860,0.0,1.2032239658207235e-44,9959.330658091945,0.9964229611558444,3.4164968861661524e-22
1243920,0.0,1.2027118959974856e-44,9959.33065809195,0.9964229611558444,3.415049464691265e-22
1243980,0.0,1.2021998261742477e-44,9959.330658091958,0.9964229611558443,3.413602043216377e-22
1244040,0.0,1.20168775635101e-44,9959.330658091963,0.9964229611558443,3.4121546217414897e-22
1244100,0.0,1.201175686527772e-44,9959.330658091969,0.9964229611558442,3.410707200266602e-22
1244160,0.0,1.2006636167045341e-44,9959.330658091974,0.9964229611558441,3.4092597787917145e-22
1244220,0.0,1.2001515468812965e-44,9959.33065809198,0.9964229611558441,3.407812357316827e-22
1244280,0.0,1.1996394770580585e-44,9959.330658091987,0.996422961155844,3.406364935841939e-22
1244340,0.0,1.1991274072348206e-44,9959.330658091993,0.996422961155844,3.404917514367052e-22
1244400,0.0,1.1986153374115827e-44,9959.330658091998,0.9964229611558438,3.403470092892164e-22
1244460,0.0,1.198103267588345e-44,9959.330658092003,0.9964229611558438,3.4020226714172765e-22
1244520,0.0,1.197591197765107e-44,9959.330658092009,0.9964229611558437,3.400575249942389e-22
1244580,0.0,1.1970791279418691e-44,9959.330658092016,0.9964229611558437,3.3991278284675013e-22
1244640,0.0,1.1965670581186315e-44,9959.330658092022,0.9964229611558436,3.397680406992614e-22
1244700,0.0,1.1960549882953933e-44,9959.330658092027,0.9964229611558436,3.396232985517726e-22
1244760,0.0,1.1955429184721556e-44,9959.330658092033,0.9964229611558435,3.3947855640428386e-22
1244820,0.0,1.195030848648918e-44,9959.33065809204,0.9964229611558434,3.393338142567951e-22
1244880,0.0,1.1945187788256798e-44,9959.330658092045,0.9964229611558434,3.3918907210930633e-22
1244940,0.0,1.194006709002442e-44,9959.33065809205,0.9964229611558433,3.390443299618176e-22
1245000,0.0,1.1934946391792042e-44,9959.330658092056,0.9964229611558433,3.388995878143288e-22
1245060,0.0,1.1929825693559662e-44,9959.330658092062,0.9964229611558432,3.3875484566684006e-22
1245120,0.0,1.1924704995327283e-44,9959.330658092069,0.9964229611558432,3.386101035193513e-22
1245180,0.0,1.1919584297094906e-44,9959.330658092074,0.9964229611558431,3.3846536137186254e-22
1245240,0.0,1.1914463598862527e-44,9959.33065809208,0.9964229611558431,3.383206192243738e-22
1245300,0.0,1.1909342900630148e-44,9959.330658092085,0.996422961155843,3.38175877076885e-22
1245360,0.0,1.190422220239777e-44,9959.330658092093,0.9964229611558428,3.3803113492939627e-22
1245420,0.0,1.1899101504165392e-44,9959.330658092098,0.9964229611558428,3.378863927819075e-22
1245480,0.0,1.1893980805933012e-44,9959.330658092103,0.9964229611558427,3.3774165063441874e-22
1245540,0.0,1.1888860107700636e-44,9959.330658092109,0.9964229611558427,3.3759690848693e-22
1245600,0.0,1.1883739409468256e-44,9959.330658092114,0.9964229611558426,3.374521663394412e-22
1245660,0.0,1.1878618711235877e-44,9959.330658092122,0.9964229611558426,3.373074241919525e-22
1245720,0.0,1.1873498013003498e-44,9959.330658092127,0.9964229611558425,3.3716268204446364e-22
1245780,0.0,1.186837731477112e-44,9959.330658092133,0.9964229611558425,3.3701793989697495e-22
1245840,0.0,1.1863256616538742e-44,9959.330658092138,0.9964229611558424,3.368731977494862e-22
1245900,0.0,1.1858135918306363e-44,9959.330658092143,0.9964229611558424,3.3672845560199738e-22
1245960,0.0,1.1853015220073986e-44,9959.33065809215,0.9964229611558423,3.365837134545087e-22
1246020,0.0,1.1847894521841604e-44,9959.330658092156,0.9964229611558422,3.3643897130701985e-22
1246080,0.0,1.1842773823609227e-44,9959.330658092162,0.9964229611558422,3.362942291595311e-22
1246140,0.0,1.1837653125376848e-44,9959.330658092167,0.9964229611558421,3.361494870120423e-22
1246200,0.0,1.1832532427144471e-44,9959.330658092174,0.9964229611558421,3.360047448645536e-22
1246260,0.0,1.1827411728912092e-44,9959.33065809218,0.996422961155842,3.3586000271706484e-22
1246320,0.0,1.1822291030679713e-44,9959.330658092185,0.996422961155842,3.3571526056957606e-22
1246380,0.0,1.1817170332447336e-44,9959.33065809219,0.9964229611558418,3.355705184220873e-22
1246440,0.0,1.1812049634214954e-44,9959.330658092196,0.9964229611558418,3.3542577627459853e-22
1246500,0.0,1.1806928935982577e-44,9959.330658092204,0.9964229611558417,3.352810341271098e-22
1246560,0.0,1.18018082377502e-44,9959.330658092209,0.9964229611558416,3.3513629197962105e-22
1246620,0.0,1.179668753951782e-44,9959.330658092214,0.9964229611558416,3.3499154983213226e-22
1246680,0.0,1.1791566841285442e-44,9959.33065809222,0.9964229611558415,3.348468076846435e-22
1246740,0.0,1.1786446143053063e-44,9959.330658092225,0.9964229611558415,3.3470206553715473e-22
1246800,0.0,1.1781325444820684e-44,9959.330658092233,0.9964229611558414,3.34557323389666e-22
1246860,0.0,1.1776204746588304e-44,9959.330658092238,0.9964229611558414,3.344125812421772e-22
1246920,0.0,1.1771084048355928e-44,9959.330658092244,0.9964229611558413,3.3426783909468847e-22
1246980,0.0,1.1765963350123548e-44,9959.330658092249,0.9964229611558413,3.3412309694719973e-22
1247040,0.0,1.176084265189117e-44,9959.330658092256,0.9964229611558412,3.3397835479971094e-22
1247100,0.0,1.1755721953658792e-44,9959.330658092262,0.9964229611558412,3.338336126522222e-22
1247160,0.0,1.1750601255426413e-44,9959.330658092267,0.9964229611558411,3.336888705047334e-22
1247220,0.0,1.1745480557194034e-44,9959.330658092273,0.996422961155841,3.3354412835724467e-22
1247280,0.0,1.1740359858961657e-44,9959.330658092278,0.996422961155841,3.3339938620975593e-22
1247340,0.0,1.1735239160729278e-44,9959.330658092285,0.9964229611558408,3.3325464406226715e-22
1247400,0.0,1.1730118462496898e-44,9959.33065809229,0.9964229611558408,3.331099019147784e-22
1247460,0.0,1.172499776426452e-44,9959.330658092296,0.9964229611558407,3.329651597672896e-22
1247520,0.0,1.1719877066032142e-44,9959.330658092302,0.9964229611558407,3.328204176198009e-22
1247580,0.0,1.1714756367799763e-44,9959.330658092307,0.9964229611558406,3.3267567547231214e-22
1247640,0.0,1.1709635669567384e-44,9959.330658092314,0.9964229611558406,3.3253093332482335e-22
1247700,0.0,1.1704514971335007e-44,9959.33065809232,0.9964229611558405,3.323861911773346e-22
1247760,0.0,1.1699394273102625e-44,9959.330658092325,0.9964229611558404,3.3224144902984583e-22
1247820,0.0,1.1694273574870249e-44,9959.33065809233,0.9964229611558404,3.320967068823571e-22
1247880,0.0,1.168915287663787e-44,9959.330658092338,0.9964229611558403,3.3195196473486825e-22
1247940,0.0,1.168403217840549e-44,9959.330658092344,0.9964229611558403,3.3180722258737956e-22
1248000,0.0,1.1678911480173113e-44,9959.330658092349,0.9964229611558402,3.316624804398908e-22
1248060,0.0,1.1673790781940734e-44,9959.330658092354,0.9964229611558402,3.31517738292402e-22
1248120,0.0,1.1668670083708355e-44,9959.33065809236,0.9964229611558401,3.313729961449133e-22
1248180,0.0,1.1663549385475976e-44,9959.330658092367,0.9964229611558401,3.3122825399742446e-22
1248240,0.0,1.16584286872436e-44,9959.330658092373,0.99642296115584,3.310835118499357e-22
1248300,0.0,1.165330798901122e-44,9959.330658092378,0.9964229611558398,3.3093876970244703e-22
1248360,0.0,1.164818729077884e-44,9959.330658092384,0.9964229611558398,3.307940275549582e-22
1248420,0.0,1.1643066592546463e-44,9959.33065809239,0.9964229611558397,3.3064928540746945e-22
1248480,0.0,1.1637945894314084e-44,9959.330658092396,0.9964229611558397,3.3050454325998066e-22
1248540,0.0,1.1632825196081705e-44,9959.330658092402,0.9964229611558396,3.3035980111249192e-22
1248600,0.0,1.1627704497849328e-44,9959.330658092407,0.9964229611558396,3.302150589650032e-22
1248660,0.0,1.162258379961695e-44,9959.330658092413,0.9964229611558395,3.300703168175144e-22
1248720,0.0,1.161746310138457e-44,9959.33065809242,0.9964229611558395,3.2992557467002566e-22
1248780,0.0,1.161234240315219e-44,9959.330658092425,0.9964229611558394,3.2978083252253687e-22
1248840,0.0,1.1607221704919814e-44,9959.33065809243,0.9964229611558394,3.2963609037504813e-22
1248900,0.0,1.1602101006687432e-44,9959.330658092436,0.9964229611558393,3.2949134822755934e-22
1248960,0.0,1.1596980308455055e-44,9959.330658092442,0.9964229611558392,3.293466060800706e-22
1249020,0.0,1.1591859610222678e-44,9959.330658092449,0.9964229611558392,3.2920186393258186e-22
1249080,0.0,1.1586738911990297e-44,9959.330658092455,0.9964229611558391,3.290571217850931e-22
1249140,0.0,1.158161821375792e-44,9959.33065809246,0.9964229611558391,3.2891237963760434e-22
1249200,0.0,1.157649751552554e-44,9959.330658092465,0.996422961155839,3.2876763749011555e-22
1249260,0.0,1.1571376817293164e-44,9959.330658092473,0.996422961155839,3.286228953426268e-22
1249320,0.0,1.1566256119060784e-44,9959.330658092478,0.9964229611558388,3.2847815319513807e-22
1249380,0.0,1.1561135420828405e-44,9959.330658092484,0.9964229611558388,3.283334110476493e-22
1249440,0.0,1.1556014722596028e-44,9959.33065809249,0.9964229611558387,3.2818866890016054e-22
1249500,0.0,1.1550894024363647e-44,9959.330658092495,0.9964229611558386,3.2804392675267176e-22
1249560,0.0,1.154577332613127e-44,9959.330658092502,0.9964229611558386,3.27899184605183e-22
1249620,0.0,1.1540652627898893e-44,9959.330658092507,0.9964229611558385,3.277544424576943e-22
1249680,0.0,1.1535531929666511e-44,9959.330658092513,0.9964229611558385,3.276097003102055e-22
1249740,0.0,1.1530411231434135e-44,9959.330658092518,0.9964229611558384,3.2746495816271675e-22
1249800,0.0,1.1525290533201755e-44,9959.330658092524,0.9964229611558384,3.2732021601522796e-22
1249860,0.0,1.1520169834969376e-44,9959.330658092531,0.9964229611558383,3.271754738677392e-22
1249920,0.0,1.1515049136736997e-44,9959.330658092536,0.9964229611558383,3.2703073172025044e-22
1249980,0.0,1.150992843850462e-44,9959.330658092542,0.9964229611558382,3.268859895727617e-22
1250040,0.0,1.150480774027224e-44,9959.330658092547,0.9964229611558382,3.2674124742527296e-22
1250100,0.0,1.1499687042039862e-44,9959.330658092555,0.9964229611558381,3.2659650527778417e-22
1250160,0.0,1.1494566343807485e-44,9959.33065809256,0.996422961155838,3.2645176313029543e-22
1250220,0.0,1.1489445645575106e-44,9959.330658092565,0.996422961155838,3.263070209828066e-22
1250280,0.0,1.1484324947342726e-44,9959.330658092571,0.9964229611558378,3.261622788353179e-22
1250340,0.0,1.147920424911035e-44,9959.330658092576,0.9964229611558378,3.2601753668782916e-22
1250400,0.0,1.147408355087797e-44,9959.330658092584,0.9964229611558377,3.2587279454034033e-22
1250460,0.0,1.146896285264559e-44,9959.33065809259,0.9964229611558377,3.2572805239285164e-22
1250520,0.0,1.1463842154413212e-44,9959.330658092595,0.9964229611558376,3.255833102453628e-22
1250580,0.0,1.1458721456180835e-44,9959.3306580926,0.9964229611558376,3.2543856809787406e-22
1250640,0.0,1.1453600757948456e-44,9959.330658092606,0.9964229611558375,3.2529382595038537e-22
1250700,0.0,1.1448480059716076e-44,9959.330658092613,0.9964229611558374,3.2514908380289653e-22
1250760,0.0,1.14433593614837e-44,9959.330658092618,0.9964229611558374,3.250043416554078e-22
1250820,0.0,1.1438238663251318e-44,9959.330658092624,0.9964229611558373,3.24859599507919e-22
1250880,0.0,1.143311796501894e-44,9959.33065809263,0.9964229611558373,3.2471485736043027e-22
1250940,0.0,1.1427997266786562e-44,9959.330658092636,0.9964229611558372,3.245701152129415e-22
1251000,0.0,1.1422876568554183e-44,9959.330658092642,0.9964229611558372,3.2442537306545274e-22
1251060,0.0,1.1417755870321806e-44,9959.330658092647,0.9964229611558371,3.24280630917964e-22
1251120,0.0,1.1412635172089427e-44,9959.330658092653,0.9964229611558371,3.241358887704752e-22
1251180,0.0,1.1407514473857047e-44,9959.330658092658,0.996422961155837,3.2399114662298647e-22
1251240,0.0,1.1402393775624668e-44,9959.330658092666,0.996422961155837,3.238464044754977e-22
1251300,0.0,1.139727307739229e-44,9959.330658092671,0.9964229611558368,3.2370166232800895e-22
1251360,0.0,1.1392152379159912e-44,9959.330658092676,0.9964229611558367,3.235569201805202e-22
1251420,0.0,1.1387031680927533e-44,9959.330658092682,0.9964229611558367,3.234121780330314e-22
1251480,0.0,1.1381910982695156e-44,9959.33065809269,0.9964229611558366,3.232674358855427e-22
1251540,0.0,1.1376790284462777e-44,9959.330658092695,0.9964229611558366,3.231226937380539e-22
1251600,0.0,1.1371669586230397e-44,9959.3306580927,0.9964229611558365,3.2297795159056515e-22
1251660,0.0,1.136654888799802e-44,9959.330658092706,0.9964229611558365,3.228332094430764e-22
1251720,0.0,1.1361428189765641e-44,9959.330658092711,0.9964229611558364,3.2268846729558763e-22
1251780,0.0,1.1356307491533262e-44,9959.330658092718,0.9964229611558364,3.225437251480989e-22
1251840,0.0,1.1351186793300883e-44,9959.330658092724,0.9964229611558363,3.223989830006101e-22
1251900,0.0,1.1346066095068506e-44,9959.33065809273,0.9964229611558362,3.2225424085312136e-22
1251960,0.0,1.1340945396836124e-44,9959.330658092735,0.9964229611558362,3.2210949870563257e-22
1252020,0.0,1.1335824698603748e-44,9959.33065809274,0.9964229611558361,3.2196475655814383e-22
1252080,0.0,1.133070400037137e-44,9959.330658092747,0.9964229611558361,3.218200144106551e-22
1252140,0.0,1.1325583302138992e-44,9959.330658092753,0.996422961155836,3.216752722631663e-22
1252200,0.0,1.1320462603906612e-44,9959.330658092758,0.996422961155836,3.2153053011567757e-22
1252260,0.0,1.1315341905674233e-44,9959.330658092764,0.9964229611558358,3.213857879681888e-22
1252320,0.0,1.1310221207441856e-44,9959.330658092771,0.9964229611558358,3.2124104582070004e-22
1252380,0.0,1.1305100509209477e-44,9959.330658092777,0.9964229611558357,3.210963036732113e-22
1252440,0.0,1.1299979810977098e-44,9959.330658092782,0.9964229611558357,3.209515615257225e-22
1252500,0.0,1.129485911274472e-44,9959.330658092787,0.9964229611558356,3.2080681937823377e-22
1252560,0.0,1.128973841451234e-44,9959.330658092793,0.9964229611558355,3.2066207723074494e-22
1252620,0.0,1.1284617716279962e-44,9959.3306580928,0.9964229611558355,3.2051733508325624e-22
1252680,0.0,1.1279497018047586e-44,9959.330658092806,0.9964229611558354,3.203725929357675e-22
1252740,0.0,1.1274376319815204e-44,9959.330658092811,0.9964229611558354,3.2022785078827867e-22
1252800,0.0,1.1269255621582827e-44,9959.330658092817,0.9964229611558353,3.2008310864079e-22
1252860,0.0,1.1264134923350448e-44,9959.330658092822,0.9964229611558353,3.1993836649330114e-22
1252920,0.0,1.1259014225118069e-44,9959.33065809283,0.9964229611558352,3.197936243458124e-22
1252980,0.0,1.125389352688569e-44,9959.330658092835,0.9964229611558352,3.196488821983236e-22
1253040,0.0,1.1248772828653313e-44,9959.33065809284,0.9964229611558351,3.195041400508349e-22
1253100,0.0,1.1243652130420933e-44,9959.330658092846,0.996422961155835,3.1935939790334614e-22
1253160,0.0,1.1238531432188554e-44,9959.330658092853,0.996422961155835,3.1921465575585735e-22
1253220,0.0,1.1233410733956177e-44,9959.330658092858,0.9964229611558348,3.190699136083686e-22
1253280,0.0,1.1228290035723798e-44,9959.330658092864,0.9964229611558348,3.189251714608798e-22
1253340,0.0,1.1223169337491419e-44,9959.33065809287,0.9964229611558347,3.187804293133911e-22
1253400,0.0,1.1218048639259042e-44,9959.330658092875,0.9964229611558347,3.1863568716590234e-22
1253460,0.0,1.1212927941026663e-44,9959.330658092882,0.9964229611558346,3.1849094501841356e-22
1253520,0.0,1.1207807242794283e-44,9959.330658092887,0.9964229611558346,3.183462028709248e-22
1253580,0.0,1.1202686544561904e-44,9959.330658092893,0.9964229611558345,3.1820146072343603e-22
1253640,0.0,1.1197565846329527e-44,9959.330658092898,0.9964229611558344,3.180567185759473e-22
1253700,0.0,1.1192445148097148e-44,9959.330658092904,0.9964229611558344,3.1791197642845855e-22
1253760,0.0,1.1187324449864769e-44,9959.330658092911,0.9964229611558343,3.1776723428096976e-22
1253820,0.0,1.1182203751632392e-44,9959.330658092917,0.9964229611558343,3.17622492133481e-22
1253880,0.0,1.117708305340001e-44,9959.330658092922,0.9964229611558342,3.1747774998599224e-22
1253940,0.0,1.1171962355167634e-44,9959.330658092927,0.9964229611558342,3.173330078385035e-22
1254000,0.0,1.1166841656935254e-44,9959.330658092935,0.9964229611558341,3.171882656910147e-22
1254060,0.0,1.1161720958702876e-44,9959.33065809294,0.9964229611558341,3.1704352354352597e-22
1254120,0.0,1.1156600260470498e-44,9959.330658092946,0.996422961155834,3.1689878139603723e-22
1254180,0.0,1.1151479562238119e-44,9959.330658092951,0.996422961155834,3.1675403924854844e-22
1254240,0.0,1.1146358864005741e-44,9959.330658092957,0.9964229611558338,3.166092971010597e-22
1254300,0.0,1.114123816577336e-44,9959.330658092964,0.9964229611558337,3.164645549535709e-22
1254360,0.0,1.1136117467540984e-44,9959.33065809297,0.9964229611558337,3.1631981280608217e-22
1254420,0.0,1.1130996769308606e-44,9959.330658092975,0.9964229611558336,3.1617507065859343e-22
1254480,0.0,1.1125876071076226e-44,9959.33065809298,0.9964229611558336,3.1603032851110465e-22
1254540,0.0,1.1120755372843848e-44,9959.330658092988,0.9964229611558335,3.158855863636159e-22
1254600,0.0,1.1115634674611468e-44,9959.330658092993,0.9964229611558335,3.157408442161271e-22
1254660,0.0,1.1110513976379091e-44,9959.330658092998,0.9964229611558334,3.155961020686384e-22
1254720,0.0,1.1105393278146713e-44,9959.330658093004,0.9964229611558334,3.1545135992114964e-22
1254780,0.0,1.1100272579914333e-44,9959.33065809301,0.9964229611558333,3.1530661777366085e-22
1254840,0.0,1.1095151881681956e-44,9959.330658093017,0.9964229611558332,3.151618756261721e-22
1254900,0.0,1.1090031183449575e-44,9959.330658093022,0.9964229611558332,3.150171334786833e-22
1254960,0.0,1.1084910485217197e-44,9959.330658093028,0.9964229611558331,3.148723913311946e-22
1255020,0.0,1.1079789786984818e-44,9959.330658093033,0.9964229611558331,3.1472764918370575e-22
1255080,0.0,1.107466908875244e-44,9959.330658093038,0.996422961155833,3.14582907036217e-22
1255140,0.0,1.1069548390520062e-44,9959.330658093046,0.996422961155833,3.144381648887283e-22
1255200,0.0,1.1064427692287683e-44,9959.330658093051,0.9964229611558328,3.142934227412395e-22
1255260,0.0,1.1059306994055305e-44,9959.330658093057,0.9964229611558328,3.1414868059375075e-22
1255320,0.0,1.1054186295822925e-44,9959.330658093062,0.9964229611558327,3.1400393844626196e-22
1255380,0.0,1.1049065597590547e-44,9959.33065809307,0.9964229611558327,3.138591962987732e-22
1255440,0.0,1.104394489935817e-44,9959.330658093075,0.9964229611558326,3.137144541512845e-22
1255500,0.0,1.103882420112579e-44,9959.33065809308,0.9964229611558325,3.135697120037957e-22
1255560,0.0,1.1033703502893412e-44,9959.330658093086,0.9964229611558325,3.1342496985630695e-22
1255620,0.0,1.1028582804661033e-44,9959.330658093091,0.9964229611558324,3.1328022770881817e-22
1255680,0.0,1.1023462106428655e-44,9959.330658093098,0.9964229611558324,3.1313548556132943e-22
1255740,0.0,1.1018341408196277e-44,9959.330658093104,0.9964229611558323,3.129907434138407e-22
1255800,0.0,1.1013220709963898e-44,9959.33065809311,0.9964229611558323,3.128460012663519e-22
1255860,0.0,1.100810001173152e-44,9959.330658093115,0.9964229611558322,3.1270125911886316e-22
1255920,0.0,1.100297931349914e-44,9959.33065809312,0.9964229611558322,3.1255651697137437e-22
1255980,0.0,1.0997858615266762e-44,9959.330658093128,0.9964229611558321,3.1241177482388563e-22
1256040,0.0,1.0992737917034382e-44,9959.330658093133,0.996422961155832,3.1226703267639684e-22
1256100,0.0,1.0987617218802005e-44,9959.330658093138,0.996422961155832,3.121222905289081e-22
1256160,0.0,1.0982496520569627e-44,9959.330658093144,0.9964229611558318,3.1197754838141936e-22
1256220,0.0,1.0977375822337247e-44,9959.330658093151,0.9964229611558318,3.118328062339306e-22
1256280,0.0,1.097225512410487e-44,9959.330658093157,0.9964229611558317,3.1168806408644184e-22
1256340,0.0,1.0967134425872489e-44,9959.330658093162,0.9964229611558317,3.1154332193895305e-22
1256400,0.0,1.0962013727640111e-44,9959.330658093168,0.9964229611558316,3.113985797914643e-22
1256460,0.0,1.0956893029407734e-44,9959.330658093173,0.9964229611558316,3.1125383764397557e-22
1256520,0.0,1.0951772331175354e-44,9959.33065809318,0.9964229611558315,3.111090954964868e-22
1256580,0.0,1.0946651632942976e-44,9959.330658093186,0.9964229611558315,3.1096435334899804e-22
1256640,0.0,1.0941530934710597e-44,9959.330658093191,0.9964229611558314,3.1081961120150926e-22
1256700,0.0,1.0936410236478219e-44,9959.330658093197,0.9964229611558313,3.106748690540205e-22
1256760,0.0,1.0931289538245842e-44,9959.330658093202,0.9964229611558313,3.105301269065318e-22
1256820,0.0,1.0926168840013461e-44,9959.33065809321,0.9964229611558312,3.10385384759043e-22
1256880,0.0,1.0921048141781083e-44,9959.330658093215,0.9964229611558312,3.1024064261155425e-22
1256940,0.0,1.0915927443548704e-44,9959.33065809322,0.9964229611558311,3.1009590046406546e-22
1257000,0.0,1.0910806745316326e-44,9959.330658093226,0.9964229611558311,3.0995115831657672e-22
1257060,0.0,1.0905686047083947e-44,9959.330658093233,0.996422961155831,3.098064161690879e-22
1257120,0.0,1.0900565348851569e-44,9959.330658093239,0.996422961155831,3.096616740215992e-22
1257180,0.0,1.0895444650619191e-44,9959.330658093244,0.9964229611558308,3.0951693187411046e-22
1257240,0.0,1.0890323952386811e-44,9959.33065809325,0.9964229611558307,3.093721897266216e-22
1257300,0.0,1.0885203254154433e-44,9959.330658093255,0.9964229611558307,3.0922744757913293e-22
1257360,0.0,1.0880082555922054e-44,9959.330658093262,0.9964229611558306,3.090827054316441e-22
1257420,0.0,1.0874961857689676e-44,9959.330658093268,0.9964229611558306,3.0893796328415536e-22
1257480,0.0,1.0869841159457298e-44,9959.330658093273,0.9964229611558305,3.0879322113666666e-22
1257540,0.0,1.0864720461224919e-44,9959.330658093279,0.9964229611558305,3.0864847898917783e-22
1257600,0.0,1.0859599762992541e-44,9959.330658093286,0.9964229611558304,3.085037368416891e-22
1257660,0.0,1.085447906476016e-44,9959.330658093291,0.9964229611558304,3.083589946942003e-22
1257720,0.0,1.0849358366527784e-44,9959.330658093297,0.9964229611558303,3.0821425254671156e-22
1257780,0.0,1.0844237668295406e-44,9959.330658093302,0.9964229611558303,3.080695103992228e-22
1257840,0.0,1.0839116970063025e-44,9959.330658093308,0.9964229611558302,3.0792476825173404e-22
1257900,0.0,1.0833996271830648e-44,9959.330658093315,0.9964229611558301,3.077800261042453e-22
1257960,0.0,1.0828875573598268e-44,9959.33065809332,0.9964229611558301,3.076352839567565e-22
1258020,0.0,1.082375487536589e-44,9959.330658093326,0.99642296115583,3.0749054180926777e-22
1258080,0.0,1.081863417713351e-44,9959.330658093331,0.99642296115583,3.07345799661779e-22
1258140,0.0,1.0813513478901133e-44,9959.330658093337,0.9964229611558298,3.0720105751429024e-22
1258200,0.0,1.0808392780668756e-44,9959.330658093344,0.9964229611558298,3.070563153668015e-22
1258260,0.0,1.0803272082436375e-44,9959.33065809335,0.9964229611558297,3.069115732193127e-22
1258320,0.0,1.0798151384203997e-44,9959.330658093355,0.9964229611558297,3.0676683107182397e-22
1258380,0.0,1.0793030685971618e-44,9959.33065809336,0.9964229611558296,3.066220889243352e-22
1258440,0.0,1.078790998773924e-44,9959.330658093368,0.9964229611558295,3.0647734677684645e-22
1258500,0.0,1.0782789289506862e-44,9959.330658093373,0.9964229611558295,3.063326046293577e-22
1258560,0.0,1.0777668591274483e-44,9959.330658093379,0.9964229611558294,3.061878624818689e-22
1258620,0.0,1.0772547893042105e-44,9959.330658093384,0.9964229611558294,3.060431203343802e-22
1258680,0.0,1.0767427194809725e-44,9959.33065809339,0.9964229611558293,3.058983781868914e-22
1258740,0.0,1.0762306496577347e-44,9959.330658093397,0.9964229611558293,3.0575363603940265e-22
1258800,0.0,1.0757185798344968e-44,9959.330658093402,0.9964229611558292,3.0560889389191387e-22
1258860,0.0,1.075206510011259e-44,9959.330658093408,0.9964229611558292,3.0546415174442513e-22
1258920,0.0,1.0746944401880212e-44,9959.330658093413,0.9964229611558291,3.053194095969364e-22
1258980,0.0,1.0741823703647833e-44,9959.330658093419,0.996422961155829,3.051746674494476e-22
1259040,0.0,1.0736703005415455e-44,9959.330658093426,0.996422961155829,3.0502992530195886e-22
1259100,0.0,1.0731582307183074e-44,9959.330658093431,0.9964229611558288,3.0488518315447007e-22
1259160,0.0,1.0726461608950698e-44,9959.330658093437,0.9964229611558288,3.0474044100698133e-22
1259220,0.0,1.072134091071832e-44,9959.330658093442,0.9964229611558287,3.045956988594926e-22
1259280,0.0,1.0716220212485939e-44,9959.33065809345,0.9964229611558287,3.044509567120038e-22
1259340,0.0,1.0711099514253562e-44,9959.330658093455,0.9964229611558286,3.0430621456451507e-22
1259400,0.0,1.0705978816021182e-44,9959.33065809346,0.9964229611558286,3.041614724170263e-22
1259460,0.0,1.0700858117788804e-44,9959.330658093466,0.9964229611558285,3.0401673026953754e-22
1259520,0.0,1.0695737419556427e-44,9959.330658093471,0.9964229611558285,3.038719881220488e-22
1259580,0.0,1.0690616721324046e-44,9959.330658093479,0.9964229611558284,3.0372724597455997e-22
1259640,0.0,1.0685496023091668e-44,9959.330658093484,0.9964229611558283,3.0358250382707127e-22
1259700,0.0,1.0680375324859289e-44,9959.33065809349,0.9964229611558283,3.0343776167958244e-22
1259760,0.0,1.0675254626626911e-44,9959.330658093495,0.9964229611558282,3.032930195320937e-22
1259820,0.0,1.0670133928394532e-44,9959.3306580935,0.9964229611558282,3.031482773846049e-22
1259880,0.0,1.0665013230162154e-44,9959.330658093508,0.9964229611558281,3.0300353523711617e-22
1259940,0.0,1.0659892531929776e-44,9959.330658093513,0.9964229611558281,3.0285879308962743e-22
1260000,0.0,1.0654771833697397e-44,9959.330658093519,0.996422961155828,3.0271405094213864e-22
1260060,0.0,1.0649651135465019e-44,9959.330658093524,0.996422961155828,3.025693087946499e-22
1260120,0.0,1.0644530437232639e-44,9959.330658093531,0.9964229611558278,3.024245666471611e-22
1260180,0.0,1.0639409739000261e-44,9959.330658093537,0.9964229611558277,3.022798244996724e-22
1260240,0.0,1.0634289040767883e-44,9959.330658093542,0.9964229611558277,3.0213508235218364e-22
1260300,0.0,1.0629168342535504e-44,9959.330658093548,0.9964229611558276,3.0199034020469485e-22
1260360,0.0,1.0624047644303126e-44,9959.330658093553,0.9964229611558276,3.018455980572061e-22
1260420,0.0,1.0618926946070747e-44,9959.33065809356,0.9964229611558275,3.0170085590971732e-22
1260480,0.0,1.0613806247838369e-44,9959.330658093566,0.9964229611558275,3.015561137622286e-22
1260540,0.0,1.0608685549605991e-44,9959.330658093571,0.9964229611558274,3.0141137161473984e-22
1260600,0.0,1.0603564851373611e-44,9959.330658093577,0.9964229611558274,3.0126662946725106e-22
1260660,0.0,1.0598444153141233e-44,9959.330658093584,0.9964229611558273,3.011218873197623e-22
1260720,0.0,1.0593323454908853e-44,9959.33065809359,0.9964229611558273,3.0097714517227353e-22
1260780,0.0,1.0588202756676476e-44,9959.330658093595,0.9964229611558272,3.008324030247848e-22
1260840,0.0,1.0583082058444096e-44,9959.3306580936,0.9964229611558271,3.00687660877296e-22
1260900,0.0,1.0577961360211718e-44,9959.330658093606,0.9964229611558271,3.0054291872980726e-22
1260960,0.0,1.0572840661979341e-44,9959.330658093613,0.996422961155827,3.003981765823185e-22
1261020,0.0,1.056771996374696e-44,9959.330658093619,0.996422961155827,3.0025343443482974e-22
1261080,0.0,1.0562599265514582e-44,9959.330658093624,0.9964229611558268,3.00108692287341e-22
1261140,0.0,1.0557478567282203e-44,9959.33065809363,0.9964229611558268,2.999639501398522e-22
1261200,0.0,1.0552357869049825e-44,9959.330658093635,0.9964229611558267,2.9981920799236347e-22
1261260,0.0,1.0547237170817448e-44,9959.330658093642,0.9964229611558267,2.9967446584487473e-22
1261320,0.0,1.0542116472585068e-44,9959.330658093648,0.9964229611558266,2.9952972369738594e-22
1261380,0.0,1.053699577435269e-44,9959.330658093653,0.9964229611558265,2.993849815498972e-22
1261440,0.0,1.053187507612031e-44,9959.330658093659,0.9964229611558265,2.992402394024084e-22
1261500,0.0,1.0526754377887932e-44,9959.330658093666,0.9964229611558264,2.9909549725491968e-22
1261560,0.0,1.0521633679655554e-44,9959.330658093671,0.9964229611558264,2.9895075510743094e-22
1261620,0.0,1.0516512981423175e-44,9959.330658093677,0.9964229611558263,2.9880601295994215e-22
1261680,0.0,1.0511392283190797e-44,9959.330658093682,0.9964229611558263,2.986612708124534e-22
1261740,0.0,1.0506271584958418e-44,9959.330658093688,0.9964229611558262,2.985165286649646e-22
1261800,0.0,1.050115088672604e-44,9959.330658093695,0.9964229611558262,2.983717865174759e-22
1261860,0.0,1.049603018849366e-44,9959.3306580937,0.9964229611558261,2.9822704436998705e-22
1261920,0.0,1.0490909490261283e-44,9959.330658093706,0.9964229611558261,2.980823022224983e-22
1261980,0.0,1.0485788792028905e-44,9959.330658093711,0.996422961155826,2.979375600750096e-22
1262040,0.0,1.0480668093796525e-44,9959.330658093717,0.9964229611558258,2.977928179275208e-22
1262100,0.0,1.0475547395564147e-44,9959.330658093724,0.9964229611558258,2.9764807578003204e-22
1262160,0.0,1.0470426697331767e-44,9959.33065809373,0.9964229611558257,2.9750333363254325e-22
1262220,0.0,1.046530599909939e-44,9959.330658093735,0.9964229611558257,2.973585914850545e-22
1262280,0.0,1.0460185300867012e-44,9959.33065809374,0.9964229611558256,2.9721384933756577e-22
1262340,0.0,1.0455064602634631e-44,9959.330658093748,0.9964229611558256,2.97069107190077e-22
1262400,0.0,1.0449943904402255e-44,9959.330658093753,0.9964229611558255,2.9692436504258825e-22
1262460,0.0,1.0444823206169874e-44,9959.330658093759,0.9964229611558255,2.9677962289509946e-22
1262520,0.0,1.0439702507937496e-44,9959.330658093764,0.9964229611558254,2.966348807476107e-22
1262580,0.0,1.043458180970512e-44,9959.33065809377,0.9964229611558253,2.96490138600122e-22
1262640,0.0,1.0429461111472739e-44,9959.330658093777,0.9964229611558253,2.963453964526332e-22
1262700,0.0,1.0424340413240362e-44,9959.330658093782,0.9964229611558252,2.9620065430514445e-22
1262760,0.0,1.0419219715007982e-44,9959.330658093788,0.9964229611558252,2.9605591215765567e-22
1262820,0.0,1.0414099016775604e-44,9959.330658093793,0.9964229611558251,2.9591117001016693e-22
1262880,0.0,1.0408978318543224e-44,9959.330658093799,0.9964229611558251,2.9576642786267814e-22
1262940,0.0,1.0403857620310846e-44,9959.330658093806,0.996422961155825,2.956216857151894e-22
1263000,0.0,1.0398736922078468e-44,9959.330658093812,0.996422961155825,2.9547694356770066e-22
1263060,0.0,1.0393616223846089e-44,9959.330658093817,0.9964229611558248,2.9533220142021187e-22
1263120,0.0,1.0388495525613711e-44,9959.330658093822,0.9964229611558248,2.9518745927272313e-22
1263180,0.0,1.0383374827381332e-44,9959.33065809383,0.9964229611558247,2.9504271712523435e-22
1263240,0.0,1.0378254129148954e-44,9959.330658093835,0.9964229611558246,2.948979749777456e-22
1263300,0.0,1.0373133430916576e-44,9959.33065809384,0.9964229611558246,2.9475323283025687e-22
1263360,0.0,1.0368012732684196e-44,9959.330658093846,0.9964229611558245,2.946084906827681e-22
1263420,0.0,1.0362892034451818e-44,9959.330658093852,0.9964229611558245,2.9446374853527934e-22
1263480,0.0,1.0357771336219439e-44,9959.330658093859,0.9964229611558244,2.9431900638779055e-22
1263540,0.0,1.0352650637987061e-44,9959.330658093864,0.9964229611558244,2.941742642403018e-22
1263600,0.0,1.0347529939754683e-44,9959.33065809387,0.9964229611558243,2.9402952209281307e-22
1263660,0.0,1.0342409241522304e-44,9959.330658093875,0.9964229611558243,2.938847799453243e-22
1263720,0.0,1.0337288543289926e-44,9959.330658093882,0.9964229611558242,2.9374003779783555e-22
1263780,0.0,1.0332167845057545e-44,9959.330658093888,0.9964229611558241,2.9359529565034676e-22
1263840,0.0,1.0327047146825169e-44,9959.330658093893,0.9964229611558241,2.93450553502858e-22
1263900,0.0,1.0321926448592788e-44,9959.330658093899,0.996422961155824,2.9330581135536923e-22
1263960,0.0,1.031680575036041e-44,9959.330658093904,0.996422961155824,2.931610692078805e-22
1264020,0.0,1.0311685052128033e-44,9959.330658093912,0.9964229611558238,2.9301632706039175e-22
1264080,0.0,1.0306564353895653e-44,9959.330658093917,0.9964229611558238,2.9287158491290296e-22
1264140,0.0,1.0301443655663276e-44,9959.330658093922,0.9964229611558237,2.9272684276541422e-22
1264200,0.0,1.0296322957430896e-44,9959.330658093928,0.9964229611558237,2.925821006179254e-22
1264260,0.0,1.0291202259198517e-44,9959.330658093933,0.9964229611558236,2.9243735847043665e-22
1264320,0.0,1.0286081560966141e-44,9959.33065809394,0.9964229611558236,2.9229261632294796e-22
1264380,0.0,1.028096086273376e-44,9959.330658093946,0.9964229611558235,2.921478741754591e-22
1264440,0.0,1.0275840164501382e-44,9959.330658093952,0.9964229611558234,2.920031320279704e-22
1264500,0.0,1.0270719466269003e-44,9959.330658093957,0.9964229611558234,2.918583898804816e-22
1264560,0.0,1.0265598768036625e-44,9959.330658093964,0.9964229611558233,2.9171364773299286e-22
1264620,0.0,1.0260478069804247e-44,9959.33065809397,0.9964229611558233,2.915689055855041e-22
1264680,0.0,1.0255357371571868e-44,9959.330658093975,0.9964229611558232,2.9142416343801533e-22
1264740,0.0,1.025023667333949e-44,9959.33065809398,0.9964229611558232,2.912794212905266e-22
1264800,0.0,1.024511597510711e-44,9959.330658093986,0.9964229611558231,2.911346791430378e-22
1264860,0.0,1.0239995276874732e-44,9959.330658093993,0.9964229611558231,2.9098993699554906e-22
1264920,0.0,1.0234874578642353e-44,9959.330658093999,0.996422961155823,2.9084519484806028e-22
1264980,0.0,1.0229753880409975e-44,9959.330658094004,0.9964229611558229,2.9070045270057154e-22
1265040,0.0,1.0224633182177597e-44,9959.33065809401,0.9964229611558229,2.905557105530828e-22
1265100,0.0,1.0219512483945218e-44,9959.330658094015,0.9964229611558227,2.90410968405594e-22
1265160,0.0,1.021439178571284e-44,9959.330658094023,0.9964229611558227,2.9026622625810527e-22
1265220,0.0,1.0209271087480459e-44,9959.330658094028,0.9964229611558226,2.901214841106165e-22
1265280,0.0,1.0204150389248082e-44,9959.330658094033,0.9964229611558226,2.8997674196312774e-22
1265340,0.0,1.0199029691015704e-44,9959.330658094039,0.9964229611558225,2.89831999815639e-22
1265400,0.0,1.0193908992783324e-44,9959.330658094046,0.9964229611558225,2.896872576681502e-22
1265460,0.0,1.0188788294550947e-44,9959.330658094052,0.9964229611558224,2.8954251552066148e-22
1265520,0.0,1.0183667596318567e-44,9959.330658094057,0.9964229611558223,2.893977733731727e-22
1265580,0.0,1.0178546898086189e-44,9959.330658094063,0.9964229611558223,2.8925303122568395e-22
1265640,0.0,1.0173426199853812e-44,9959.330658094068,0.9964229611558222,2.891082890781952e-22
1265700,0.0,1.0168305501621431e-44,9959.330658094075,0.9964229611558222,2.889635469307064e-22
1265760,0.0,1.0163184803389055e-44,9959.33065809408,0.9964229611558221,2.888188047832177e-22
1265820,0.0,1.0158064105156674e-44,9959.330658094086,0.9964229611558221,2.886740626357289e-22
1265880,0.0,1.0152943406924296e-44,9959.330658094092,0.996422961155822,2.8852932048824015e-22
1265940,0.0,1.0147822708691917e-44,9959.330658094097,0.996422961155822,2.8838457834075137e-22
1266000,0.0,1.0142702010459539e-44,9959.330658094104,0.9964229611558219,2.8823983619326263e-22
1266060,0.0,1.0137581312227161e-44,9959.33065809411,0.9964229611558219,2.880950940457739e-22
1266120,0.0,1.0132460613994782e-44,9959.330658094115,0.9964229611558217,2.879503518982851e-22
1266180,0.0,1.0127339915762403e-44,9959.33065809412,0.9964229611558216,2.8780560975079636e-22
1266240,0.0,1.0122219217530024e-44,9959.330658094128,0.9964229611558216,2.8766086760330757e-22
1266300,0.0,1.0117098519297646e-44,9959.330658094133,0.9964229611558215,2.8751612545581883e-22
1266360,0.0,1.0111977821065268e-44,9959.330658094139,0.9964229611558215,2.873713833083301e-22
1266420,0.0,1.0106857122832889e-44,9959.330658094144,0.9964229611558214,2.872266411608413e-22
1266480,0.0,1.0101736424600511e-44,9959.33065809415,0.9964229611558214,2.8708189901335257e-22
1266540,0.0,1.0096615726368132e-44,9959.330658094157,0.9964229611558213,2.8693715686586373e-22
1266600,0.0,1.0091495028135754e-44,9959.330658094163,0.9964229611558213,2.86792414718375e-22
1266660,0.0,1.0086374329903376e-44,9959.330658094168,0.9964229611558212,2.866476725708863e-22
1266720,0.0,1.0081253631670996e-44,9959.330658094173,0.9964229611558211,2.8650293042339747e-22
1266780,0.0,1.0076132933438618e-44,9959.33065809418,0.9964229611558211,2.8635818827590873e-22
1266840,0.0,1.0071012235206238e-44,9959.330658094186,0.996422961155821,2.8621344612841994e-22
1266900,0.0,1.0065891536973861e-44,9959.330658094192,0.996422961155821,2.860687039809312e-22
1266960,0.0,1.006077083874148e-44,9959.330658094197,0.9964229611558209,2.859239618334424e-22
1267020,0.0,1.0055650140509103e-44,9959.330658094203,0.9964229611558209,2.8577921968595367e-22
1267080,0.0,1.0050529442276726e-44,9959.33065809421,0.9964229611558207,2.8563447753846493e-22
1267140,0.0,1.0045408744044345e-44,9959.330658094215,0.9964229611558207,2.8548973539097615e-22
1267200,0.0,1.0040288045811968e-44,9959.33065809422,0.9964229611558206,2.853449932434874e-22
1267260,0.0,1.0035167347579588e-44,9959.330658094226,0.9964229611558206,2.852002510959986e-22
1267320,0.0,1.003004664934721e-44,9959.330658094232,0.9964229611558205,2.850555089485099e-22
1267380,0.0,1.0024925951114833e-44,9959.330658094239,0.9964229611558204,2.8491076680102114e-22
1267440,0.0,1.0019805252882453e-44,9959.330658094244,0.9964229611558204,2.8476602465353235e-22
1267500,0.0,1.0014684554650075e-44,9959.33065809425,0.9964229611558203,2.846212825060436e-22
1267560,0.0,1.0009563856417695e-44,9959.330658094255,0.9964229611558203,2.8447654035855482e-22
1267620,0.0,1.0004443158185317e-44,9959.330658094263,0.9964229611558202,2.843317982110661e-22
1267680,0.0,9.999322459952939e-45,9959.330658094268,0.9964229611558202,2.8418705606357734e-22
1267740,0.0,9.99420176172056e-45,9959.330658094274,0.9964229611558201,2.8404231391608856e-22
1267800,0.0,9.989081063488182e-45,9959.330658094279,0.9964229611558201,2.838975717685998e-22
1267860,0.0,9.983960365255803e-45,9959.330658094284,0.99642296115582,2.8375282962111103e-22
1267920,0.0,9.978839667023425e-45,9959.330658094292,0.9964229611558199,2.836080874736223e-22
1267980,0.0,9.973718968791046e-45,9959.330658094297,0.9964229611558199,2.834633453261335e-22
1268040,0.0,9.968598270558668e-45,9959.330658094303,0.9964229611558197,2.8331860317864476e-22
1268100,0.0,9.96347757232629e-45,9959.330658094308,0.9964229611558197,2.8317386103115602e-22
1268160,0.0,9.95835687409391e-45,9959.330658094314,0.9964229611558196,2.8302911888366724e-22
1268220,0.0,9.953236175861532e-45,9959.33065809432,0.9964229611558196,2.828843767361785e-22
1268280,0.0,9.948115477629152e-45,9959.330658094326,0.9964229611558195,2.827396345886897e-22
1268340,0.0,9.942994779396775e-45,9959.330658094332,0.9964229611558195,2.8259489244120097e-22
1268400,0.0,9.937874081164397e-45,9959.330658094337,0.9964229611558194,2.8245015029371223e-22
1268460,0.0,9.932753382932016e-45,9959.330658094344,0.9964229611558194,2.8230540814622344e-22
1268520,0.0,9.92763268469964e-45,9959.33065809435,0.9964229611558193,2.821606659987347e-22
1268580,0.0,9.922511986467259e-45,9959.330658094355,0.9964229611558192,2.820159238512459e-22
1268640,0.0,9.917391288234882e-45,9959.33065809436,0.9964229611558192,2.8187118170375718e-22
1268700,0.0,9.912270590002504e-45,9959.330658094366,0.9964229611558191,2.8172643955626844e-22
1268760,0.0,9.907149891770124e-45,9959.330658094374,0.9964229611558191,2.8158169740877965e-22
1268820,0.0,9.902029193537747e-45,9959.330658094379,0.996422961155819,2.814369552612909e-22
1268880,0.0,9.896908495305367e-45,9959.330658094384,0.996422961155819,2.8129221311380208e-22
1268940,0.0,9.891787797072989e-45,9959.33065809439,0.9964229611558189,2.8114747096631334e-22
1269000,0.0,9.886667098840609e-45,9959.330658094395,0.9964229611558189,2.8100272881882455e-22
1269060,0.0,9.881546400608231e-45,9959.330658094403,0.9964229611558187,2.808579866713358e-22
1269120,0.0,9.876425702375853e-45,9959.330658094408,0.9964229611558186,2.8071324452384707e-22
1269180,0.0,9.871305004143474e-45,9959.330658094414,0.9964229611558186,2.805685023763583e-22
1269240,0.0,9.866184305911096e-45,9959.330658094419,0.9964229611558185,2.8042376022886954e-22
1269300,0.0,9.861063607678717e-45,9959.330658094426,0.9964229611558185,2.8027901808138075e-22
1269360,0.0,9.855942909446339e-45,9959.330658094432,0.9964229611558184,2.80134275933892e-22
1269420,0.0,9.850822211213961e-45,9959.330658094437,0.9964229611558184,2.7998953378640327e-22
1269480,0.0,9.845701512981581e-45,9959.330658094443,0.9964229611558183,2.798447916389145e-22
1269540,0.0,9.840580814749203e-45,9959.330658094448,0.9964229611558183,2.7970004949142575e-22
1269600,0.0,9.835460116516824e-45,9959.330658094455,0.9964229611558182,2.7955530734393696e-22
1269660,0.0,9.830339418284446e-45,9959.33065809446,0.9964229611558182,2.794105651964482e-22
1269720,0.0,9.825218720052068e-45,9959.330658094466,0.9964229611558181,2.792658230489595e-22
1269780,0.0,9.820098021819689e-45,9959.330658094472,0.996422961155818,2.791210809014707e-22
1269840,0.0,9.814977323587311e-45,9959.330658094479,0.996422961155818,2.7897633875398195e-22
1269900,0.0,9.80985662535493e-45,9959.330658094485,0.9964229611558179,2.7883159660649317e-22
1269960,0.0,9.804735927122554e-45,9959.33065809449,0.9964229611558179,2.7868685445900443e-22
1270020,0.0,9.799615228890173e-45,9959.330658094495,0.9964229611558177,2.7854211231151564e-22
1270080,0.0,9.794494530657796e-45,9959.3306580945,0.9964229611558177,2.783973701640269e-22
1270140,0.0,9.789373832425418e-45,9959.330658094508,0.9964229611558176,2.7825262801653816e-22
1270200,0.0,9.784253134193038e-45,9959.330658094514,0.9964229611558176,2.7810788586904937e-22
1270260,0.0,9.779132435960661e-45,9959.33065809452,0.9964229611558175,2.7796314372156063e-22
1270320,0.0,9.77401173772828e-45,9959.330658094525,0.9964229611558174,2.7781840157407185e-22
1270380,0.0,9.768891039495902e-45,9959.33065809453,0.9964229611558174,2.776736594265831e-22
1270440,0.0,9.763770341263526e-45,9959.330658094537,0.9964229611558173,2.7752891727909437e-22
1270500,0.0,9.758649643031145e-45,9959.330658094543,0.9964229611558173,2.773841751316056e-22
1270560,0.0,9.753528944798767e-45,9959.330658094548,0.9964229611558172,2.7723943298411684e-22
1270620,0.0,9.748408246566388e-45,9959.330658094554,0.9964229611558172,2.7709469083662805e-22
1270680,0.0,9.74328754833401e-45,9959.330658094561,0.9964229611558171,2.769499486891393e-22
1270740,0.0,9.73816685010163e-45,9959.330658094566,0.9964229611558171,2.7680520654165053e-22
1270800,0.0,9.733046151869253e-45,9959.330658094572,0.996422961155817,2.766604643941618e-22
1270860,0.0,9.727925453636875e-45,9959.330658094577,0.9964229611558169,2.7651572224667305e-22
1270920,0.0,9.722804755404495e-45,9959.330658094583,0.9964229611558169,2.7637098009918426e-22
1270980,0.0,9.717684057172117e-45,9959.33065809459,0.9964229611558167,2.762262379516955e-22
1271040,0.0,9.712563358939738e-45,9959.330658094595,0.9964229611558167,2.760814958042067e-22
1271100,0.0,9.70744266070736e-45,9959.330658094601,0.9964229611558166,2.75936753656718e-22
1271160,0.0,9.702321962474982e-45,9959.330658094606,0.9964229611558166,2.7579201150922925e-22
1271220,0.0,9.697201264242603e-45,9959.330658094612,0.9964229611558165,2.756472693617404e-22
1271280,0.0,9.692080566010225e-45,9959.33065809462,0.9964229611558165,2.755025272142517e-22
1271340,0.0,9.686959867777844e-45,9959.330658094625,0.9964229611558164,2.753577850667629e-22
1271400,0.0,9.681839169545467e-45,9959.33065809463,0.9964229611558164,2.7521304291927415e-22
1271460,0.0,9.67671847131309e-45,9959.330658094636,0.9964229611558163,2.750683007717854e-22
1271520,0.0,9.671597773080709e-45,9959.330658094643,0.9964229611558162,2.7492355862429662e-22
1271580,0.0,9.666477074848332e-45,9959.330658094648,0.9964229611558162,2.747788164768079e-22
1271640,0.0,9.661356376615952e-45,9959.330658094654,0.9964229611558161,2.746340743293191e-22
1271700,0.0,9.656235678383575e-45,9959.33065809466,0.9964229611558161,2.7448933218183036e-22
1271760,0.0,9.651114980151194e-45,9959.330658094665,0.996422961155816,2.7434459003434157e-22
1271820,0.0,9.645994281918816e-45,9959.330658094672,0.996422961155816,2.7419984788685283e-22
1271880,0.0,9.64087358368644e-45,9959.330658094677,0.9964229611558159,2.740551057393641e-22
1271940,0.0,9.635752885454059e-45,9959.330658094683,0.9964229611558159,2.739103635918753e-22
1272000,0.0,9.630632187221681e-45,9959.330658094688,0.9964229611558157,2.7376562144438656e-22
1272060,0.0,9.625511488989302e-45,9959.330658094694,0.9964229611558156,2.736208792968978e-22
1272120,0.0,9.620390790756924e-45,9959.330658094701,0.9964229611558156,2.7347613714940904e-22
1272180,0.0,9.615270092524546e-45,9959.330658094706,0.9964229611558155,2.733313950019203e-22
1272240,0.0,9.610149394292166e-45,9959.330658094712,0.9964229611558155,2.731866528544315e-22
1272300,0.0,9.605028696059788e-45,9959.330658094717,0.9964229611558154,2.7304191070694277e-22
1272360,0.0,9.599907997827409e-45,9959.330658094725,0.9964229611558154,2.72897168559454e-22
1272420,0.0,9.594787299595031e-45,9959.33065809473,0.9964229611558153,2.7275242641196524e-22
1272480,0.0,9.589666601362653e-45,9959.330658094736,0.9964229611558153,2.726076842644765e-22
1272540,0.0,9.584545903130274e-45,9959.330658094741,0.9964229611558152,2.724629421169877e-22
1272600,0.0,9.579425204897896e-45,9959.330658094746,0.9964229611558152,2.7231819996949898e-22
1272660,0.0,9.574304506665517e-45,9959.330658094754,0.9964229611558151,2.721734578220102e-22
1272720,0.0,9.569183808433139e-45,9959.33065809476,0.996422961155815,2.7202871567452145e-22
1272780,0.0,9.564063110200758e-45,9959.330658094765,0.996422961155815,2.7188397352703266e-22
1272840,0.0,9.558942411968381e-45,9959.33065809477,0.9964229611558149,2.717392313795439e-22
1272900,0.0,9.553821713736003e-45,9959.330658094777,0.9964229611558149,2.715944892320552e-22
1272960,0.0,9.548701015503623e-45,9959.330658094783,0.9964229611558147,2.714497470845664e-22
1273020,0.0,9.543580317271246e-45,9959.330658094788,0.9964229611558147,2.7130500493707766e-22
1273080,0.0,9.538459619038866e-45,9959.330658094794,0.9964229611558146,2.7116026278958887e-22
1273140,0.0,9.533338920806489e-45,9959.3306580948,0.9964229611558146,2.7101552064210013e-22
1273200,0.0,9.528218222574111e-45,9959.330658094806,0.9964229611558145,2.708707784946114e-22
1273260,0.0,9.52309752434173e-45,9959.330658094812,0.9964229611558144,2.707260363471226e-22
1273320,0.0,9.517976826109353e-45,9959.330658094817,0.9964229611558144,2.7058129419963386e-22
1273380,0.0,9.512856127876973e-45,9959.330658094823,0.9964229611558143,2.7043655205214503e-22
1273440,0.0,9.507735429644595e-45,9959.330658094828,0.9964229611558143,2.7029180990465633e-22
1273500,0.0,9.502614731412218e-45,9959.330658094836,0.9964229611558142,2.701470677571676e-22
1273560,0.0,9.497494033179838e-45,9959.330658094841,0.9964229611558142,2.7000232560967876e-22
1273620,0.0,9.49237333494746e-45,9959.330658094847,0.9964229611558141,2.6985758346219e-22
1273680,0.0,9.48725263671508e-45,9959.330658094852,0.9964229611558141,2.6971284131470123e-22
1273740,0.0,9.482131938482702e-45,9959.33065809486,0.996422961155814,2.695680991672125e-22
1273800,0.0,9.477011240250323e-45,9959.330658094865,0.996422961155814,2.694233570197237e-22
1273860,0.0,9.471890542017945e-45,9959.33065809487,0.9964229611558139,2.6927861487223497e-22
1273920,0.0,9.466769843785567e-45,9959.330658094876,0.9964229611558137,2.6913387272474623e-22
1273980,0.0,9.461649145553188e-45,9959.330658094881,0.9964229611558137,2.6898913057725744e-22
1274040,0.0,9.45652844732081e-45,9959.330658094888,0.9964229611558136,2.688443884297687e-22
1274100,0.0,9.45140774908843e-45,9959.330658094894,0.9964229611558136,2.686996462822799e-22
1274160,0.0,9.446287050856052e-45,9959.3306580949,0.9964229611558135,2.6855490413479117e-22
1274220,0.0,9.441166352623673e-45,9959.330658094905,0.9964229611558135,2.6841016198730243e-22
1274280,0.0,9.436045654391295e-45,9959.33065809491,0.9964229611558134,2.6826541983981365e-22
1274340,0.0,9.430924956158917e-45,9959.330658094917,0.9964229611558134,2.681206776923249e-22
1274400,0.0,9.425804257926538e-45,9959.330658094923,0.9964229611558133,2.6797593554483617e-22
1274460,0.0,9.42068355969416e-45,9959.330658094928,0.9964229611558132,2.678311933973474e-22
1274520,0.0,9.415562861461781e-45,9959.330658094934,0.9964229611558132,2.6768645124985864e-22
1274580,0.0,9.410442163229403e-45,9959.330658094941,0.9964229611558131,2.6754170910236985e-22
1274640,0.0,9.405321464997023e-45,9959.330658094947,0.9964229611558131,2.6739696695488107e-22
1274700,0.0,9.400200766764645e-45,9959.330658094952,0.996422961155813,2.6725222480739237e-22
1274760,0.0,9.395080068532267e-45,9959.330658094957,0.996422961155813,2.671074826599036e-22
1274820,0.0,9.389959370299888e-45,9959.330658094963,0.9964229611558129,2.669627405124148e-22
1274880,0.0,9.384838672067509e-45,9959.33065809497,0.9964229611558129,2.6681799836492606e-22
1274940,0.0,9.379717973835131e-45,9959.330658094976,0.9964229611558127,2.6667325621743727e-22
1275000,0.0,9.374597275602752e-45,9959.330658094981,0.9964229611558127,2.6652851406994853e-22
1275060,0.0,9.369476577370374e-45,9959.330658094987,0.9964229611558126,2.663837719224598e-22
1275120,0.0,9.364355879137995e-45,9959.330658094992,0.9964229611558125,2.66239029774971e-22
1275180,0.0,9.359235180905616e-45,9959.330658095,0.9964229611558125,2.6609428762748226e-22
1275240,0.0,9.354114482673238e-45,9959.330658095005,0.9964229611558124,2.659495454799935e-22
1275300,0.0,9.348993784440859e-45,9959.33065809501,0.9964229611558124,2.6580480333250474e-22
1275360,0.0,9.343873086208481e-45,9959.330658095016,0.9964229611558123,2.65660061185016e-22
1275420,0.0,9.338752387976103e-45,9959.330658095023,0.9964229611558123,2.655153190375272e-22
1275480,0.0,9.333631689743724e-45,9959.330658095028,0.9964229611558122,2.6537057689003847e-22
1275540,0.0,9.328510991511344e-45,9959.330658095034,0.9964229611558122,2.652258347425497e-22
1275600,0.0,9.323390293278966e-45,9959.33065809504,0.9964229611558121,2.6508109259506094e-22
1275660,0.0,9.318269595046587e-45,9959.330658095045,0.996422961155812,2.6493635044757216e-22
1275720,0.0,9.313148896814209e-45,9959.330658095052,0.996422961155812,2.647916083000834e-22
1275780,0.0,9.308028198581831e-45,9959.330658095058,0.9964229611558119,2.646468661525947e-22
1275840,0.0,9.302907500349452e-45,9959.330658095063,0.9964229611558119,2.645021240051059e-22
1275900,0.0,9.297786802117074e-45,9959.330658095068,0.9964229611558117,2.643573818576171e-22
1275960,0.0,9.292666103884695e-45,9959.330658095076,0.9964229611558117,2.6421263971012836e-22
1276020,0.0,9.287545405652317e-45,9959.330658095081,0.9964229611558116,2.6406789756263958e-22
1276080,0.0,9.282424707419939e-45,9959.330658095087,0.9964229611558116,2.6392315541515084e-22
1276140,0.0,9.277304009187559e-45,9959.330658095092,0.9964229611558115,2.637784132676621e-22
1276200,0.0,9.272183310955181e-45,9959.330658095098,0.9964229611558114,2.636336711201733e-22
1276260,0.0,9.267062612722802e-45,9959.330658095105,0.9964229611558114,2.6348892897268457e-22
1276320,0.0,9.261941914490423e-45,9959.33065809511,0.9964229611558113,2.633441868251958e-22
1276380,0.0,9.256821216258046e-45,9959.330658095116,0.9964229611558113,2.6319944467770704e-22
1276440,0.0,9.251700518025667e-45,9959.330658095121,0.9964229611558112,2.630547025302183e-22
1276500,0.0,9.246579819793287e-45,9959.330658095127,0.9964229611558112,2.629099603827295e-22
1276560,0.0,9.24145912156091e-45,9959.330658095134,0.9964229611558111,2.6276521823524078e-22
1276620,0.0,9.23633842332853e-45,9959.33065809514,0.9964229611558111,2.62620476087752e-22
1276680,0.0,9.231217725096152e-45,9959.330658095145,0.996422961155811,2.6247573394026325e-22
1276740,0.0,9.226097026863774e-45,9959.33065809515,0.996422961155811,2.623309917927745e-22
1276800,0.0,9.220976328631395e-45,9959.330658095158,0.9964229611558109,2.621862496452857e-22
1276860,0.0,9.215855630399017e-45,9959.330658095163,0.9964229611558107,2.62041507497797e-22
1276920,0.0,9.210734932166638e-45,9959.330658095168,0.9964229611558107,2.618967653503082e-22
1276980,0.0,9.205614233934258e-45,9959.330658095174,0.9964229611558106,2.617520232028194e-22
1277040,0.0,9.20049353570188e-45,9959.33065809518,0.9964229611558106,2.6160728105533067e-22
1277100,0.0,9.195372837469502e-45,9959.330658095187,0.9964229611558105,2.6146253890784193e-22
1277160,0.0,9.190252139237123e-45,9959.330658095192,0.9964229611558105,2.6131779676035314e-22
1277220,0.0,9.185131441004745e-45,9959.330658095198,0.9964229611558104,2.611730546128644e-22
1277280,0.0,9.180010742772366e-45,9959.330658095203,0.9964229611558104,2.610283124653756e-22
1277340,0.0,9.174890044539988e-45,9959.330658095208,0.9964229611558103,2.6088357031788687e-22
1277400,0.0,9.16976934630761e-45,9959.330658095216,0.9964229611558102,2.6073882817039813e-22
1277460,0.0,9.16464864807523e-45,9959.330658095221,0.9964229611558102,2.6059408602290935e-22
1277520,0.0,9.159527949842852e-45,9959.330658095227,0.9964229611558101,2.604493438754206e-22
1277580,0.0,9.154407251610473e-45,9959.330658095232,0.9964229611558101,2.603046017279318e-22
1277640,0.0,9.149286553378095e-45,9959.33065809524,0.99642296115581,2.601598595804431e-22
1277700,0.0,9.144165855145716e-45,9959.330658095245,0.99642296115581,2.600151174329543e-22
1277760,0.0,9.139045156913338e-45,9959.33065809525,0.9964229611558099,2.5987037528546555e-22
1277820,0.0,9.13392445868096e-45,9959.330658095256,0.9964229611558099,2.597256331379768e-22
1277880,0.0,9.12880376044858e-45,9959.330658095261,0.9964229611558097,2.5958089099048803e-22
1277940,0.0,9.123683062216201e-45,9959.330658095269,0.9964229611558097,2.594361488429993e-22
1278000,0.0,9.118562363983823e-45,9959.330658095274,0.9964229611558096,2.592914066955105e-22
1278060,0.0,9.113441665751444e-45,9959.33065809528,0.9964229611558095,2.591466645480217e-22
1278120,0.0,9.108320967519066e-45,9959.330658095285,0.9964229611558095,2.59001922400533e-22
1278180,0.0,9.103200269286688e-45,9959.33065809529,0.9964229611558094,2.5885718025304423e-22
1278240,0.0,9.098079571054309e-45,9959.330658095298,0.9964229611558094,2.5871243810555545e-22
1278300,0.0,9.092958872821931e-45,9959.330658095303,0.9964229611558093,2.585676959580667e-22
1278360,0.0,9.087838174589551e-45,9959.330658095309,0.9964229611558093,2.584229538105779e-22
1278420,0.0,9.082717476357173e-45,9959.330658095314,0.9964229611558092,2.582782116630892e-22
1278480,0.0,9.077596778124795e-45,9959.330658095321,0.9964229611558092,2.5813346951560044e-22
1278540,0.0,9.072476079892416e-45,9959.330658095327,0.9964229611558091,2.5798872736811165e-22
1278600,0.0,9.067355381660037e-45,9959.330658095332,0.996422961155809,2.578439852206229e-22
1278660,0.0,9.062234683427659e-45,9959.330658095338,0.996422961155809,2.5769924307313412e-22
1278720,0.0,9.05711398519528e-45,9959.330658095343,0.9964229611558089,2.575545009256454e-22
1278780,0.0,9.051993286962903e-45,9959.33065809535,0.9964229611558089,2.5740975877815664e-22
1278840,0.0,9.046872588730524e-45,9959.330658095356,0.9964229611558088,2.5726501663066786e-22
1278900,0.0,9.041751890498144e-45,9959.330658095361,0.9964229611558088,2.571202744831791e-22
1278960,0.0,9.036631192265766e-45,9959.330658095367,0.9964229611558086,2.5697553233569033e-22
1279020,0.0,9.031510494033387e-45,9959.330658095374,0.9964229611558086,2.568307901882016e-22
1279080,0.0,9.026389795801009e-45,9959.33065809538,0.9964229611558085,2.566860480407128e-22
1279140,0.0,9.021269097568631e-45,9959.330658095385,0.9964229611558085,2.5654130589322406e-22
1279200,0.0,9.016148399336252e-45,9959.33065809539,0.9964229611558084,2.5639656374573532e-22
1279260,0.0,9.011027701103874e-45,9959.330658095396,0.9964229611558083,2.5625182159824654e-22
1279320,0.0,9.005907002871494e-45,9959.330658095403,0.9964229611558083,2.5610707945075775e-22
1279380,0.0,9.000786304639115e-45,9959.330658095409,0.9964229611558082,2.55962337303269e-22
1279440,0.0,8.995665606406737e-45,9959.330658095414,0.9964229611558082,2.558175951557802e-22
1279500,0.0,8.990544908174359e-45,9959.33065809542,0.9964229611558081,2.556728530082915e-22
1279560,0.0,8.98542420994198e-45,9959.330658095425,0.9964229611558081,2.5552811086080274e-22
1279620,0.0,8.980303511709602e-45,9959.330658095432,0.996422961155808,2.5538336871331396e-22
1279680,0.0,8.975182813477223e-45,9959.330658095438,0.996422961155808,2.552386265658252e-22
1279740,0.0,8.970062115244845e-45,9959.330658095443,0.9964229611558079,2.5509388441833643e-22
1279800,0.0,8.964941417012467e-45,9959.330658095449,0.9964229611558078,2.549491422708477e-22
1279860,0.0,8.959820718780087e-45,9959.330658095456,0.9964229611558078,2.5480440012335895e-22
1279920,0.0,8.954700020547709e-45,9959.330658095461,0.9964229611558076,2.5465965797587016e-22
1279980,0.0,8.94957932231533e-45,9959.330658095467,0.9964229611558076,2.545149158283814e-22
1280040,0.0,8.944458624082951e-45,9959.330658095472,0.9964229611558075,2.5437017368089264e-22
1280100,0.0,8.939337925850573e-45,9959.330658095478,0.9964229611558075,2.542254315334039e-22
1280160,0.0,8.934217227618195e-45,9959.330658095485,0.9964229611558074,2.5408068938591516e-22
1280220,0.0,8.929096529385817e-45,9959.33065809549,0.9964229611558074,2.5393594723842637e-22
1280280,0.0,8.923975831153437e-45,9959.330658095496,0.9964229611558073,2.5379120509093763e-22
1280340,0.0,8.918855132921058e-45,9959.330658095501,0.9964229611558073,2.5364646294344884e-22
1280400,0.0,8.91373443468868e-45,9959.330658095507,0.9964229611558072,2.5350172079596006e-22
1280460,0.0,8.908613736456301e-45,9959.330658095514,0.9964229611558071,2.533569786484713e-22
1280520,0.0,8.903493038223923e-45,9959.33065809552,0.9964229611558071,2.5321223650098258e-22
1280580,0.0,8.898372339991545e-45,9959.330658095525,0.996422961155807,2.530674943534938e-22
1280640,0.0,8.893251641759166e-45,9959.33065809553,0.996422961155807,2.5292275220600505e-22
1280700,0.0,8.888130943526788e-45,9959.330658095538,0.9964229611558069,2.5277801005851626e-22
1280760,0.0,8.883010245294408e-45,9959.330658095543,0.9964229611558069,2.526332679110275e-22
1280820,0.0,8.87788954706203e-45,9959.330658095549,0.9964229611558068,2.524885257635388e-22
1280880,0.0,8.872768848829652e-45,9959.330658095554,0.9964229611558068,2.5234378361605e-22
1280940,0.0,8.867648150597273e-45,9959.33065809556,0.9964229611558066,2.5219904146856125e-22
1281000,0.0,8.862527452364894e-45,9959.330658095567,0.9964229611558065,2.5205429932107247e-22
1281060,0.0,8.857406754132516e-45,9959.330658095572,0.9964229611558065,2.5190955717358373e-22
1281120,0.0,8.852286055900136e-45,9959.330658095578,0.9964229611558064,2.5176481502609494e-22
1281180,0.0,8.847165357667758e-45,9959.330658095583,0.9964229611558064,2.516200728786062e-22
1281240,0.0,8.84204465943538e-45,9959.330658095589,0.9964229611558063,2.5147533073111746e-22
1281300,0.0,8.836923961203001e-45,9959.330658095596,0.9964229611558063,2.5133058858362867e-22
1281360,0.0,8.831803262970623e-45,9959.330658095601,0.9964229611558062,2.5118584643613993e-22
1281420,0.0,8.826682564738244e-45,9959.330658095607,0.9964229611558062,2.5104110428865115e-22
1281480,0.0,8.821561866505865e-45,9959.330658095612,0.9964229611558061,2.5089636214116236e-22
1281540,0.0,8.816441168273488e-45,9959.33065809562,0.996422961155806,2.5075161999367367e-22
1281600,0.0,8.811320470041109e-45,9959.330658095625,0.996422961155806,2.506068778461849e-22
1281660,0.0,8.806199771808729e-45,9959.33065809563,0.9964229611558059,2.504621356986961e-22
1281720,0.0,8.801079073576351e-45,9959.330658095636,0.9964229611558059,2.5031739355120735e-22
1281780,0.0,8.795958375343972e-45,9959.330658095641,0.9964229611558058,2.5017265140371857e-22
1281840,0.0,8.790837677111595e-45,9959.330658095649,0.9964229611558058,2.5002790925622983e-22
1281900,0.0,8.785716978879216e-45,9959.330658095654,0.9964229611558056,2.498831671087411e-22
1281960,0.0,8.780596280646837e-45,9959.33065809566,0.9964229611558056,2.497384249612523e-22
1282020,0.0,8.775475582414459e-45,9959.330658095665,0.9964229611558055,2.4959368281376356e-22
1282080,0.0,8.77035488418208e-45,9959.330658095672,0.9964229611558055,2.4944894066627477e-22
1282140,0.0,8.765234185949701e-45,9959.330658095678,0.9964229611558054,2.4930419851878603e-22
1282200,0.0,8.760113487717323e-45,9959.330658095683,0.9964229611558053,2.491594563712973e-22
1282260,0.0,8.754992789484944e-45,9959.330658095689,0.9964229611558053,2.490147142238085e-22
1282320,0.0,8.749872091252566e-45,9959.330658095694,0.9964229611558052,2.4886997207631977e-22
1282380,0.0,8.744751393020187e-45,9959.330658095701,0.9964229611558052,2.48725229928831e-22
1282440,0.0,8.739630694787808e-45,9959.330658095707,0.9964229611558051,2.4858048778134224e-22
1282500,0.0,8.73450999655543e-45,9959.330658095712,0.9964229611558051,2.4843574563385345e-22
1282560,0.0,8.729389298323052e-45,9959.330658095718,0.996422961155805,2.482910034863647e-22
1282620,0.0,8.724268600090672e-45,9959.330658095723,0.996422961155805,2.4814626133887597e-22
1282680,0.0,8.719147901858294e-45,9959.33065809573,0.9964229611558049,2.480015191913872e-22
1282740,0.0,8.714027203625915e-45,9959.330658095736,0.9964229611558048,2.478567770438984e-22
1282800,0.0,8.708906505393537e-45,9959.330658095741,0.9964229611558048,2.4771203489640966e-22
1282860,0.0,8.703785807161159e-45,9959.330658095747,0.9964229611558046,2.475672927489209e-22
1282920,0.0,8.69866510892878e-45,9959.330658095754,0.9964229611558046,2.4742255060143213e-22
1282980,0.0,8.693544410696402e-45,9959.33065809576,0.9964229611558045,2.472778084539434e-22
1283040,0.0,8.688423712464023e-45,9959.330658095765,0.9964229611558045,2.471330663064546e-22
1283100,0.0,8.683303014231643e-45,9959.33065809577,0.9964229611558044,2.4698832415896586e-22
1283160,0.0,8.678182315999265e-45,9959.330658095776,0.9964229611558044,2.468435820114771e-22
1283220,0.0,8.673061617766887e-45,9959.330658095783,0.9964229611558043,2.4669883986398834e-22
1283280,0.0,8.667940919534509e-45,9959.330658095789,0.9964229611558043,2.465540977164996e-22
1283340,0.0,8.66282022130213e-45,9959.330658095794,0.9964229611558042,2.464093555690108e-22
1283400,0.0,8.657699523069751e-45,9959.3306580958,0.9964229611558041,2.4626461342152207e-22
1283460,0.0,8.652578824837373e-45,9959.330658095805,0.9964229611558041,2.461198712740333e-22
1283520,0.0,8.647458126604993e-45,9959.330658095812,0.996422961155804,2.4597512912654454e-22
1283580,0.0,8.642337428372615e-45,9959.330658095818,0.996422961155804,2.458303869790558e-22
1283640,0.0,8.637216730140237e-45,9959.330658095823,0.9964229611558039,2.45685644831567e-22
1283700,0.0,8.632096031907858e-45,9959.330658095829,0.9964229611558039,2.4554090268407828e-22
1283760,0.0,8.62697533367548e-45,9959.330658095836,0.9964229611558038,2.453961605365895e-22
1283820,0.0,8.621854635443101e-45,9959.330658095841,0.9964229611558038,2.452514183891007e-22
1283880,0.0,8.616733937210723e-45,9959.330658095847,0.9964229611558036,2.45106676241612e-22
1283940,0.0,8.611613238978345e-45,9959.330658095852,0.9964229611558035,2.449619340941232e-22
1284000,0.0,8.606492540745966e-45,9959.330658095858,0.9964229611558035,2.4481719194663444e-22
1284060,0.0,8.601371842513586e-45,9959.330658095865,0.9964229611558034,2.446724497991457e-22
1284120,0.0,8.596251144281208e-45,9959.33065809587,0.9964229611558034,2.445277076516569e-22
1284180,0.0,8.591130446048829e-45,9959.330658095876,0.9964229611558033,2.4438296550416817e-22
1284240,0.0,8.586009747816451e-45,9959.330658095882,0.9964229611558033,2.4423822335667943e-22
1284300,0.0,8.580889049584073e-45,9959.330658095887,0.9964229611558032,2.4409348120919064e-22
1284360,0.0,8.575768351351694e-45,9959.330658095894,0.9964229611558032,2.439487390617019e-22
1284420,0.0,8.570647653119316e-45,9959.3306580959,0.9964229611558031,2.438039969142131e-22
1284480,0.0,8.565526954886936e-45,9959.330658095905,0.9964229611558031,2.4365925476672437e-22
1284540,0.0,8.560406256654557e-45,9959.33065809591,0.996422961155803,2.435145126192356e-22
1284600,0.0,8.55528555842218e-45,9959.330658095918,0.9964229611558029,2.4336977047174685e-22
1284660,0.0,8.550164860189801e-45,9959.330658095923,0.9964229611558029,2.432250283242581e-22
1284720,0.0,8.545044161957423e-45,9959.330658095929,0.9964229611558028,2.430802861767693e-22
1284780,0.0,8.539923463725044e-45,9959.330658095934,0.9964229611558028,2.429355440292806e-22
1284840,0.0,8.534802765492665e-45,9959.33065809594,0.9964229611558026,2.427908018817918e-22
1284900,0.0,8.529682067260287e-45,9959.330658095947,0.9964229611558026,2.42646059734303e-22
1284960,0.0,8.524561369027909e-45,9959.330658095952,0.9964229611558025,2.425013175868143e-22
1285020,0.0,8.519440670795529e-45,9959.330658095958,0.9964229611558025,2.4235657543932553e-22
1285080,0.0,8.514319972563151e-45,9959.330658095963,0.9964229611558024,2.4221183329183674e-22
1285140,0.0,8.509199274330772e-45,9959.33065809597,0.9964229611558023,2.42067091144348e-22
1285200,0.0,8.504078576098394e-45,9959.330658095976,0.9964229611558023,2.419223489968592e-22
1285260,0.0,8.498957877866016e-45,9959.330658095982,0.9964229611558022,2.4177760684937047e-22
1285320,0.0,8.493837179633637e-45,9959.330658095987,0.9964229611558022,2.4163286470188173e-22
1285380,0.0,8.488716481401259e-45,9959.330658095992,0.9964229611558021,2.4148812255439295e-22
1285440,0.0,8.48359578316888e-45,9959.330658096,0.9964229611558021,2.413433804069042e-22
1285500,0.0,8.4784750849365e-45,9959.330658096005,0.996422961155802,2.411986382594154e-22
1285560,0.0,8.473354386704122e-45,9959.33065809601,0.996422961155802,2.410538961119267e-22
1285620,0.0,8.468233688471744e-45,9959.330658096016,0.9964229611558019,2.4090915396443794e-22
1285680,0.0,8.463112990239365e-45,9959.330658096022,0.9964229611558019,2.4076441181694915e-22
1285740,0.0,8.457992292006987e-45,9959.330658096029,0.9964229611558018,2.406196696694604e-22
1285800,0.0,8.452871593774608e-45,9959.330658096034,0.9964229611558016,2.4047492752197163e-22
1285860,0.0,8.44775089554223e-45,9959.33065809604,0.9964229611558016,2.403301853744829e-22
1285920,0.0,8.44263019730985e-45,9959.330658096045,0.9964229611558015,2.401854432269941e-22
1285980,0.0,8.437509499077472e-45,9959.330658096053,0.9964229611558015,2.4004070107950536e-22
1286040,0.0,8.432388800845094e-45,9959.330658096058,0.9964229611558014,2.398959589320166e-22
1286100,0.0,8.427268102612715e-45,9959.330658096063,0.9964229611558014,2.3975121678452783e-22
1286160,0.0,8.422147404380337e-45,9959.330658096069,0.9964229611558013,2.3960647463703904e-22
1286220,0.0,8.417026706147958e-45,9959.330658096074,0.9964229611558013,2.394617324895503e-22
1286280,0.0,8.41190600791558e-45,9959.330658096082,0.9964229611558012,2.3931699034206156e-22
1286340,0.0,8.406785309683202e-45,9959.330658096087,0.9964229611558011,2.391722481945728e-22
1286400,0.0,8.401664611450822e-45,9959.330658096093,0.9964229611558011,2.3902750604708404e-22
1286460,0.0,8.396543913218443e-45,9959.330658096098,0.996422961155801,2.3888276389959525e-22
1286520,0.0,8.391423214986065e-45,9959.330658096103,0.996422961155801,2.387380217521065e-22
1286580,0.0,8.386302516753686e-45,9959.33065809611,0.9964229611558009,2.3859327960461772e-22
1286640,0.0,8.381181818521308e-45,9959.330658096116,0.9964229611558009,2.38448537457129e-22
1286700,0.0,8.37606112028893e-45,9959.330658096122,0.9964229611558008,2.3830379530964024e-22
1286760,0.0,8.37094042205655e-45,9959.330658096127,0.9964229611558008,2.3815905316215146e-22
1286820,0.0,8.365819723824173e-45,9959.330658096134,0.9964229611558006,2.380143110146627e-22
1286880,0.0,8.360699025591793e-45,9959.33065809614,0.9964229611558005,2.3786956886717393e-22
1286940,0.0,8.355578327359414e-45,9959.330658096145,0.9964229611558005,2.377248267196852e-22
1287000,0.0,8.350457629127037e-45,9959.33065809615,0.9964229611558004,2.3758008457219645e-22
1287060,0.0,8.345336930894658e-45,9959.330658096156,0.9964229611558004,2.3743534242470766e-22
1287120,0.0,8.340216232662279e-45,9959.330658096163,0.9964229611558003,2.372906002772189e-22
1287180,0.0,8.335095534429901e-45,9959.330658096169,0.9964229611558003,2.3714585812973014e-22
1287240,0.0,8.329974836197521e-45,9959.330658096174,0.9964229611558002,2.3700111598224135e-22
1287300,0.0,8.324854137965143e-45,9959.33065809618,0.9964229611558002,2.3685637383475266e-22
1287360,0.0,8.319733439732765e-45,9959.330658096185,0.9964229611558001,2.3671163168726387e-22
1287420,0.0,8.314612741500386e-45,9959.330658096193,0.9964229611558001,2.365668895397751e-22
1287480,0.0,8.309492043268008e-45,9959.330658096198,0.9964229611558,2.3642214739228634e-22
1287540,0.0,8.304371345035629e-45,9959.330658096203,0.9964229611557999,2.3627740524479756e-22
1287600,0.0,8.29925064680325e-45,9959.330658096209,0.9964229611557999,2.361326630973088e-22
1287660,0.0,8.294129948570873e-45,9959.330658096216,0.9964229611557998,2.3598792094982008e-22
1287720,0.0,8.289009250338494e-45,9959.330658096222,0.9964229611557998,2.358431788023313e-22
1287780,0.0,8.283888552106116e-45,9959.330658096227,0.9964229611557996,2.3569843665484255e-22
1287840,0.0,8.278767853873736e-45,9959.330658096233,0.9964229611557996,2.3555369450735376e-22
1287900,0.0,8.273647155641357e-45,9959.330658096238,0.9964229611557995,2.35408952359865e-22
1287960,0.0,8.268526457408979e-45,9959.330658096245,0.9964229611557995,2.3526421021237624e-22
1288020,0.0,8.263405759176601e-45,9959.33065809625,0.9964229611557994,2.351194680648875e-22
1288080,0.0,8.258285060944222e-45,9959.330658096256,0.9964229611557993,2.3497472591739876e-22
1288140,0.0,8.253164362711844e-45,9959.330658096262,0.9964229611557993,2.3482998376990997e-22
1288200,0.0,8.248043664479464e-45,9959.330658096269,0.9964229611557992,2.3468524162242123e-22
1288260,0.0,8.242922966247086e-45,9959.330658096274,0.9964229611557992,2.3454049947493244e-22
1288320,0.0,8.237802268014708e-45,9959.33065809628,0.9964229611557991,2.343957573274437e-22
1288380,0.0,8.232681569782329e-45,9959.330658096285,0.9964229611557991,2.3425101517995496e-22
1288440,0.0,8.227560871549951e-45,9959.33065809629,0.996422961155799,2.3410627303246617e-22
1288500,0.0,8.222440173317572e-45,9959.330658096298,0.996422961155799,2.339615308849774e-22
1288560,0.0,8.217319475085193e-45,9959.330658096304,0.9964229611557989,2.3381678873748865e-22
1288620,0.0,8.212198776852815e-45,9959.330658096309,0.9964229611557989,2.3367204658999986e-22
1288680,0.0,8.207078078620437e-45,9959.330658096314,0.9964229611557988,2.335273044425111e-22
1288740,0.0,8.201957380388057e-45,9959.33065809632,0.9964229611557986,2.333825622950224e-22
1288800,0.0,8.196836682155679e-45,9959.330658096327,0.9964229611557986,2.332378201475336e-22
1288860,0.0,8.1917159839233e-45,9959.330658096333,0.9964229611557985,2.3309307800004485e-22
1288920,0.0,8.186595285690922e-45,9959.330658096338,0.9964229611557985,2.3294833585255607e-22
1288980,0.0,8.181474587458543e-45,9959.330658096344,0.9964229611557984,2.3280359370506733e-22
1289040,0.0,8.176353889226165e-45,9959.33065809635,0.9964229611557984,2.326588515575786e-22
1289100,0.0,8.171233190993787e-45,9959.330658096356,0.9964229611557983,2.325141094100898e-22
1289160,0.0,8.166112492761407e-45,9959.330658096362,0.9964229611557983,2.3236936726260106e-22
1289220,0.0,8.16099179452903e-45,9959.330658096367,0.9964229611557982,2.3222462511511227e-22
1289280,0.0,8.15587109629665e-45,9959.330658096373,0.9964229611557981,2.3207988296762353e-22
1289340,0.0,8.150750398064272e-45,9959.33065809638,0.9964229611557981,2.319351408201348e-22
1289400,0.0,8.145629699831894e-45,9959.330658096385,0.996422961155798,2.31790398672646e-22
1289460,0.0,8.140509001599515e-45,9959.33065809639,0.996422961155798,2.3164565652515727e-22
1289520,0.0,8.135388303367136e-45,9959.330658096396,0.9964229611557979,2.315009143776685e-22
1289580,0.0,8.130267605134758e-45,9959.330658096402,0.9964229611557979,2.313561722301797e-22
1289640,0.0,8.125146906902378e-45,9959.330658096409,0.9964229611557978,2.3121143008269095e-22
1289700,0.0,8.12002620867e-45,9959.330658096414,0.9964229611557978,2.310666879352022e-22
1289760,0.0,8.114905510437622e-45,9959.33065809642,0.9964229611557976,2.3092194578771343e-22
1289820,0.0,8.109784812205243e-45,9959.330658096425,0.9964229611557976,2.307772036402247e-22
1289880,0.0,8.104664113972865e-45,9959.330658096433,0.9964229611557975,2.306324614927359e-22
1289940,0.0,8.099543415740486e-45,9959.330658096438,0.9964229611557974,2.3048771934524716e-22
1290000,0.0,8.094422717508107e-45,9959.330658096444,0.9964229611557974,2.3034297719775837e-22
1290060,0.0,8.08930201927573e-45,9959.330658096449,0.9964229611557973,2.3019823505026963e-22
1290120,0.0,8.08418132104335e-45,9959.330658096454,0.9964229611557973,2.300534929027809e-22
1290180,0.0,8.079060622810971e-45,9959.330658096462,0.9964229611557972,2.299087507552921e-22
1290240,0.0,8.073939924578593e-45,9959.330658096467,0.9964229611557972,2.2976400860780336e-22
1290300,0.0,8.068819226346214e-45,9959.330658096473,0.9964229611557971,2.296192664603146e-22
1290360,0.0,8.063698528113837e-45,9959.330658096478,0.9964229611557971,2.2947452431282584e-22
1290420,0.0,8.058577829881458e-45,9959.330658096484,0.996422961155797,2.293297821653371e-22
1290480,0.0,8.053457131649079e-45,9959.33065809649,0.9964229611557969,2.291850400178483e-22
1290540,0.0,8.0483364334167e-45,9959.330658096496,0.9964229611557969,2.2904029787035957e-22
1290600,0.0,8.043215735184321e-45,9959.330658096502,0.9964229611557968,2.288955557228708e-22
1290660,0.0,8.038095036951943e-45,9959.330658096507,0.9964229611557968,2.28750813575382e-22
1290720,0.0,8.032974338719565e-45,9959.330658096515,0.9964229611557966,2.286060714278933e-22
1290780,0.0,8.027853640487186e-45,9959.33065809652,0.9964229611557966,2.284613292804045e-22
1290840,0.0,8.022732942254808e-45,9959.330658096525,0.9964229611557965,2.2831658713291573e-22
1290900,0.0,8.017612244022429e-45,9959.33065809653,0.9964229611557965,2.28171844985427e-22
1290960,0.0,8.01249154579005e-45,9959.330658096536,0.9964229611557964,2.280271028379382e-22
1291020,0.0,8.007370847557672e-45,9959.330658096544,0.9964229611557964,2.2788236069044946e-22
1291080,0.0,8.002250149325293e-45,9959.330658096549,0.9964229611557963,2.277376185429607e-22
1291140,0.0,7.997129451092914e-45,9959.330658096555,0.9964229611557962,2.2759287639547194e-22
1291200,0.0,7.992008752860536e-45,9959.33065809656,0.9964229611557962,2.274481342479832e-22
1291260,0.0,7.986888054628157e-45,9959.330658096567,0.9964229611557961,2.273033921004944e-22
1291320,0.0,7.981767356395779e-45,9959.330658096573,0.9964229611557961,2.2715864995300567e-22
1291380,0.0,7.9766466581634e-45,9959.330658096578,0.996422961155796,2.270139078055169e-22
1291440,0.0,7.971525959931022e-45,9959.330658096584,0.996422961155796,2.2686916565802814e-22
1291500,0.0,7.966405261698644e-45,9959.33065809659,0.9964229611557959,2.267244235105394e-22
1291560,0.0,7.961284563466264e-45,9959.330658096596,0.9964229611557959,2.265796813630506e-22
1291620,0.0,7.956163865233885e-45,9959.330658096602,0.9964229611557958,2.2643493921556188e-22
1291680,0.0,7.951043167001507e-45,9959.330658096607,0.9964229611557957,2.262901970680731e-22
1291740,0.0,7.945922468769129e-45,9959.330658096613,0.9964229611557957,2.2614545492058435e-22
1291800,0.0,7.940801770536751e-45,9959.330658096618,0.9964229611557955,2.260007127730956e-22
1291860,0.0,7.935681072304372e-45,9959.330658096625,0.9964229611557955,2.258559706256068e-22
1291920,0.0,7.930560374071993e-45,9959.330658096631,0.9964229611557954,2.2571122847811803e-22
1291980,0.0,7.925439675839615e-45,9959.330658096636,0.9964229611557954,2.255664863306293e-22
1292040,0.0,7.920318977607235e-45,9959.330658096642,0.9964229611557953,2.254217441831405e-22
1292100,0.0,7.915198279374857e-45,9959.33065809665,0.9964229611557953,2.2527700203565177e-22
1292160,0.0,7.910077581142479e-45,9959.330658096655,0.9964229611557952,2.2513225988816303e-22
1292220,0.0,7.9049568829101e-45,9959.33065809666,0.9964229611557951,2.2498751774067424e-22
1292280,0.0,7.899836184677722e-45,9959.330658096666,0.9964229611557951,2.248427755931855e-22
1292340,0.0,7.894715486445343e-45,9959.330658096671,0.996422961155795,2.246980334456967e-22
1292400,0.0,7.889594788212963e-45,9959.330658096678,0.996422961155795,2.2455329129820797e-22
1292460,0.0,7.884474089980587e-45,9959.330658096684,0.9964229611557949,2.2440854915071923e-22
1292520,0.0,7.879353391748207e-45,9959.33065809669,0.9964229611557949,2.2426380700323045e-22
1292580,0.0,7.874232693515828e-45,9959.330658096695,0.9964229611557948,2.241190648557417e-22
1292640,0.0,7.86911199528345e-45,9959.3306580967,0.9964229611557948,2.239743227082529e-22
1292700,0.0,7.863991297051071e-45,9959.330658096707,0.9964229611557947,2.238295805607642e-22
1292760,0.0,7.858870598818693e-45,9959.330658096713,0.9964229611557947,2.2368483841327544e-22
1292820,0.0,7.853749900586315e-45,9959.330658096718,0.9964229611557945,2.2354009626578665e-22
1292880,0.0,7.848629202353936e-45,9959.330658096724,0.9964229611557944,2.233953541182979e-22
1292940,0.0,7.843508504121558e-45,9959.330658096731,0.9964229611557944,2.2325061197080913e-22
1293000,0.0,7.838387805889178e-45,9959.330658096736,0.9964229611557943,2.2310586982332034e-22
1293060,0.0,7.833267107656799e-45,9959.330658096742,0.9964229611557943,2.229611276758316e-22
1293120,0.0,7.828146409424422e-45,9959.330658096747,0.9964229611557942,2.2281638552834286e-22
1293180,0.0,7.823025711192043e-45,9959.330658096753,0.9964229611557942,2.2267164338085407e-22
1293240,0.0,7.817905012959664e-45,9959.33065809676,0.9964229611557941,2.2252690123336533e-22
1293300,0.0,7.812784314727286e-45,9959.330658096766,0.9964229611557941,2.2238215908587655e-22
1293360,0.0,7.807663616494906e-45,9959.330658096771,0.996422961155794,2.222374169383878e-22
1293420,0.0,7.802542918262528e-45,9959.330658096776,0.9964229611557939,2.22092674790899e-22
1293480,0.0,7.79742222003015e-45,9959.330658096782,0.9964229611557939,2.219479326434103e-22
1293540,0.0,7.792301521797771e-45,9959.33065809679,0.9964229611557938,2.2180319049592154e-22
1293600,0.0,7.787180823565393e-45,9959.330658096795,0.9964229611557938,2.2165844834843275e-22
1293660,0.0,7.782060125333014e-45,9959.3306580968,0.9964229611557937,2.21513706200944e-22
1293720,0.0,7.776939427100636e-45,9959.330658096806,0.9964229611557937,2.2136896405345522e-22
1293780,0.0,7.771818728868258e-45,9959.330658096813,0.9964229611557935,2.212242219059665e-22
1293840,0.0,7.766698030635879e-45,9959.330658096818,0.9964229611557935,2.2107947975847774e-22
1293900,0.0,7.7615773324035e-45,9959.330658096824,0.9964229611557934,2.2093473761098896e-22
1293960,0.0,7.756456634171121e-45,9959.33065809683,0.9964229611557934,2.207899954635002e-22
1294020,0.0,7.751335935938742e-45,9959.330658096835,0.9964229611557933,2.2064525331601143e-22
1294080,0.0,7.746215237706364e-45,9959.330658096842,0.9964229611557932,2.2050051116852264e-22
1294140,0.0,7.741094539473986e-45,9959.330658096847,0.9964229611557932,2.2035576902103395e-22
1294200,0.0,7.735973841241607e-45,9959.330658096853,0.9964229611557931,2.2021102687354516e-22
1294260,0.0,7.730853143009229e-45,9959.330658096858,0.9964229611557931,2.200662847260564e-22
1294320,0.0,7.72573244477685e-45,9959.330658096866,0.996422961155793,2.1992154257856764e-22
1294380,0.0,7.720611746544471e-45,9959.330658096871,0.996422961155793,2.1977680043107885e-22
1294440,0.0,7.715491048312092e-45,9959.330658096877,0.9964229611557929,2.196320582835901e-22
1294500,0.0,7.710370350079714e-45,9959.330658096882,0.9964229611557929,2.1948731613610137e-22
1294560,0.0,7.705249651847336e-45,9959.330658096887,0.9964229611557928,2.193425739886126e-22
1294620,0.0,7.700128953614957e-45,9959.330658096895,0.9964229611557927,2.1919783184112384e-22
1294680,0.0,7.695008255382578e-45,9959.3306580969,0.9964229611557927,2.1905308969363506e-22
1294740,0.0,7.6898875571502e-45,9959.330658096906,0.9964229611557925,2.189083475461463e-22
1294800,0.0,7.684766858917822e-45,9959.330658096911,0.9964229611557925,2.187636053986576e-22
1294860,0.0,7.679646160685444e-45,9959.330658096917,0.9964229611557924,2.186188632511688e-22
1294920,0.0,7.674525462453064e-45,9959.330658096924,0.9964229611557924,2.1847412110368005e-22
1294980,0.0,7.669404764220685e-45,9959.33065809693,0.9964229611557923,2.1832937895619126e-22
1295040,0.0,7.664284065988307e-45,9959.330658096935,0.9964229611557923,2.181846368087025e-22
1295100,0.0,7.659163367755928e-45,9959.33065809694,0.9964229611557922,2.1803989466121374e-22
1295160,0.0,7.65404266952355e-45,9959.330658096947,0.9964229611557922,2.17895152513725e-22
1295220,0.0,7.648921971291172e-45,9959.330658096953,0.9964229611557921,2.1775041036623626e-22
1295280,0.0,7.643801273058792e-45,9959.330658096958,0.996422961155792,2.1760566821874747e-22
1295340,0.0,7.638680574826414e-45,9959.330658096964,0.996422961155792,2.174609260712587e-22
1295400,0.0,7.633559876594035e-45,9959.33065809697,0.9964229611557919,2.1731618392376994e-22
1295460,0.0,7.628439178361656e-45,9959.330658096977,0.9964229611557919,2.1717144177628115e-22
1295520,0.0,7.623318480129279e-45,9959.330658096982,0.9964229611557918,2.170266996287924e-22
1295580,0.0,7.6181977818969e-45,9959.330658096987,0.9964229611557918,2.1688195748130368e-22
1295640,0.0,7.61307708366452e-45,9959.330658096993,0.9964229611557917,2.167372153338149e-22
1295700,0.0,7.607956385432143e-45,9959.330658096998,0.9964229611557917,2.1659247318632615e-22
1295760,0.0,7.602835687199763e-45,9959.330658097006,0.9964229611557915,2.1644773103883736e-22
1295820,0.0,7.597714988967385e-45,9959.330658097011,0.9964229611557914,2.163029888913486e-22
1295880,0.0,7.592594290735007e-45,9959.330658097017,0.9964229611557914,2.161582467438599e-22
1295940,0.0,7.587473592502628e-45,9959.330658097022,0.9964229611557913,2.160135045963711e-22
1296000,0.0,7.58235289427025e-45,9959.33065809703,0.9964229611557913,2.1586876244888235e-22
1296060,0.0,7.577232196037871e-45,9959.330658097035,0.9964229611557912,2.1572402030139357e-22
1296120,0.0,7.572111497805491e-45,9959.33065809704,0.9964229611557912,2.1557927815390483e-22
1296180,0.0,7.566990799573115e-45,9959.330658097046,0.9964229611557911,2.154345360064161e-22
1296240,0.0,7.561870101340735e-45,9959.330658097051,0.9964229611557911,2.152897938589273e-22
1296300,0.0,7.556749403108357e-45,9959.330658097058,0.996422961155791,2.1514505171143856e-22
1296360,0.0,7.551628704875978e-45,9959.330658097064,0.996422961155791,2.1500030956394977e-22
1296420,0.0,7.546508006643599e-45,9959.33065809707,0.9964229611557909,2.14855567416461e-22
1296480,0.0,7.541387308411221e-45,9959.330658097075,0.9964229611557908,2.1471082526897225e-22
1296540,0.0,7.536266610178843e-45,9959.33065809708,0.9964229611557908,2.145660831214835e-22
1296600,0.0,7.531145911946464e-45,9959.330658097088,0.9964229611557907,2.144213409739947e-22
1296660,0.0,7.526025213714086e-45,9959.330658097093,0.9964229611557907,2.14276598826506e-22
1296720,0.0,7.520904515481706e-45,9959.330658097098,0.9964229611557905,2.141318566790172e-22
1296780,0.0,7.515783817249328e-45,9959.330658097104,0.9964229611557905,2.1398711453152845e-22
1296840,0.0,7.510663119016949e-45,9959.330658097111,0.9964229611557904,2.1384237238403967e-22
1296900,0.0,7.505542420784571e-45,9959.330658097117,0.9964229611557904,2.1369763023655093e-22
1296960,0.0,7.500421722552193e-45,9959.330658097122,0.9964229611557903,2.135528880890622e-22
1297020,0.0,7.495301024319814e-45,9959.330658097128,0.9964229611557902,2.134081459415734e-22
1297080,0.0,7.490180326087434e-45,9959.330658097133,0.9964229611557902,2.1326340379408466e-22
1297140,0.0,7.485059627855056e-45,9959.33065809714,0.9964229611557901,2.1311866164659587e-22
1297200,0.0,7.479938929622678e-45,9959.330658097146,0.9964229611557901,2.1297391949910713e-22
1297260,0.0,7.474818231390299e-45,9959.330658097151,0.99642296115579,2.128291773516184e-22
1297320,0.0,7.469697533157921e-45,9959.330658097157,0.99642296115579,2.126844352041296e-22
1297380,0.0,7.464576834925542e-45,9959.330658097164,0.9964229611557899,2.1253969305664087e-22
1297440,0.0,7.459456136693164e-45,9959.33065809717,0.9964229611557899,2.123949509091521e-22
1297500,0.0,7.454335438460785e-45,9959.330658097175,0.9964229611557898,2.1225020876166334e-22
1297560,0.0,7.449214740228407e-45,9959.33065809718,0.9964229611557897,2.1210546661417455e-22
1297620,0.0,7.444094041996029e-45,9959.330658097186,0.9964229611557897,2.119607244666858e-22
1297680,0.0,7.438973343763649e-45,9959.330658097193,0.9964229611557895,2.1181598231919707e-22
1297740,0.0,7.433852645531271e-45,9959.330658097198,0.9964229611557895,2.1167124017170828e-22
1297800,0.0,7.428731947298892e-45,9959.330658097204,0.9964229611557894,2.1152649802421952e-22
1297860,0.0,7.423611249066513e-45,9959.33065809721,0.9964229611557894,2.1138175587673076e-22
1297920,0.0,7.418490550834136e-45,9959.330658097215,0.9964229611557893,2.1123701372924202e-22
1297980,0.0,7.413369852601757e-45,9959.330658097222,0.9964229611557893,2.1109227158175325e-22
1298040,0.0,7.408249154369377e-45,9959.330658097228,0.9964229611557892,2.109475294342645e-22
1298100,0.0,7.403128456137e-45,9959.330658097233,0.9964229611557892,2.1080278728677573e-22
1298160,0.0,7.39800775790462e-45,9959.330658097238,0.9964229611557891,2.1065804513928694e-22
1298220,0.0,7.392887059672242e-45,9959.330658097246,0.996422961155789,2.1051330299179822e-22
1298280,0.0,7.387766361439864e-45,9959.330658097251,0.996422961155789,2.1036856084430944e-22
1298340,0.0,7.382645663207485e-45,9959.330658097257,0.9964229611557889,2.1022381869682067e-22
1298400,0.0,7.377524964975107e-45,9959.330658097262,0.9964229611557889,2.100790765493319e-22
1298460,0.0,7.372404266742728e-45,9959.330658097268,0.9964229611557888,2.0993433440184315e-22
1298520,0.0,7.367283568510348e-45,9959.330658097275,0.9964229611557888,2.0978959225435438e-22
1298580,0.0,7.362162870277972e-45,9959.33065809728,0.9964229611557887,2.0964485010686564e-22
1298640,0.0,7.357042172045592e-45,9959.330658097286,0.9964229611557887,2.0950010795937688e-22
1298700,0.0,7.351921473813213e-45,9959.330658097291,0.9964229611557885,2.0935536581188812e-22
1298760,0.0,7.346800775580835e-45,9959.330658097297,0.9964229611557884,2.0921062366439935e-22
1298820,0.0,7.341680077348456e-45,9959.330658097304,0.9964229611557884,2.090658815169106e-22
1298880,0.0,7.336559379116078e-45,9959.33065809731,0.9964229611557883,2.0892113936942183e-22
1298940,0.0,7.3314386808837e-45,9959.330658097315,0.9964229611557883,2.0877639722193309e-22
1299000,0.0,7.32631798265132e-45,9959.33065809732,0.9964229611557882,2.0863165507444432e-22
1299060,0.0,7.321197284418942e-45,9959.330658097328,0.9964229611557882,2.0848691292695556e-22
1299120,0.0,7.316076586186563e-45,9959.330658097333,0.9964229611557881,2.083421707794668e-22
1299180,0.0,7.310955887954184e-45,9959.330658097339,0.9964229611557881,2.0819742863197803e-22
1299240,0.0,7.305835189721807e-45,9959.330658097344,0.996422961155788,2.080526864844893e-22
1299300,0.0,7.300714491489428e-45,9959.33065809735,0.996422961155788,2.0790794433700053e-22
1299360,0.0,7.29559379325705e-45,9959.330658097357,0.9964229611557879,2.0776320218951177e-22
1299420,0.0,7.290473095024671e-45,9959.330658097362,0.9964229611557878,2.0761846004202298e-22
1299480,0.0,7.285352396792291e-45,9959.330658097368,0.9964229611557878,2.0747371789453421e-22
1299540,0.0,7.280231698559913e-45,9959.330658097373,0.9964229611557877,2.0732897574704545e-22
1299600,0.0,7.275111000327535e-45,9959.330658097379,0.9964229611557877,2.071842335995567e-22
1299660,0.0,7.269990302095156e-45,9959.330658097386,0.9964229611557875,2.0703949145206795e-22
1299720,0.0,7.264869603862778e-45,9959.330658097391,0.9964229611557875,2.0689474930457918e-22
1299780,0.0,7.259748905630399e-45,9959.330658097397,0.9964229611557874,2.0675000715709042e-22
1299840,0.0,7.254628207398021e-45,9959.330658097402,0.9964229611557874,2.0660526500960166e-22
1299900,0.0,7.249507509165642e-45,9959.33065809741,0.9964229611557873,2.064605228621129e-22
1299960,0.0,7.244386810933264e-45,9959.330658097415,0.9964229611557872,2.0631578071462415e-22
1300020,0.0,7.239266112700885e-45,9959.33065809742,0.9964229611557872,2.061710385671354e-22
1300080,0.0,7.234145414468506e-45,9959.330658097426,0.9964229611557871,2.0602629641964663e-22
1300140,0.0,7.229024716236127e-45,9959.330658097431,0.9964229611557871,2.0588155427215786e-22
1300200,0.0,7.223904018003749e-45,9959.330658097439,0.996422961155787,2.057368121246691e-22
1300260,0.0,7.218783319771371e-45,9959.330658097444,0.996422961155787,2.0559206997718036e-22
1300320,0.0,7.213662621538992e-45,9959.33065809745,0.9964229611557869,2.054473278296916e-22
1300380,0.0,7.208541923306614e-45,9959.330658097455,0.9964229611557869,2.0530258568220283e-22
1300440,0.0,7.203421225074234e-45,9959.33065809746,0.9964229611557868,2.0515784353471407e-22
1300500,0.0,7.198300526841856e-45,9959.330658097468,0.9964229611557868,2.0501310138722528e-22
1300560,0.0,7.193179828609477e-45,9959.330658097473,0.9964229611557867,2.0486835923973652e-22
1300620,0.0,7.188059130377099e-45,9959.330658097479,0.9964229611557865,2.0472361709224778e-22
1300680,0.0,7.182938432144721e-45,9959.330658097484,0.9964229611557865,2.0457887494475902e-22
1300740,0.0,7.177817733912342e-45,9959.330658097491,0.9964229611557864,2.0443413279727025e-22
1300800,0.0,7.172697035679964e-45,9959.330658097497,0.9964229611557864,2.042893906497815e-22
1300860,0.0,7.167576337447585e-45,9959.330658097502,0.9964229611557863,2.0414464850229273e-22
1300920,0.0,7.162455639215205e-45,9959.330658097508,0.9964229611557863,2.0399990635480396e-22
1300980,0.0,7.157334940982828e-45,9959.330658097513,0.9964229611557862,2.0385516420731522e-22
1301040,0.0,7.152214242750449e-45,9959.33065809752,0.9964229611557862,2.0371042205982646e-22
1301100,0.0,7.14709354451807e-45,9959.330658097526,0.9964229611557861,2.035656799123377e-22
1301160,0.0,7.141972846285692e-45,9959.330658097531,0.996422961155786,2.0342093776484893e-22
1301220,0.0,7.136852148053313e-45,9959.330658097537,0.996422961155786,2.0327619561736017e-22
1301280,0.0,7.131731449820935e-45,9959.330658097544,0.9964229611557859,2.0313145346987143e-22
1301340,0.0,7.126610751588557e-45,9959.33065809755,0.9964229611557859,2.0298671132238266e-22
1301400,0.0,7.121490053356177e-45,9959.330658097555,0.9964229611557858,2.028419691748939e-22
1301460,0.0,7.116369355123799e-45,9959.33065809756,0.9964229611557858,2.0269722702740514e-22
1301520,0.0,7.11124865689142e-45,9959.330658097566,0.9964229611557857,2.0255248487991637e-22
1301580,0.0,7.106127958659041e-45,9959.330658097573,0.9964229611557857,2.0240774273242759e-22
1301640,0.0,7.101007260426664e-45,9959.330658097579,0.9964229611557855,2.0226300058493887e-22
1301700,0.0,7.095886562194285e-45,9959.330658097584,0.9964229611557855,2.021182584374501e-22
1301760,0.0,7.090765863961906e-45,9959.33065809759,0.9964229611557854,2.0197351628996132e-22
1301820,0.0,7.085645165729528e-45,9959.330658097595,0.9964229611557853,2.0182877414247256e-22
1301880,0.0,7.080524467497148e-45,9959.330658097602,0.9964229611557853,2.016840319949838e-22
1301940,0.0,7.07540376926477e-45,9959.330658097608,0.9964229611557852,2.0153928984749503e-22
1302000,0.0,7.070283071032392e-45,9959.330658097613,0.9964229611557852,2.013945477000063e-22
1302060,0.0,7.065162372800013e-45,9959.330658097619,0.9964229611557851,2.0124980555251753e-22
1302120,0.0,7.060041674567635e-45,9959.330658097626,0.9964229611557851,2.0110506340502876e-22
1302180,0.0,7.054920976335256e-45,9959.330658097631,0.996422961155785,2.0096032125754e-22
1302240,0.0,7.049800278102878e-45,9959.330658097637,0.996422961155785,2.0081557911005124e-22
1302300,0.0,7.0446795798705e-45,9959.330658097642,0.9964229611557849,2.006708369625625e-22
1302360,0.0,7.03955888163812e-45,9959.330658097648,0.9964229611557848,2.0052609481507373e-22
1302420,0.0,7.034438183405742e-45,9959.330658097655,0.9964229611557848,2.0038135266758497e-22
1302480,0.0,7.029317485173363e-45,9959.33065809766,0.9964229611557847,2.002366105200962e-22
1302540,0.0,7.024196786940984e-45,9959.330658097666,0.9964229611557847,2.0009186837260744e-22
1302600,0.0,7.019076088708606e-45,9959.330658097671,0.9964229611557845,1.9994712622511868e-22
1302660,0.0,7.013955390476228e-45,9959.330658097677,0.9964229611557845,1.9980238407762994e-22
1302720,0.0,7.008834692243849e-45,9959.330658097684,0.9964229611557844,1.9965764193014118e-22
1302780,0.0,7.00371399401147e-45,9959.33065809769,0.9964229611557844,1.9951289978265241e-22
1302840,0.0,6.998593295779091e-45,9959.330658097695,0.9964229611557843,1.9936815763516363e-22
1302900,0.0,6.993472597546713e-45,9959.3306580977,0.9964229611557842,1.9922341548767486e-22
1302960,0.0,6.988351899314334e-45,9959.330658097708,0.9964229611557842,1.990786733401861e-22
1303020,0.0,6.983231201081956e-45,9959.330658097713,0.9964229611557841,1.9893393119269736e-22
1303080,0.0,6.978110502849578e-45,9959.330658097719,0.9964229611557841,1.987891890452086e-22
1303140,0.0,6.972989804617199e-45,9959.330658097724,0.996422961155784,1.9864444689771983e-22
1303200,0.0,6.96786910638482e-45,9959.33065809773,0.996422961155784,1.9849970475023107e-22
1303260,0.0,6.962748408152441e-45,9959.330658097737,0.9964229611557839,1.983549626027423e-22
1303320,0.0,6.957627709920062e-45,9959.330658097742,0.9964229611557839,1.9821022045525354e-22
1303380,0.0,6.952507011687685e-45,9959.330658097748,0.9964229611557838,1.980654783077648e-22
1303440,0.0,6.947386313455306e-45,9959.330658097753,0.9964229611557838,1.9792073616027604e-22
1303500,0.0,6.942265615222927e-45,9959.330658097759,0.9964229611557837,1.9777599401278727e-22
1303560,0.0,6.937144916990549e-45,9959.330658097766,0.9964229611557835,1.976312518652985e-22
1303620,0.0,6.93202421875817e-45,9959.330658097771,0.9964229611557835,1.9748650971780975e-22
1303680,0.0,6.926903520525792e-45,9959.330658097777,0.9964229611557834,1.97341767570321e-22
1303740,0.0,6.921782822293414e-45,9959.330658097782,0.9964229611557834,1.9719702542283224e-22
1303800,0.0,6.916662124061034e-45,9959.33065809779,0.9964229611557833,1.9705228327534348e-22
1303860,0.0,6.911541425828656e-45,9959.330658097795,0.9964229611557833,1.9690754112785472e-22
1303920,0.0,6.906420727596277e-45,9959.3306580978,0.9964229611557832,1.9676279898036593e-22
1303980,0.0,6.901300029363898e-45,9959.330658097806,0.9964229611557832,1.9661805683287717e-22
1304040,0.0,6.896179331131521e-45,9959.330658097811,0.9964229611557831,1.9647331468538845e-22
1304100,0.0,6.891058632899142e-45,9959.330658097819,0.996422961155783,1.9632857253789966e-22
1304160,0.0,6.885937934666762e-45,9959.330658097824,0.996422961155783,1.961838303904109e-22
1304220,0.0,6.880817236434384e-45,9959.33065809783,0.9964229611557829,1.9603908824292214e-22
1304280,0.0,6.875696538202005e-45,9959.330658097835,0.9964229611557829,1.9589434609543337e-22
1304340,0.0,6.870575839969627e-45,9959.330658097842,0.9964229611557828,1.957496039479446e-22
1304400,0.0,6.865455141737249e-45,9959.330658097848,0.9964229611557828,1.9560486180045587e-22
1304460,0.0,6.86033444350487e-45,9959.330658097853,0.9964229611557827,1.954601196529671e-22
1304520,0.0,6.855213745272492e-45,9959.330658097859,0.9964229611557827,1.9531537750547834e-22
1304580,0.0,6.850093047040113e-45,9959.330658097864,0.9964229611557825,1.9517063535798958e-22
1304640,0.0,6.844972348807733e-45,9959.330658097871,0.9964229611557825,1.9502589321050082e-22
1304700,0.0,6.839851650575357e-45,9959.330658097877,0.9964229611557824,1.9488115106301208e-22
1304760,0.0,6.834730952342977e-45,9959.330658097882,0.9964229611557823,1.9473640891552331e-22
1304820,0.0,6.829610254110598e-45,9959.330658097888,0.9964229611557823,1.9459166676803455e-22
1304880,0.0,6.82448955587822e-45,9959.330658097893,0.9964229611557822,1.9444692462054579e-22
1304940,0.0,6.819368857645841e-45,9959.3306580979,0.9964229611557822,1.9430218247305702e-22
1305000,0.0,6.814248159413463e-45,9959.330658097906,0.9964229611557821,1.9415744032556823e-22
1305060,0.0,6.809127461181085e-45,9959.330658097912,0.9964229611557821,1.9401269817807952e-22
1305120,0.0,6.804006762948705e-45,9959.330658097917,0.996422961155782,1.9386795603059075e-22
1305180,0.0,6.798886064716327e-45,9959.330658097924,0.996422961155782,1.9372321388310197e-22
1305240,0.0,6.793765366483948e-45,9959.33065809793,0.9964229611557819,1.935784717356132e-22
1305300,0.0,6.78864466825157e-45,9959.330658097935,0.9964229611557818,1.9343372958812444e-22
1305360,0.0,6.783523970019191e-45,9959.33065809794,0.9964229611557818,1.9328898744063568e-22
1305420,0.0,6.778403271786813e-45,9959.330658097946,0.9964229611557817,1.9314424529314694e-22
1305480,0.0,6.773282573554435e-45,9959.330658097953,0.9964229611557817,1.9299950314565817e-22
1305540,0.0,6.768161875322056e-45,9959.330658097959,0.9964229611557816,1.928547609981694e-22
1305600,0.0,6.763041177089676e-45,9959.330658097964,0.9964229611557816,1.9271001885068065e-22
1305660,0.0,6.757920478857298e-45,9959.33065809797,0.9964229611557814,1.9256527670319188e-22
1305720,0.0,6.75279978062492e-45,9959.330658097975,0.9964229611557814,1.9242053455570314e-22
1305780,0.0,6.747679082392541e-45,9959.330658097982,0.9964229611557813,1.9227579240821438e-22
1305840,0.0,6.742558384160163e-45,9959.330658097988,0.9964229611557813,1.9213105026072562e-22
1305900,0.0,6.737437685927784e-45,9959.330658097993,0.9964229611557812,1.9198630811323685e-22
1305960,0.0,6.732316987695406e-45,9959.330658097999,0.9964229611557811,1.918415659657481e-22
1306020,0.0,6.727196289463026e-45,9959.330658098006,0.9964229611557811,1.9169682381825933e-22
1306080,0.0,6.722075591230648e-45,9959.330658098012,0.996422961155781,1.9155208167077059e-22
1306140,0.0,6.71695489299827e-45,9959.330658098017,0.996422961155781,1.9140733952328182e-22
1306200,0.0,6.711834194765891e-45,9959.330658098022,0.9964229611557809,1.9126259737579306e-22
1306260,0.0,6.706713496533512e-45,9959.330658098028,0.9964229611557809,1.9111785522830427e-22
1306320,0.0,6.701592798301134e-45,9959.330658098035,0.9964229611557808,1.909731130808155e-22
1306380,0.0,6.696472100068755e-45,9959.33065809804,0.9964229611557808,1.9082837093332675e-22
1306440,0.0,6.691351401836378e-45,9959.330658098046,0.9964229611557807,1.90683628785838e-22
1306500,0.0,6.686230703603999e-45,9959.330658098052,0.9964229611557806,1.9053888663834924e-22
1306560,0.0,6.681110005371619e-45,9959.330658098057,0.9964229611557806,1.9039414449086048e-22
1306620,0.0,6.675989307139241e-45,9959.330658098064,0.9964229611557804,1.9024940234337172e-22
1306680,0.0,6.670868608906862e-45,9959.33065809807,0.9964229611557804,1.9010466019588295e-22
1306740,0.0,6.665747910674484e-45,9959.330658098075,0.9964229611557803,1.8995991804839421e-22
1306800,0.0,6.660627212442106e-45,9959.33065809808,0.9964229611557803,1.8981517590090545e-22
1306860,0.0,6.655506514209727e-45,9959.330658098088,0.9964229611557802,1.8967043375341669e-22
1306920,0.0,6.650385815977349e-45,9959.330658098093,0.9964229611557802,1.8952569160592792e-22
1306980,0.0,6.64526511774497e-45,9959.330658098099,0.9964229611557801,1.8938094945843916e-22
1307040,0.0,6.64014441951259e-45,9959.330658098104,0.9964229611557801,1.892362073109504e-22
1307100,0.0,6.635023721280213e-45,9959.33065809811,0.99642296115578,1.8909146516346165e-22
1307160,0.0,6.629903023047834e-45,9959.330658098117,0.9964229611557799,1.889467230159729e-22
1307220,0.0,6.624782324815455e-45,9959.330658098123,0.9964229611557799,1.8880198086848413e-22
1307280,0.0,6.619661626583077e-45,9959.330658098128,0.9964229611557798,1.8865723872099536e-22
1307340,0.0,6.614540928350698e-45,9959.330658098133,0.9964229611557798,1.8851249657350658e-22
1307400,0.0,6.60942023011832e-45,9959.33065809814,0.9964229611557797,1.8836775442601781e-22
1307460,0.0,6.604299531885942e-45,9959.330658098146,0.9964229611557797,1.882230122785291e-22
1307520,0.0,6.599178833653562e-45,9959.330658098152,0.9964229611557796,1.880782701310403e-22
1307580,0.0,6.594058135421184e-45,9959.330658098157,0.9964229611557796,1.8793352798355155e-22
1307640,0.0,6.588937437188805e-45,9959.330658098163,0.9964229611557794,1.8778878583606278e-22
1307700,0.0,6.583816738956426e-45,9959.33065809817,0.9964229611557793,1.8764404368857402e-22
1307760,0.0,6.578696040724049e-45,9959.330658098175,0.9964229611557793,1.8749930154108528e-22
1307820,0.0,6.57357534249167e-45,9959.33065809818,0.9964229611557792,1.8735455939359652e-22
1307880,0.0,6.568454644259292e-45,9959.330658098186,0.9964229611557792,1.8720981724610775e-22
1307940,0.0,6.563333946026912e-45,9959.330658098192,0.9964229611557791,1.87065075098619e-22
1308000,0.0,6.558213247794533e-45,9959.330658098199,0.9964229611557791,1.8692033295113023e-22
1308060,0.0,6.553092549562155e-45,9959.330658098204,0.996422961155779,1.8677559080364146e-22
1308120,0.0,6.547971851329777e-45,9959.33065809821,0.996422961155779,1.8663084865615272e-22
1308180,0.0,6.542851153097398e-45,9959.330658098215,0.9964229611557789,1.8648610650866396e-22
1308240,0.0,6.53773045486502e-45,9959.330658098223,0.9964229611557788,1.863413643611752e-22
1308300,0.0,6.532609756632641e-45,9959.330658098228,0.9964229611557788,1.8619662221368643e-22
1308360,0.0,6.527489058400263e-45,9959.330658098233,0.9964229611557787,1.8605188006619767e-22
1308420,0.0,6.522368360167883e-45,9959.330658098239,0.9964229611557787,1.8590713791870888e-22
1308480,0.0,6.517247661935505e-45,9959.330658098244,0.9964229611557786,1.8576239577122017e-22
1308540,0.0,6.512126963703127e-45,9959.330658098252,0.9964229611557786,1.856176536237314e-22
1308600,0.0,6.507006265470748e-45,9959.330658098257,0.9964229611557784,1.8547291147624262e-22
1308660,0.0,6.501885567238369e-45,9959.330658098263,0.9964229611557784,1.8532816932875385e-22
1308720,0.0,6.496764869005991e-45,9959.330658098268,0.9964229611557783,1.851834271812651e-22
1308780,0.0,6.491644170773612e-45,9959.330658098273,0.9964229611557783,1.8503868503377632e-22
1308840,0.0,6.486523472541234e-45,9959.33065809828,0.9964229611557782,1.8489394288628758e-22
1308900,0.0,6.481402774308856e-45,9959.330658098286,0.9964229611557781,1.8474920073879882e-22
1308960,0.0,6.476282076076476e-45,9959.330658098292,0.9964229611557781,1.8460445859131006e-22
1309020,0.0,6.471161377844098e-45,9959.330658098297,0.996422961155778,1.844597164438213e-22
1309080,0.0,6.466040679611719e-45,9959.330658098304,0.996422961155778,1.8431497429633253e-22
1309140,0.0,6.460919981379341e-45,9959.33065809831,0.9964229611557779,1.841702321488438e-22
1309200,0.0,6.455799283146963e-45,9959.330658098315,0.9964229611557779,1.8402549000135503e-22
1309260,0.0,6.450678584914584e-45,9959.33065809832,0.9964229611557778,1.8388074785386626e-22
1309320,0.0,6.445557886682206e-45,9959.330658098326,0.9964229611557778,1.837360057063775e-22
1309380,0.0,6.440437188449826e-45,9959.330658098334,0.9964229611557777,1.8359126355888874e-22
1309440,0.0,6.435316490217447e-45,9959.330658098339,0.9964229611557776,1.8344652141139997e-22
1309500,0.0,6.43019579198507e-45,9959.330658098344,0.9964229611557776,1.8330177926391123e-22
1309560,0.0,6.425075093752691e-45,9959.33065809835,0.9964229611557774,1.8315703711642247e-22
1309620,0.0,6.419954395520312e-45,9959.330658098355,0.9964229611557774,1.830122949689337e-22
1309680,0.0,6.414833697287934e-45,9959.330658098363,0.9964229611557773,1.8286755282144492e-22
1309740,0.0,6.409712999055555e-45,9959.330658098368,0.9964229611557773,1.8272281067395616e-22
1309800,0.0,6.404592300823177e-45,9959.330658098374,0.9964229611557772,1.825780685264674e-22
1309860,0.0,6.399471602590799e-45,9959.330658098379,0.9964229611557772,1.8243332637897865e-22
1309920,0.0,6.394350904358419e-45,9959.330658098386,0.9964229611557771,1.822885842314899e-22
1309980,0.0,6.389230206126041e-45,9959.330658098392,0.9964229611557771,1.8214384208400113e-22
1310040,0.0,6.384109507893662e-45,9959.330658098397,0.996422961155777,1.8199909993651236e-22
1310100,0.0,6.378988809661283e-45,9959.330658098403,0.9964229611557769,1.818543577890236e-22
1310160,0.0,6.373868111428906e-45,9959.330658098408,0.9964229611557769,1.8170961564153486e-22
1310220,0.0,6.368747413196527e-45,9959.330658098415,0.9964229611557768,1.815648734940461e-22
1310280,0.0,6.363626714964147e-45,9959.33065809842,0.9964229611557768,1.8142013134655733e-22
1310340,0.0,6.35850601673177e-45,9959.330658098426,0.9964229611557767,1.8127538919906857e-22
1310400,0.0,6.35338531849939e-45,9959.330658098432,0.9964229611557767,1.811306470515798e-22
1310460,0.0,6.348264620267012e-45,9959.330658098439,0.9964229611557766,1.8098590490409104e-22
1310520,0.0,6.343143922034634e-45,9959.330658098444,0.9964229611557766,1.808411627566023e-22
1310580,0.0,6.338023223802255e-45,9959.33065809845,0.9964229611557764,1.8069642060911354e-22
1310640,0.0,6.332902525569877e-45,9959.330658098455,0.9964229611557763,1.8055167846162478e-22
1310700,0.0,6.327781827337498e-45,9959.33065809846,0.9964229611557763,1.80406936314136e-22
1310760,0.0,6.322661129105118e-45,9959.330658098468,0.9964229611557762,1.8026219416664722e-22
1310820,0.0,6.31754043087274e-45,9959.330658098474,0.9964229611557762,1.8011745201915846e-22
1310880,0.0,6.312419732640362e-45,9959.330658098479,0.9964229611557761,1.7997270987166974e-22
1310940,0.0,6.307299034407984e-45,9959.330658098484,0.9964229611557761,1.7982796772418096e-22
1311000,0.0,6.302178336175605e-45,9959.33065809849,0.996422961155776,1.796832255766922e-22
1311060,0.0,6.297057637943226e-45,9959.330658098497,0.996422961155776,1.7953848342920343e-22
1311120,0.0,6.291936939710848e-45,9959.330658098503,0.9964229611557759,1.7939374128171467e-22
1311180,0.0,6.28681624147847e-45,9959.330658098508,0.9964229611557759,1.7924899913422593e-22
1311240,0.0,6.28169554324609e-45,9959.330658098514,0.9964229611557758,1.7910425698673716e-22
1311300,0.0,6.276574845013712e-45,9959.33065809852,0.9964229611557757,1.789595148392484e-22
1311360,0.0,6.271454146781333e-45,9959.330658098526,0.9964229611557757,1.7881477269175964e-22
1311420,0.0,6.266333448548955e-45,9959.330658098532,0.9964229611557756,1.7867003054427087e-22
1311480,0.0,6.261212750316576e-45,9959.330658098537,0.9964229611557756,1.785252883967821e-22
1311540,0.0,6.256092052084198e-45,9959.330658098543,0.9964229611557754,1.7838054624929337e-22
1311600,0.0,6.25097135385182e-45,9959.33065809855,0.9964229611557754,1.782358041018046e-22
1311660,0.0,6.24585065561944e-45,9959.330658098555,0.9964229611557753,1.7809106195431584e-22
1311720,0.0,6.240729957387061e-45,9959.33065809856,0.9964229611557753,1.7794631980682708e-22
1311780,0.0,6.235609259154683e-45,9959.330658098566,0.9964229611557752,1.7780157765933832e-22
1311840,0.0,6.230488560922304e-45,9959.330658098572,0.9964229611557751,1.7765683551184955e-22
1311900,0.0,6.225367862689926e-45,9959.330658098579,0.9964229611557751,1.7751209336436081e-22
1311960,0.0,6.220247164457548e-45,9959.330658098585,0.996422961155775,1.7736735121687205e-22
1312020,0.0,6.215126466225169e-45,9959.33065809859,0.996422961155775,1.7722260906938326e-22
1312080,0.0,6.210005767992791e-45,9959.330658098595,0.9964229611557749,1.770778669218945e-22
1312140,0.0,6.204885069760411e-45,9959.330658098603,0.9964229611557749,1.7693312477440574e-22
1312200,0.0,6.199764371528033e-45,9959.330658098608,0.9964229611557748,1.76788382626917e-22
1312260,0.0,6.194643673295655e-45,9959.330658098614,0.9964229611557748,1.7664364047942823e-22
1312320,0.0,6.189522975063276e-45,9959.33065809862,0.9964229611557747,1.7649889833193947e-22
1312380,0.0,6.184402276830898e-45,9959.330658098625,0.9964229611557747,1.763541561844507e-22
1312440,0.0,6.179281578598519e-45,9959.330658098632,0.9964229611557746,1.7620941403696194e-22
1312500,0.0,6.17416088036614e-45,9959.330658098637,0.9964229611557744,1.7606467188947318e-22
1312560,0.0,6.169040182133763e-45,9959.330658098643,0.9964229611557744,1.7591992974198444e-22
1312620,0.0,6.163919483901384e-45,9959.330658098648,0.9964229611557743,1.7577518759449567e-22
1312680,0.0,6.158798785669004e-45,9959.330658098654,0.9964229611557743,1.756304454470069e-22
1312740,0.0,6.153678087436626e-45,9959.330658098661,0.9964229611557742,1.7548570329951815e-22
1312800,0.0,6.148557389204247e-45,9959.330658098666,0.9964229611557742,1.7534096115202938e-22
1312860,0.0,6.143436690971869e-45,9959.330658098672,0.9964229611557741,1.7519621900454062e-22
1312920,0.0,6.138315992739491e-45,9959.330658098677,0.9964229611557741,1.7505147685705188e-22
1312980,0.0,6.133195294507112e-45,9959.330658098685,0.996422961155774,1.7490673470956312e-22
1313040,0.0,6.128074596274734e-45,9959.33065809869,0.9964229611557739,1.7476199256207435e-22
1313100,0.0,6.122953898042354e-45,9959.330658098695,0.9964229611557739,1.7461725041458557e-22
1313160,0.0,6.117833199809975e-45,9959.330658098701,0.9964229611557738,1.744725082670968e-22
1313220,0.0,6.112712501577598e-45,9959.330658098706,0.9964229611557738,1.7432776611960809e-22
1313280,0.0,6.107591803345219e-45,9959.330658098714,0.9964229611557737,1.741830239721193e-22
1313340,0.0,6.10247110511284e-45,9959.33065809872,0.9964229611557737,1.7403828182463054e-22
1313400,0.0,6.097350406880462e-45,9959.330658098725,0.9964229611557736,1.7389353967714177e-22
1313460,0.0,6.092229708648083e-45,9959.33065809873,0.9964229611557736,1.73748797529653e-22
1313520,0.0,6.087109010415705e-45,9959.330658098737,0.9964229611557734,1.7360405538216425e-22
1313580,0.0,6.081988312183327e-45,9959.330658098743,0.9964229611557733,1.734593132346755e-22
1313640,0.0,6.076867613950947e-45,9959.330658098748,0.9964229611557733,1.7331457108718674e-22
1313700,0.0,6.071746915718569e-45,9959.330658098754,0.9964229611557732,1.7316982893969798e-22
1313760,0.0,6.06662621748619e-45,9959.33065809876,0.9964229611557732,1.7302508679220922e-22
1313820,0.0,6.061505519253812e-45,9959.330658098766,0.9964229611557731,1.7288034464472045e-22
1313880,0.0,6.056384821021433e-45,9959.330658098772,0.9964229611557731,1.727356024972317e-22
1313940,0.0,6.051264122789055e-45,9959.330658098777,0.996422961155773,1.7259086034974295e-22
1314000,0.0,6.046143424556677e-45,9959.330658098783,0.996422961155773,1.7244611820225419e-22
1314060,0.0,6.041022726324297e-45,9959.330658098788,0.9964229611557729,1.7230137605476542e-22
1314120,0.0,6.035902028091918e-45,9959.330658098796,0.9964229611557729,1.7215663390727666e-22
1314180,0.0,6.03078132985954e-45,9959.330658098801,0.9964229611557728,1.720118917597879e-22
1314240,0.0,6.025660631627162e-45,9959.330658098806,0.9964229611557727,1.7186714961229916e-22
1314300,0.0,6.020539933394783e-45,9959.330658098812,0.9964229611557727,1.717224074648104e-22
1314360,0.0,6.015419235162405e-45,9959.33065809882,0.9964229611557726,1.715776653173216e-22
1314420,0.0,6.010298536930026e-45,9959.330658098825,0.9964229611557726,1.7143292316983284e-22
1314480,0.0,6.005177838697648e-45,9959.33065809883,0.9964229611557724,1.7128818102234408e-22
1314540,0.0,6.000057140465268e-45,9959.330658098836,0.9964229611557724,1.7114343887485531e-22
1314600,0.0,5.99493644223289e-45,9959.330658098841,0.9964229611557723,1.7099869672736657e-22
1314660,0.0,5.989815744000512e-45,9959.330658098848,0.9964229611557723,1.708539545798778e-22
1314720,0.0,5.984695045768133e-45,9959.330658098854,0.9964229611557722,1.7070921243238905e-22
1314780,0.0,5.979574347535754e-45,9959.33065809886,0.9964229611557721,1.7056447028490028e-22
1314840,0.0,5.974453649303376e-45,9959.330658098865,0.9964229611557721,1.7041972813741152e-22
1314900,0.0,5.969332951070996e-45,9959.33065809887,0.996422961155772,1.7027498598992276e-22
1314960,0.0,5.96421225283862e-45,9959.330658098877,0.996422961155772,1.7013024384243402e-22
1315020,0.0,5.95909155460624e-45,9959.330658098883,0.9964229611557719,1.6998550169494525e-22
1315080,0.0,5.953970856373861e-45,9959.330658098888,0.9964229611557719,1.698407595474565e-22
1315140,0.0,5.948850158141483e-45,9959.330658098894,0.9964229611557718,1.6969601739996773e-22
1315200,0.0,5.943729459909104e-45,9959.330658098901,0.9964229611557718,1.6955127525247896e-22
1315260,0.0,5.938608761676726e-45,9959.330658098906,0.9964229611557717,1.694065331049902e-22
1315320,0.0,5.933488063444348e-45,9959.330658098912,0.9964229611557717,1.6926179095750146e-22
1315380,0.0,5.928367365211969e-45,9959.330658098917,0.9964229611557716,1.691170488100127e-22
1315440,0.0,5.92324666697959e-45,9959.330658098923,0.9964229611557714,1.6897230666252393e-22
1315500,0.0,5.918125968747211e-45,9959.33065809893,0.9964229611557714,1.6882756451503515e-22
1315560,0.0,5.913005270514832e-45,9959.330658098936,0.9964229611557713,1.6868282236754638e-22
1315620,0.0,5.907884572282455e-45,9959.330658098941,0.9964229611557713,1.6853808022005764e-22
1315680,0.0,5.902763874050076e-45,9959.330658098947,0.9964229611557712,1.6839333807256888e-22
1315740,0.0,5.897643175817697e-45,9959.330658098952,0.9964229611557712,1.6824859592508012e-22
1315800,0.0,5.892522477585319e-45,9959.33065809896,0.9964229611557711,1.6810385377759135e-22
1315860,0.0,5.88740177935294e-45,9959.330658098965,0.9964229611557711,1.679591116301026e-22
1315920,0.0,5.882281081120561e-45,9959.33065809897,0.996422961155771,1.6781436948261383e-22
1315980,0.0,5.877160382888183e-45,9959.330658098976,0.9964229611557709,1.6766962733512509e-22
1316040,0.0,5.872039684655804e-45,9959.330658098983,0.9964229611557709,1.6752488518763632e-22
1316100,0.0,5.866918986423426e-45,9959.330658098988,0.9964229611557708,1.6738014304014756e-22
1316160,0.0,5.861798288191047e-45,9959.330658098994,0.9964229611557708,1.672354008926588e-22
1316220,0.0,5.856677589958668e-45,9959.330658099,0.9964229611557707,1.6709065874517003e-22
1316280,0.0,5.85155689172629e-45,9959.330658099005,0.9964229611557707,1.6694591659768127e-22
1316340,0.0,5.846436193493912e-45,9959.330658099012,0.9964229611557706,1.6680117445019253e-22
1316400,0.0,5.841315495261532e-45,9959.330658099017,0.9964229611557706,1.6665643230270376e-22
1316460,0.0,5.836194797029154e-45,9959.330658099023,0.9964229611557704,1.66511690155215e-22
1316520,0.0,5.831074098796775e-45,9959.330658099028,0.9964229611557704,1.6636694800772624e-22
1316580,0.0,5.825953400564397e-45,9959.330658099036,0.9964229611557703,1.6622220586023745e-22
1316640,0.0,5.820832702332019e-45,9959.330658099041,0.9964229611557702,1.6607746371274873e-22
1316700,0.0,5.81571200409964e-45,9959.330658099047,0.9964229611557702,1.6593272156525995e-22
1316760,0.0,5.810591305867262e-45,9959.330658099052,0.9964229611557701,1.6578797941777118e-22
1316820,0.0,5.805470607634883e-45,9959.330658099057,0.9964229611557701,1.6564323727028242e-22
1316880,0.0,5.800349909402504e-45,9959.330658099065,0.99642296115577,1.6549849512279366e-22
1316940,0.0,5.795229211170125e-45,9959.33065809907,0.99642296115577,1.653537529753049e-22
1317000,0.0,5.790108512937747e-45,9959.330658099076,0.9964229611557699,1.6520901082781615e-22
1317060,0.0,5.784987814705369e-45,9959.330658099081,0.9964229611557699,1.650642686803274e-22
1317120,0.0,5.77986711647299e-45,9959.330658099087,0.9964229611557698,1.6491952653283863e-22
1317180,0.0,5.774746418240611e-45,9959.330658099094,0.9964229611557697,1.6477478438534986e-22
1317240,0.0,5.769625720008233e-45,9959.3306580991,0.9964229611557697,1.646300422378611e-22
1317300,0.0,5.764505021775853e-45,9959.330658099105,0.9964229611557696,1.6448530009037234e-22
1317360,0.0,5.759384323543475e-45,9959.33065809911,0.9964229611557696,1.643405579428836e-22
1317420,0.0,5.754263625311097e-45,9959.330658099117,0.9964229611557694,1.6419581579539483e-22
1317480,0.0,5.749142927078718e-45,9959.330658099123,0.9964229611557694,1.6405107364790607e-22
1317540,0.0,5.74402222884634e-45,9959.330658099128,0.9964229611557693,1.639063315004173e-22
1317600,0.0,5.738901530613961e-45,9959.330658099134,0.9964229611557693,1.6376158935292854e-22
1317660,0.0,5.733780832381583e-45,9959.33065809914,0.9964229611557692,1.636168472054398e-22
1317720,0.0,5.728660134149205e-45,9959.330658099147,0.9964229611557692,1.6347210505795104e-22
1317780,0.0,5.723539435916826e-45,9959.330658099152,0.9964229611557691,1.6332736291046228e-22
1317840,0.0,5.718418737684446e-45,9959.330658099158,0.996422961155769,1.631826207629735e-22
1317900,0.0,5.713298039452068e-45,9959.330658099163,0.996422961155769,1.6303787861548473e-22
1317960,0.0,5.708177341219689e-45,9959.330658099168,0.9964229611557689,1.6289313646799596e-22
1318020,0.0,5.703056642987312e-45,9959.330658099176,0.9964229611557689,1.6274839432050722e-22
1318080,0.0,5.697935944754933e-45,9959.330658099181,0.9964229611557688,1.6260365217301846e-22
1318140,0.0,5.692815246522554e-45,9959.330658099187,0.9964229611557688,1.624589100255297e-22
1318200,0.0,5.687694548290176e-45,9959.330658099192,0.9964229611557687,1.6231416787804093e-22
1318260,0.0,5.682573850057796e-45,9959.3306580992,0.9964229611557687,1.6216942573055217e-22
1318320,0.0,5.677453151825418e-45,9959.330658099205,0.9964229611557686,1.620246835830634e-22
1318380,0.0,5.67233245359304e-45,9959.33065809921,0.9964229611557684,1.6187994143557466e-22
1318440,0.0,5.667211755360661e-45,9959.330658099216,0.9964229611557684,1.617351992880859e-22
1318500,0.0,5.662091057128283e-45,9959.330658099221,0.9964229611557683,1.6159045714059714e-22
1318560,0.0,5.656970358895904e-45,9959.330658099228,0.9964229611557683,1.6144571499310837e-22
1318620,0.0,5.651849660663525e-45,9959.330658099234,0.9964229611557682,1.613009728456196e-22
1318680,0.0,5.646728962431148e-45,9959.33065809924,0.9964229611557682,1.6115623069813087e-22
1318740,0.0,5.641608264198769e-45,9959.330658099245,0.9964229611557681,1.610114885506421e-22
1318800,0.0,5.636487565966389e-45,9959.33065809925,0.9964229611557681,1.6086674640315334e-22
1318860,0.0,5.631366867734011e-45,9959.330658099258,0.996422961155768,1.6072200425566458e-22
1318920,0.0,5.626246169501632e-45,9959.330658099263,0.9964229611557679,1.605772621081758e-22
1318980,0.0,5.621125471269254e-45,9959.330658099268,0.9964229611557679,1.6043251996068703e-22
1319040,0.0,5.616004773036876e-45,9959.330658099274,0.9964229611557678,1.602877778131983e-22
1319100,0.0,5.610884074804497e-45,9959.330658099281,0.9964229611557678,1.6014303566570953e-22
1319160,0.0,5.605763376572119e-45,9959.330658099287,0.9964229611557677,1.5999829351822076e-22
1319220,0.0,5.6006426783397394e-45,9959.330658099292,0.9964229611557677,1.59853551370732e-22
1319280,0.0,5.59552198010736e-45,9959.330658099298,0.9964229611557676,1.5970880922324324e-22
1319340,0.0,5.590401281874982e-45,9959.330658099303,0.9964229611557676,1.5956406707575447e-22
1319400,0.0,5.585280583642604e-45,9959.33065809931,0.9964229611557675,1.5941932492826573e-22
1319460,0.0,5.580159885410226e-45,9959.330658099316,0.9964229611557675,1.5927458278077697e-22
1319520,0.0,5.575039187177847e-45,9959.330658099321,0.9964229611557673,1.591298406332882e-22
1319580,0.0,5.569918488945468e-45,9959.330658099327,0.9964229611557672,1.5898509848579944e-22
1319640,0.0,5.564797790713089e-45,9959.330658099334,0.9964229611557672,1.5884035633831068e-22
1319700,0.0,5.5596770924807115e-45,9959.33065809934,0.9964229611557671,1.5869561419082194e-22
1319760,0.0,5.554556394248333e-45,9959.330658099345,0.9964229611557671,1.5855087204333318e-22
1319820,0.0,5.549435696015954e-45,9959.33065809935,0.996422961155767,1.5840612989584441e-22
1319880,0.0,5.544314997783575e-45,9959.330658099356,0.996422961155767,1.5826138774835565e-22
1319940,0.0,5.5391942995511964e-45,9959.330658099363,0.9964229611557669,1.5811664560086689e-22
1320000,0.0,5.534073601318818e-45,9959.330658099369,0.9964229611557669,1.579719034533781e-22
1320060,0.0,5.52895290308644e-45,9959.330658099374,0.9964229611557668,1.5782716130588938e-22
1320120,0.0,5.523832204854061e-45,9959.33065809938,0.9964229611557667,1.5768241915840062e-22
1320180,0.0,5.5187115066216824e-45,9959.330658099385,0.9964229611557667,1.5753767701091183e-22
1320240,0.0,5.513590808389304e-45,9959.330658099392,0.9964229611557666,1.5739293486342307e-22
1320300,0.0,5.508470110156925e-45,9959.330658099398,0.9964229611557666,1.572481927159343e-22
1320360,0.0,5.503349411924546e-45,9959.330658099403,0.9964229611557665,1.5710345056844554e-22
1320420,0.0,5.4982287136921685e-45,9959.330658099409,0.9964229611557665,1.569587084209568e-22
1320480,0.0,5.49310801545979e-45,9959.330658099416,0.9964229611557663,1.5681396627346804e-22
1320540,0.0,5.487987317227411e-45,9959.330658099421,0.9964229611557663,1.5666922412597927e-22
1320600,0.0,5.482866618995032e-45,9959.330658099427,0.9964229611557662,1.565244819784905e-22
1320660,0.0,5.477745920762653e-45,9959.330658099432,0.9964229611557662,1.5637973983100175e-22
1320720,0.0,5.4726252225302747e-45,9959.330658099438,0.9964229611557661,1.5623499768351298e-22
1320780,0.0,5.4675045242978966e-45,9959.330658099445,0.996422961155766,1.5609025553602424e-22
1320840,0.0,5.462383826065518e-45,9959.33065809945,0.996422961155766,1.5594551338853548e-22
1320900,0.0,5.4572631278331394e-45,9959.330658099456,0.9964229611557659,1.5580077124104672e-22
1320960,0.0,5.452142429600761e-45,9959.330658099461,0.9964229611557659,1.5565602909355795e-22
1321020,0.0,5.447021731368382e-45,9959.330658099467,0.9964229611557658,1.555112869460692e-22
1321080,0.0,5.441901033136004e-45,9959.330658099474,0.9964229611557658,1.5536654479858045e-22
1321140,0.0,5.4367803349036254e-45,9959.33065809948,0.9964229611557657,1.5522180265109169e-22
1321200,0.0,5.431659636671247e-45,9959.330658099485,0.9964229611557657,1.5507706050360292e-22
1321260,0.0,5.426538938438868e-45,9959.33065809949,0.9964229611557656,1.5493231835611414e-22
1321320,0.0,5.421418240206489e-45,9959.330658099498,0.9964229611557655,1.5478757620862537e-22
1321380,0.0,5.41629754197411e-45,9959.330658099503,0.9964229611557655,1.546428340611366e-22
1321440,0.0,5.411176843741733e-45,9959.330658099509,0.9964229611557653,1.5449809191364787e-22
1321500,0.0,5.4060561455093536e-45,9959.330658099514,0.9964229611557653,1.543533497661591e-22
1321560,0.0,5.400935447276975e-45,9959.33065809952,0.9964229611557652,1.5420860761867034e-22
1321620,0.0,5.395814749044596e-45,9959.330658099527,0.9964229611557652,1.5406386547118158e-22
1321680,0.0,5.3906940508122177e-45,9959.330658099532,0.9964229611557651,1.5391912332369282e-22
1321740,0.0,5.385573352579839e-45,9959.330658099538,0.9964229611557651,1.5377438117620405e-22
1321800,0.0,5.380452654347461e-45,9959.330658099543,0.996422961155765,1.5362963902871531e-22
1321860,0.0,5.3753319561150824e-45,9959.330658099549,0.996422961155765,1.5348489688122655e-22
1321920,0.0,5.370211257882704e-45,9959.330658099556,0.9964229611557649,1.5334015473373779e-22
1321980,0.0,5.3650905596503245e-45,9959.330658099561,0.9964229611557648,1.5319541258624902e-22
1322040,0.0,5.359969861417946e-45,9959.330658099567,0.9964229611557648,1.5305067043876026e-22
1322100,0.0,5.3548491631855684e-45,9959.330658099572,0.9964229611557647,1.5290592829127152e-22
1322160,0.0,5.34972846495319e-45,9959.33065809958,0.9964229611557647,1.5276118614378275e-22
1322220,0.0,5.3446077667208105e-45,9959.330658099585,0.9964229611557646,1.52616443996294e-22
1322280,0.0,5.339487068488432e-45,9959.33065809959,0.9964229611557646,1.5247170184880523e-22
1322340,0.0,5.334366370256053e-45,9959.330658099596,0.9964229611557645,1.5232695970131644e-22
1322400,0.0,5.3292456720236746e-45,9959.330658099601,0.9964229611557645,1.5218221755382768e-22
1322460,0.0,5.3241249737912966e-45,9959.330658099609,0.9964229611557643,1.5203747540633896e-22
1322520,0.0,5.319004275558918e-45,9959.330658099614,0.9964229611557642,1.5189273325885017e-22
1322580,0.0,5.313883577326539e-45,9959.33065809962,0.9964229611557642,1.517479911113614e-22
1322640,0.0,5.3087628790941607e-45,9959.330658099625,0.9964229611557641,1.5160324896387265e-22
1322700,0.0,5.3036421808617814e-45,9959.330658099632,0.9964229611557641,1.5145850681638388e-22
1322760,0.0,5.298521482629403e-45,9959.330658099638,0.996422961155764,1.5131376466889512e-22
1322820,0.0,5.2934007843970254e-45,9959.330658099643,0.996422961155764,1.5116902252140638e-22
1322880,0.0,5.288280086164647e-45,9959.330658099649,0.9964229611557639,1.5102428037391762e-22
1322940,0.0,5.2831593879322675e-45,9959.330658099654,0.9964229611557639,1.5087953822642885e-22
1323000,0.0,5.278038689699889e-45,9959.330658099661,0.9964229611557638,1.507347960789401e-22
1323060,0.0,5.27291799146751e-45,9959.330658099667,0.9964229611557638,1.5059005393145133e-22
1323120,0.0,5.267797293235132e-45,9959.330658099672,0.9964229611557637,1.5044531178396259e-22
1323180,0.0,5.2626765950027535e-45,9959.330658099678,0.9964229611557636,1.5030056963647382e-22
1323240,0.0,5.257555896770375e-45,9959.330658099683,0.9964229611557636,1.5015582748898506e-22
1323300,0.0,5.252435198537996e-45,9959.33065809969,0.9964229611557635,1.500110853414963e-22
1323360,0.0,5.2473145003056176e-45,9959.330658099696,0.9964229611557635,1.4986634319400753e-22
1323420,0.0,5.2421938020732384e-45,9959.330658099701,0.9964229611557633,1.4972160104651875e-22
1323480,0.0,5.237073103840861e-45,9959.330658099707,0.9964229611557633,1.4957685889903003e-22
1323540,0.0,5.2319524056084823e-45,9959.330658099714,0.9964229611557632,1.4943211675154127e-22
1323600,0.0,5.2268317073761037e-45,9959.33065809972,0.9964229611557632,1.4928737460405248e-22
1323660,0.0,5.2217110091437244e-45,9959.330658099725,0.9964229611557631,1.4914263245656372e-22
1323720,0.0,5.216590310911346e-45,9959.33065809973,0.996422961155763,1.4899789030907495e-22
1323780,0.0,5.211469612678967e-45,9959.330658099736,0.996422961155763,1.488531481615862e-22
1323840,0.0,5.206348914446589e-45,9959.330658099743,0.9964229611557629,1.4870840601409745e-22
1323900,0.0,5.2012282162142105e-45,9959.330658099749,0.9964229611557629,1.4856366386660868e-22
1323960,0.0,5.196107517981832e-45,9959.330658099754,0.9964229611557628,1.4841892171911992e-22
1324020,0.0,5.190986819749453e-45,9959.33065809976,0.9964229611557628,1.4827417957163116e-22
1324080,0.0,5.1858661215170746e-45,9959.330658099765,0.9964229611557627,1.481294374241424e-22
1324140,0.0,5.1807454232846965e-45,9959.330658099772,0.9964229611557627,1.4798469527665365e-22
1324200,0.0,5.175624725052318e-45,9959.330658099778,0.9964229611557626,1.478399531291649e-22
1324260,0.0,5.170504026819939e-45,9959.330658099783,0.9964229611557625,1.4769521098167613e-22
1324320,0.0,5.1653833285875606e-45,9959.330658099789,0.9964229611557625,1.4755046883418736e-22
1324380,0.0,5.1602626303551814e-45,9959.330658099796,0.9964229611557623,1.474057266866986e-22
1324440,0.0,5.155141932122803e-45,9959.330658099801,0.9964229611557623,1.4726098453920984e-22
1324500,0.0,5.1500212338904253e-45,9959.330658099807,0.9964229611557622,1.471162423917211e-22
1324560,0.0,5.144900535658046e-45,9959.330658099812,0.9964229611557622,1.4697150024423233e-22
1324620,0.0,5.1397798374256674e-45,9959.330658099818,0.9964229611557621,1.4682675809674357e-22
1324680,0.0,5.134659139193289e-45,9959.330658099825,0.9964229611557621,1.4668201594925478e-22
1324740,0.0,5.12953844096091e-45,9959.33065809983,0.996422961155762,1.4653727380176602e-22
1324800,0.0,5.1244177427285315e-45,9959.330658099836,0.996422961155762,1.4639253165427726e-22
1324860,0.0,5.1192970444961535e-45,9959.330658099841,0.9964229611557619,1.4624778950678852e-22
1324920,0.0,5.114176346263775e-45,9959.330658099847,0.9964229611557618,1.4610304735929975e-22
1324980,0.0,5.109055648031396e-45,9959.330658099854,0.9964229611557618,1.45958305211811e-22
1325040,0.0,5.1039349497990176e-45,9959.33065809986,0.9964229611557617,1.4581356306432223e-22
1325100,0.0,5.098814251566638e-45,9959.330658099865,0.9964229611557617,1.4566882091683346e-22
1325160,0.0,5.093693553334261e-45,9959.33065809987,0.9964229611557616,1.4552407876934472e-22
1325220,0.0,5.088572855101882e-45,9959.330658099878,0.9964229611557616,1.4537933662185596e-22
1325280,0.0,5.083452156869503e-45,9959.330658099883,0.9964229611557615,1.452345944743672e-22
1325340,0.0,5.0783314586371244e-45,9959.330658099889,0.9964229611557615,1.4508985232687843e-22
1325400,0.0,5.073210760404746e-45,9959.330658099894,0.9964229611557613,1.4494511017938967e-22
1325460,0.0,5.068090062172367e-45,9959.3306580999,0.9964229611557612,1.448003680319009e-22
1325520,0.0,5.062969363939989e-45,9959.330658099907,0.9964229611557612,1.4465562588441217e-22
1325580,0.0,5.0578486657076104e-45,9959.330658099912,0.9964229611557611,1.445108837369234e-22
1325640,0.0,5.052727967475232e-45,9959.330658099918,0.9964229611557611,1.4436614158943464e-22
1325700,0.0,5.047607269242853e-45,9959.330658099923,0.996422961155761,1.4422139944194588e-22
1325760,0.0,5.0424865710104745e-45,9959.33065809993,0.996422961155761,1.4407665729445709e-22
1325820,0.0,5.037365872778095e-45,9959.330658099936,0.9964229611557609,1.4393191514696832e-22
1325880,0.0,5.032245174545718e-45,9959.330658099942,0.9964229611557609,1.437871729994796e-22
1325940,0.0,5.027124476313339e-45,9959.330658099947,0.9964229611557608,1.4364243085199082e-22
1326000,0.0,5.02200377808096e-45,9959.330658099952,0.9964229611557608,1.4349768870450206e-22
1326060,0.0,5.0168830798485813e-45,9959.33065809996,0.9964229611557607,1.433529465570133e-22
1326120,0.0,5.0117623816162027e-45,9959.330658099965,0.9964229611557606,1.4320820440952453e-22
1326180,0.0,5.006641683383825e-45,9959.33065809997,0.9964229611557606,1.430634622620358e-22
1326240,0.0,5.001520985151446e-45,9959.330658099976,0.9964229611557605,1.4291872011454703e-22
1326300,0.0,4.9964002869190674e-45,9959.330658099982,0.9964229611557605,1.4277397796705826e-22
1326360,0.0,4.991279588686689e-45,9959.330658099989,0.9964229611557603,1.426292358195695e-22
1326420,0.0,4.98615889045431e-45,9959.330658099994,0.9964229611557603,1.4248449367208074e-22
1326480,0.0,4.9810381922219315e-45,9959.3306581,0.9964229611557602,1.4233975152459197e-22
1326540,0.0,4.9759174939895534e-45,9959.330658100005,0.9964229611557602,1.4219500937710323e-22
1326600,0.0,4.970796795757175e-45,9959.330658100012,0.9964229611557601,1.4205026722961447e-22
1326660,0.0,4.965676097524796e-45,9959.330658100018,0.99642296115576,1.419055250821257e-22
1326720,0.0,4.960555399292417e-45,9959.330658100023,0.99642296115576,1.4176078293463694e-22
1326780,0.0,4.955434701060038e-45,9959.330658100029,0.9964229611557599,1.4161604078714818e-22
1326840,0.0,4.9503140028276596e-45,9959.330658100034,0.9964229611557599,1.414712986396594e-22
1326900,0.0,4.9451933045952816e-45,9959.330658100042,0.9964229611557598,1.4132655649217068e-22
1326960,0.0,4.940072606362903e-45,9959.330658100047,0.9964229611557598,1.4118181434468191e-22
1327020,0.0,4.9349519081305243e-45,9959.330658100052,0.9964229611557597,1.4103707219719313e-22
1327080,0.0,4.9298312098981457e-45,9959.330658100058,0.9964229611557597,1.4089233004970436e-22
1327140,0.0,4.924710511665767e-45,9959.330658100063,0.9964229611557596,1.407475879022156e-22
1327200,0.0,4.9195898134333884e-45,9959.33065810007,0.9964229611557596,1.4060284575472684e-22
1327260,0.0,4.9144691152010104e-45,9959.330658100076,0.9964229611557595,1.404581036072381e-22
1327320,0.0,4.909348416968632e-45,9959.330658100082,0.9964229611557593,1.4031336145974933e-22
1327380,0.0,4.904227718736253e-45,9959.330658100087,0.9964229611557593,1.4016861931226057e-22
1327440,0.0,4.899107020503874e-45,9959.330658100094,0.9964229611557592,1.400238771647718e-22
1327500,0.0,4.893986322271495e-45,9959.3306581001,0.9964229611557592,1.3987913501728304e-22
1327560,0.0,4.888865624039118e-45,9959.330658100105,0.9964229611557591,1.397343928697943e-22
1327620,0.0,4.8837449258067385e-45,9959.33065810011,0.9964229611557591,1.3958965072230554e-22
1327680,0.0,4.87862422757436e-45,9959.330658100116,0.996422961155759,1.3944490857481677e-22
1327740,0.0,4.873503529341981e-45,9959.330658100123,0.996422961155759,1.39300166427328e-22
1327800,0.0,4.8683828311096026e-45,9959.330658100129,0.9964229611557589,1.3915542427983925e-22
1327860,0.0,4.863262132877224e-45,9959.330658100134,0.9964229611557588,1.3901068213235048e-22
1327920,0.0,4.858141434644846e-45,9959.33065810014,0.9964229611557588,1.3886593998486174e-22
1327980,0.0,4.8530207364124673e-45,9959.330658100145,0.9964229611557587,1.3872119783737298e-22
1328040,0.0,4.8479000381800887e-45,9959.330658100153,0.9964229611557587,1.3857645568988422e-22
1328100,0.0,4.84277933994771e-45,9959.330658100158,0.9964229611557586,1.3843171354239543e-22
1328160,0.0,4.837658641715331e-45,9959.330658100163,0.9964229611557586,1.3828697139490667e-22
1328220,0.0,4.832537943482952e-45,9959.330658100169,0.9964229611557585,1.381422292474179e-22
1328280,0.0,4.827417245250575e-45,9959.330658100176,0.9964229611557585,1.3799748709992916e-22
1328340,0.0,4.8222965470181955e-45,9959.330658100182,0.9964229611557583,1.378527449524404e-22
1328400,0.0,4.817175848785817e-45,9959.330658100187,0.9964229611557583,1.3770800280495164e-22
1328460,0.0,4.812055150553438e-45,9959.330658100193,0.9964229611557582,1.3756326065746287e-22
1328520,0.0,4.8069344523210596e-45,9959.330658100198,0.9964229611557581,1.374185185099741e-22
1328580,0.0,4.8018137540886816e-45,9959.330658100205,0.9964229611557581,1.3727377636248537e-22
1328640,0.0,4.796693055856303e-45,9959.33065810021,0.996422961155758,1.371290342149966e-22
1328700,0.0,4.791572357623924e-45,9959.330658100216,0.996422961155758,1.3698429206750784e-22
1328760,0.0,4.7864516593915456e-45,9959.330658100222,0.9964229611557579,1.3683954992001908e-22
1328820,0.0,4.781330961159167e-45,9959.330658100229,0.9964229611557579,1.3669480777253032e-22
1328880,0.0,4.776210262926788e-45,9959.330658100234,0.9964229611557578,1.3655006562504155e-22
1328940,0.0,4.7710895646944103e-45,9959.33065810024,0.9964229611557578,1.3640532347755281e-22
1329000,0.0,4.765968866462032e-45,9959.330658100245,0.9964229611557577,1.3626058133006405e-22
1329060,0.0,4.7608481682296524e-45,9959.33065810025,0.9964229611557576,1.3611583918257529e-22
1329120,0.0,4.755727469997274e-45,9959.330658100258,0.9964229611557576,1.3597109703508652e-22
1329180,0.0,4.750606771764895e-45,9959.330658100263,0.9964229611557575,1.3582635488759774e-22
1329240,0.0,4.7454860735325165e-45,9959.330658100269,0.9964229611557575,1.3568161274010897e-22
1329300,0.0,4.7403653753001385e-45,9959.330658100274,0.9964229611557573,1.3553687059262026e-22
1329360,0.0,4.73524467706776e-45,9959.33065810028,0.9964229611557573,1.3539212844513147e-22
1329420,0.0,4.730123978835381e-45,9959.330658100287,0.9964229611557572,1.352473862976427e-22
1329480,0.0,4.7250032806030026e-45,9959.330658100293,0.9964229611557572,1.3510264415015394e-22
1329540,0.0,4.719882582370624e-45,9959.330658100298,0.9964229611557571,1.3495790200266518e-22
1329600,0.0,4.714761884138246e-45,9959.330658100303,0.996422961155757,1.3481315985517644e-22
1329660,0.0,4.709641185905867e-45,9959.33065810031,0.996422961155757,1.3466841770768767e-22
1329720,0.0,4.7045204876734886e-45,9959.330658100316,0.9964229611557569,1.345236755601989e-22
1329780,0.0,4.6993997894411094e-45,9959.330658100322,0.9964229611557569,1.3437893341271015e-22
1329840,0.0,4.694279091208731e-45,9959.330658100327,0.9964229611557568,1.3423419126522138e-22
1329900,0.0,4.689158392976353e-45,9959.330658100333,0.9964229611557568,1.3408944911773262e-22
1329960,0.0,4.684037694743974e-45,9959.33065810034,0.9964229611557567,1.3394470697024386e-22
1330020,0.0,4.6789169965115954e-45,9959.330658100345,0.9964229611557567,1.3379996482275512e-22
1330080,0.0,4.673796298279217e-45,9959.33065810035,0.9964229611557566,1.3365522267526635e-22
1330140,0.0,4.668675600046838e-45,9959.330658100356,0.9964229611557566,1.335104805277776e-22
1330200,0.0,4.66355490181446e-45,9959.330658100362,0.9964229611557565,1.3336573838028883e-22
1330260,0.0,4.658434203582081e-45,9959.330658100369,0.9964229611557563,1.3322099623280006e-22
1330320,0.0,4.653313505349702e-45,9959.330658100374,0.9964229611557563,1.330762540853113e-22
1330380,0.0,4.648192807117324e-45,9959.33065810038,0.9964229611557562,1.3293151193782256e-22
1330440,0.0,4.6430721088849456e-45,9959.330658100385,0.9964229611557562,1.3278676979033377e-22
1330500,0.0,4.6379514106525663e-45,9959.330658100393,0.9964229611557561,1.32642027642845e-22
1330560,0.0,4.632830712420188e-45,9959.330658100398,0.9964229611557561,1.3249728549535627e-22
1330620,0.0,4.6277100141878097e-45,9959.330658100404,0.996422961155756,1.323525433478675e-22
1330680,0.0,4.622589315955431e-45,9959.330658100409,0.996422961155756,1.3220780120037874e-22
1330740,0.0,4.6174686177230524e-45,9959.330658100414,0.9964229611557559,1.3206305905288998e-22
1330800,0.0,4.612347919490674e-45,9959.330658100422,0.9964229611557558,1.3191831690540122e-22
1330860,0.0,4.607227221258295e-45,9959.330658100427,0.9964229611557558,1.3177357475791245e-22
1330920,0.0,4.602106523025917e-45,9959.330658100433,0.9964229611557557,1.3162883261042371e-22
1330980,0.0,4.596985824793538e-45,9959.330658100438,0.9964229611557557,1.3148409046293493e-22
1331040,0.0,4.59186512656116e-45,9959.330658100444,0.9964229611557556,1.3133934831544619e-22
1331100,0.0,4.586744428328781e-45,9959.33065810045,0.9964229611557556,1.3119460616795742e-22
1331160,0.0,4.5816237300964025e-45,9959.330658100456,0.9964229611557555,1.3104986402046866e-22
1331220,0.0,4.576503031864024e-45,9959.330658100462,0.9964229611557555,1.309051218729799e-22
1331280,0.0,4.571382333631645e-45,9959.330658100467,0.9964229611557553,1.3076037972549113e-22
1331340,0.0,4.5662616353992666e-45,9959.330658100474,0.9964229611557553,1.3061563757800237e-22
1331400,0.0,4.5611409371668886e-45,9959.33065810048,0.9964229611557552,1.3047089543051363e-22
1331460,0.0,4.5560202389345093e-45,9959.330658100485,0.9964229611557551,1.3032615328302486e-22
1331520,0.0,4.5508995407021307e-45,9959.33065810049,0.9964229611557551,1.3018141113553608e-22
1331580,0.0,4.5457788424697527e-45,9959.330658100496,0.996422961155755,1.3003666898804734e-22
1331640,0.0,4.540658144237374e-45,9959.330658100504,0.996422961155755,1.2989192684055857e-22
1331700,0.0,4.535537446004995e-45,9959.330658100509,0.9964229611557549,1.297471846930698e-22
1331760,0.0,4.530416747772617e-45,9959.330658100514,0.9964229611557549,1.2960244254558105e-22
1331820,0.0,4.525296049540238e-45,9959.33065810052,0.9964229611557548,1.2945770039809228e-22
1331880,0.0,4.5201753513078595e-45,9959.330658100527,0.9964229611557548,1.2931295825060352e-22
1331940,0.0,4.515054653075481e-45,9959.330658100533,0.9964229611557547,1.2916821610311478e-22
1332000,0.0,4.509933954843102e-45,9959.330658100538,0.9964229611557546,1.2902347395562602e-22
1332060,0.0,4.5048132566107236e-45,9959.330658100544,0.9964229611557546,1.2887873180813725e-22
1332120,0.0,4.4996925583783455e-45,9959.330658100549,0.9964229611557545,1.287339896606485e-22
1332180,0.0,4.494571860145966e-45,9959.330658100556,0.9964229611557545,1.2858924751315973e-22
1332240,0.0,4.489451161913588e-45,9959.330658100562,0.9964229611557543,1.2844450536567096e-22
1332300,0.0,4.4843304636812096e-45,9959.330658100567,0.9964229611557543,1.282997632181822e-22
1332360,0.0,4.479209765448831e-45,9959.330658100573,0.9964229611557542,1.2815502107069344e-22
1332420,0.0,4.4740890672164523e-45,9959.330658100578,0.9964229611557542,1.280102789232047e-22
1332480,0.0,4.468968368984074e-45,9959.330658100585,0.9964229611557541,1.2786553677571593e-22
1332540,0.0,4.463847670751695e-45,9959.33065810059,0.9964229611557541,1.2772079462822717e-22
1332600,0.0,4.4587269725193164e-45,9959.330658100596,0.996422961155754,1.275760524807384e-22
1332660,0.0,4.453606274286938e-45,9959.330658100602,0.9964229611557539,1.2743131033324964e-22
1332720,0.0,4.448485576054559e-45,9959.330658100609,0.9964229611557539,1.2728656818576088e-22
1332780,0.0,4.443364877822181e-45,9959.330658100615,0.9964229611557538,1.2714182603827212e-22
1332840,0.0,4.438244179589802e-45,9959.33065810062,0.9964229611557538,1.2699708389078335e-22
1332900,0.0,4.433123481357423e-45,9959.330658100625,0.9964229611557537,1.268523417432946e-22
1332960,0.0,4.428002783125045e-45,9959.33065810063,0.9964229611557537,1.2670759959580585e-22
1333020,0.0,4.4228820848926666e-45,9959.330658100638,0.9964229611557536,1.2656285744831709e-22
1333080,0.0,4.417761386660288e-45,9959.330658100644,0.9964229611557536,1.2641811530082832e-22
1333140,0.0,4.412640688427909e-45,9959.330658100649,0.9964229611557535,1.2627337315333956e-22
1333200,0.0,4.4075199901955306e-45,9959.330658100655,0.9964229611557534,1.261286310058508e-22
1333260,0.0,4.4023992919631526e-45,9959.33065810066,0.9964229611557534,1.2598388885836206e-22
1333320,0.0,4.3972785937307734e-45,9959.330658100667,0.9964229611557532,1.2583914671087327e-22
1333380,0.0,4.392157895498395e-45,9959.330658100673,0.9964229611557532,1.256944045633845e-22
1333440,0.0,4.387037197266017e-45,9959.330658100678,0.9964229611557531,1.2554966241589576e-22
1333500,0.0,4.381916499033638e-45,9959.330658100684,0.9964229611557531,1.25404920268407e-22
1333560,0.0,4.376795800801259e-45,9959.330658100691,0.996422961155753,1.2526017812091824e-22
1333620,0.0,4.371675102568881e-45,9959.330658100696,0.996422961155753,1.2511543597342947e-22
1333680,0.0,4.366554404336502e-45,9959.330658100702,0.9964229611557529,1.249706938259407e-22
1333740,0.0,4.3614337061041235e-45,9959.330658100707,0.9964229611557529,1.2482595167845195e-22
1333800,0.0,4.356313007871745e-45,9959.330658100713,0.9964229611557528,1.246812095309632e-22
1333860,0.0,4.351192309639366e-45,9959.33065810072,0.9964229611557527,1.2453646738347442e-22
1333920,0.0,4.3460716114069876e-45,9959.330658100725,0.9964229611557527,1.2439172523598566e-22
1333980,0.0,4.3409509131746096e-45,9959.330658100731,0.9964229611557526,1.2424698308849692e-22
1334040,0.0,4.33583021494223e-45,9959.330658100736,0.9964229611557526,1.2410224094100815e-22
1334100,0.0,4.3307095167098517e-45,9959.330658100742,0.9964229611557525,1.239574987935194e-22
1334160,0.0,4.3255888184774736e-45,9959.33065810075,0.9964229611557525,1.2381275664603063e-22
1334220,0.0,4.320468120245095e-45,9959.330658100755,0.9964229611557524,1.2366801449854186e-22
1334280,0.0,4.315347422012716e-45,9959.33065810076,0.9964229611557524,1.235232723510531e-22
1334340,0.0,4.310226723780338e-45,9959.330658100766,0.9964229611557522,1.2337853020356436e-22
1334400,0.0,4.305106025547959e-45,9959.330658100773,0.9964229611557521,1.232337880560756e-22
1334460,0.0,4.299985327315581e-45,9959.330658100778,0.9964229611557521,1.2308904590858683e-22
1334520,0.0,4.294864629083202e-45,9959.330658100784,0.996422961155752,1.2294430376109807e-22
1334580,0.0,4.289743930850823e-45,9959.33065810079,0.996422961155752,1.227995616136093e-22
1334640,0.0,4.284623232618445e-45,9959.330658100795,0.9964229611557519,1.2265481946612054e-22
1334700,0.0,4.2795025343860665e-45,9959.330658100802,0.9964229611557519,1.2251007731863178e-22
1334760,0.0,4.274381836153687e-45,9959.330658100807,0.9964229611557518,1.2236533517114302e-22
1334820,0.0,4.269261137921309e-45,9959.330658100813,0.9964229611557518,1.2222059302365428e-22
1334880,0.0,4.2641404396889306e-45,9959.330658100818,0.9964229611557517,1.2207585087616551e-22
1334940,0.0,4.259019741456552e-45,9959.330658100826,0.9964229611557516,1.2193110872867675e-22
1335000,0.0,4.2538990432241733e-45,9959.330658100831,0.9964229611557516,1.2178636658118799e-22
1335060,0.0,4.2487783449917947e-45,9959.330658100836,0.9964229611557515,1.2164162443369922e-22
1335120,0.0,4.243657646759416e-45,9959.330658100842,0.9964229611557515,1.2149688228621046e-22
1335180,0.0,4.238536948527038e-45,9959.330658100847,0.9964229611557514,1.213521401387217e-22
1335240,0.0,4.233416250294659e-45,9959.330658100855,0.9964229611557514,1.2120739799123293e-22
1335300,0.0,4.22829555206228e-45,9959.33065810086,0.9964229611557512,1.2106265584374417e-22
1335360,0.0,4.223174853829902e-45,9959.330658100866,0.9964229611557512,1.2091791369625543e-22
1335420,0.0,4.2180541555975235e-45,9959.330658100871,0.9964229611557511,1.2077317154876666e-22
1335480,0.0,4.212933457365145e-45,9959.330658100876,0.9964229611557511,1.206284294012779e-22
1335540,0.0,4.207812759132766e-45,9959.330658100884,0.996422961155751,1.2048368725378914e-22
1335600,0.0,4.2026920609003875e-45,9959.33065810089,0.9964229611557509,1.2033894510630037e-22
1335660,0.0,4.197571362668009e-45,9959.330658100895,0.9964229611557509,1.201942029588116e-22
1335720,0.0,4.19245066443563e-45,9959.3306581009,0.9964229611557508,1.2004946081132285e-22
1335780,0.0,4.1873299662032516e-45,9959.330658100907,0.9964229611557508,1.1990471866383408e-22
1335840,0.0,4.1822092679708736e-45,9959.330658100913,0.9964229611557507,1.1975997651634534e-22
1335900,0.0,4.177088569738495e-45,9959.330658100918,0.9964229611557507,1.1961523436885658e-22
1335960,0.0,4.171967871506116e-45,9959.330658100924,0.9964229611557506,1.1947049222136782e-22
1336020,0.0,4.1668471732737377e-45,9959.33065810093,0.9964229611557506,1.1932575007387905e-22
1336080,0.0,4.161726475041359e-45,9959.330658100936,0.9964229611557505,1.191810079263903e-22
1336140,0.0,4.1566057768089804e-45,9959.330658100942,0.9964229611557504,1.1903626577890153e-22
1336200,0.0,4.151485078576602e-45,9959.330658100947,0.9964229611557504,1.1889152363141276e-22
1336260,0.0,4.146364380344223e-45,9959.330658100953,0.9964229611557502,1.18746781483924e-22
1336320,0.0,4.1412436821118445e-45,9959.330658100958,0.9964229611557502,1.1860203933643524e-22
1336380,0.0,4.136122983879466e-45,9959.330658100966,0.9964229611557501,1.184572971889465e-22
1336440,0.0,4.131002285647087e-45,9959.330658100971,0.9964229611557501,1.1831255504145773e-22
1336500,0.0,4.125881587414709e-45,9959.330658100977,0.99642296115575,1.1816781289396897e-22
1336560,0.0,4.1207608891823305e-45,9959.330658100982,0.99642296115575,1.180230707464802e-22
1336620,0.0,4.115640190949952e-45,9959.33065810099,0.9964229611557499,1.1787832859899144e-22
1336680,0.0,4.110519492717573e-45,9959.330658100995,0.9964229611557499,1.177335864515027e-22
1336740,0.0,4.1053987944851946e-45,9959.330658101,0.9964229611557498,1.1758884430401394e-22
1336800,0.0,4.100278096252816e-45,9959.330658101006,0.9964229611557497,1.1744410215652515e-22
1336860,0.0,4.0951573980204373e-45,9959.330658101011,0.9964229611557497,1.1729936000903641e-22
1336920,0.0,4.090036699788059e-45,9959.330658101018,0.9964229611557496,1.1715461786154765e-22
1336980,0.0,4.08491600155568e-45,9959.330658101024,0.9964229611557496,1.1700987571405888e-22
1337040,0.0,4.079795303323302e-45,9959.33065810103,0.9964229611557495,1.1686513356657012e-22
1337100,0.0,4.074674605090923e-45,9959.330658101035,0.9964229611557495,1.1672039141908136e-22
1337160,0.0,4.069553906858544e-45,9959.33065810104,0.9964229611557494,1.165756492715926e-22
1337220,0.0,4.064433208626166e-45,9959.330658101047,0.9964229611557494,1.1643090712410385e-22
1337280,0.0,4.0593125103937875e-45,9959.330658101053,0.9964229611557492,1.162861649766151e-22
1337340,0.0,4.054191812161409e-45,9959.330658101058,0.9964229611557491,1.161414228291263e-22
1337400,0.0,4.04907111392903e-45,9959.330658101064,0.9964229611557491,1.1599668068163756e-22
1337460,0.0,4.0439504156966516e-45,9959.330658101071,0.996422961155749,1.158519385341488e-22
1337520,0.0,4.038829717464273e-45,9959.330658101077,0.996422961155749,1.1570719638666004e-22
1337580,0.0,4.033709019231894e-45,9959.330658101082,0.9964229611557489,1.1556245423917127e-22
1337640,0.0,4.0285883209995156e-45,9959.330658101087,0.9964229611557489,1.154177120916825e-22
1337700,0.0,4.0234676227671376e-45,9959.330658101093,0.9964229611557488,1.1527296994419377e-22
1337760,0.0,4.018346924534759e-45,9959.3306581011,0.9964229611557488,1.15128227796705e-22
1337820,0.0,4.01322622630238e-45,9959.330658101106,0.9964229611557487,1.1498348564921624e-22
1337880,0.0,4.008105528070002e-45,9959.330658101111,0.9964229611557487,1.1483874350172748e-22
1337940,0.0,4.002984829837623e-45,9959.330658101117,0.9964229611557486,1.1469400135423872e-22
1338000,0.0,3.9978641316052444e-45,9959.330658101124,0.9964229611557485,1.1454925920674995e-22
1338060,0.0,3.992743433372866e-45,9959.33065810113,0.9964229611557485,1.144045170592612e-22
1338120,0.0,3.987622735140487e-45,9959.330658101135,0.9964229611557484,1.1425977491177243e-22
1338180,0.0,3.9825020369081085e-45,9959.33065810114,0.9964229611557484,1.1411503276428366e-22
1338240,0.0,3.9773813386757305e-45,9959.330658101146,0.9964229611557482,1.1397029061679492e-22
1338300,0.0,3.972260640443351e-45,9959.330658101153,0.9964229611557482,1.1382554846930616e-22
1338360,0.0,3.9671399422109726e-45,9959.330658101158,0.9964229611557481,1.136808063218174e-22
1338420,0.0,3.9620192439785946e-45,9959.330658101164,0.9964229611557481,1.1353606417432863e-22
1338480,0.0,3.956898545746216e-45,9959.33065810117,0.996422961155748,1.1339132202683987e-22
1338540,0.0,3.9517778475138367e-45,9959.330658101175,0.9964229611557479,1.132465798793511e-22
1338600,0.0,3.9466571492814587e-45,9959.330658101182,0.9964229611557479,1.1310183773186234e-22
1338660,0.0,3.94153645104908e-45,9959.330658101188,0.9964229611557478,1.1295709558437358e-22
1338720,0.0,3.936415752816702e-45,9959.330658101193,0.9964229611557478,1.1281235343688484e-22
1338780,0.0,3.931295054584323e-45,9959.330658101198,0.9964229611557477,1.1266761128939608e-22
1338840,0.0,3.926174356351944e-45,9959.330658101206,0.9964229611557477,1.125228691419073e-22
1338900,0.0,3.921053658119566e-45,9959.330658101211,0.9964229611557476,1.1237812699441855e-22
1338960,0.0,3.9159329598871874e-45,9959.330658101217,0.9964229611557476,1.1223338484692978e-22
1339020,0.0,3.910812261654808e-45,9959.330658101222,0.9964229611557475,1.1208864269944102e-22
1339080,0.0,3.90569156342243e-45,9959.330658101228,0.9964229611557475,1.1194390055195228e-22
1339140,0.0,3.9005708651900515e-45,9959.330658101235,0.9964229611557474,1.117991584044635e-22
1339200,0.0,3.895450166957673e-45,9959.33065810124,0.9964229611557472,1.1165441625697473e-22
1339260,0.0,3.890329468725294e-45,9959.330658101246,0.9964229611557472,1.11509674109486e-22
1339320,0.0,3.8852087704929156e-45,9959.330658101251,0.9964229611557471,1.1136493196199723e-22
1339380,0.0,3.880088072260537e-45,9959.330658101257,0.9964229611557471,1.1122018981450846e-22
1339440,0.0,3.874967374028159e-45,9959.330658101264,0.996422961155747,1.110754476670197e-22
1339500,0.0,3.8698466757957797e-45,9959.33065810127,0.996422961155747,1.1093070551953094e-22
1339560,0.0,3.864725977563401e-45,9959.330658101275,0.9964229611557469,1.1078596337204217e-22
1339620,0.0,3.859605279331023e-45,9959.33065810128,0.9964229611557469,1.1064122122455343e-22
1339680,0.0,3.8544845810986444e-45,9959.330658101288,0.9964229611557468,1.1049647907706465e-22
1339740,0.0,3.849363882866266e-45,9959.330658101293,0.9964229611557467,1.103517369295759e-22
1339800,0.0,3.844243184633887e-45,9959.330658101298,0.9964229611557467,1.1020699478208714e-22
1339860,0.0,3.8391224864015085e-45,9959.330658101304,0.9964229611557466,1.1006225263459838e-22
1339920,0.0,3.83400178816913e-45,9959.33065810131,0.9964229611557466,1.0991751048710962e-22
1339980,0.0,3.828881089936751e-45,9959.330658101317,0.9964229611557465,1.0977276833962085e-22
1340040,0.0,3.8237603917043725e-45,9959.330658101322,0.9964229611557465,1.096280261921321e-22
1340100,0.0,3.8186396934719945e-45,9959.330658101328,0.9964229611557464,1.0948328404464335e-22
1340160,0.0,3.813518995239616e-45,9959.330658101333,0.9964229611557464,1.0933854189715459e-22
1340220,0.0,3.8083982970072366e-45,9959.330658101338,0.9964229611557462,1.091937997496658e-22
1340280,0.0,3.8032775987748586e-45,9959.330658101346,0.9964229611557461,1.0904905760217706e-22
1340340,0.0,3.79815690054248e-45,9959.330658101351,0.9964229611557461,1.089043154546883e-22
1340400,0.0,3.7930362023101013e-45,9959.330658101357,0.996422961155746,1.0875957330719953e-22
1340460,0.0,3.7879155040777227e-45,9959.330658101362,0.996422961155746,1.0861483115971077e-22
1340520,0.0,3.782794805845344e-45,9959.33065810137,0.9964229611557459,1.08470089012222e-22
1340580,0.0,3.7776741076129654e-45,9959.330658101375,0.9964229611557459,1.0832534686473324e-22
1340640,0.0,3.772553409380587e-45,9959.33065810138,0.9964229611557458,1.081806047172445e-22
1340700,0.0,3.767432711148208e-45,9959.330658101386,0.9964229611557458,1.0803586256975574e-22
1340760,0.0,3.7623120129158295e-45,9959.330658101391,0.9964229611557457,1.0789112042226695e-22
1340820,0.0,3.7571913146834515e-45,9959.330658101399,0.9964229611557457,1.077463782747782e-22
1340880,0.0,3.752070616451073e-45,9959.330658101404,0.9964229611557456,1.0760163612728945e-22
1340940,0.0,3.746949918218694e-45,9959.33065810141,0.9964229611557455,1.0745689397980068e-22
1341000,0.0,3.7418292199863156e-45,9959.330658101415,0.9964229611557455,1.0731215183231192e-22
1341060,0.0,3.736708521753937e-45,9959.330658101422,0.9964229611557454,1.0716740968482316e-22
1341120,0.0,3.731587823521558e-45,9959.330658101428,0.9964229611557454,1.0702266753733442e-22
1341180,0.0,3.7264671252891796e-45,9959.330658101433,0.9964229611557452,1.0687792538984565e-22
1341240,0.0,3.721346427056801e-45,9959.330658101439,0.9964229611557452,1.067331832423569e-22
1341300,0.0,3.716225728824423e-45,9959.330658101444,0.9964229611557451,1.0658844109486813e-22
1341360,0.0,3.711105030592044e-45,9959.330658101451,0.9964229611557451,1.0644369894737936e-22
1341420,0.0,3.705984332359665e-45,9959.330658101457,0.996422961155745,1.062989567998906e-22
1341480,0.0,3.700863634127287e-45,9959.330658101462,0.9964229611557449,1.0615421465240186e-22
1341540,0.0,3.6957429358949084e-45,9959.330658101468,0.9964229611557449,1.0600947250491307e-22
1341600,0.0,3.690622237662529e-45,9959.330658101473,0.9964229611557448,1.0586473035742431e-22
1341660,0.0,3.685501539430151e-45,9959.33065810148,0.9964229611557448,1.0571998820993557e-22
1341720,0.0,3.6803808411977725e-45,9959.330658101486,0.9964229611557447,1.055752460624468e-22
1341780,0.0,3.675260142965394e-45,9959.330658101491,0.9964229611557447,1.0543050391495803e-22
1341840,0.0,3.670139444733015e-45,9959.330658101497,0.9964229611557446,1.0528576176746928e-22
1341900,0.0,3.6650187465006366e-45,9959.330658101504,0.9964229611557446,1.0514101961998052e-22
1341960,0.0,3.6598980482682586e-45,9959.33065810151,0.9964229611557445,1.0499627747249176e-22
1342020,0.0,3.65477735003588e-45,9959.330658101515,0.9964229611557445,1.04851535325003e-22
1342080,0.0,3.6496566518035007e-45,9959.33065810152,0.9964229611557444,1.0470679317751424e-22
1342140,0.0,3.6445359535711226e-45,9959.330658101526,0.9964229611557442,1.0456205103002549e-22
1342200,0.0,3.639415255338744e-45,9959.330658101533,0.9964229611557442,1.0441730888253672e-22
1342260,0.0,3.6342945571063654e-45,9959.330658101539,0.9964229611557441,1.0427256673504795e-22
1342320,0.0,3.629173858873987e-45,9959.330658101544,0.9964229611557441,1.041278245875592e-22
1342380,0.0,3.624053160641608e-45,9959.33065810155,0.996422961155744,1.0398308244007043e-22
1342440,0.0,3.6189324624092294e-45,9959.330658101555,0.996422961155744,1.0383834029258167e-22
1342500,0.0,3.6138117641768514e-45,9959.330658101562,0.9964229611557439,1.0369359814509292e-22
1342560,0.0,3.608691065944472e-45,9959.330658101568,0.9964229611557439,1.0354885599760415e-22
1342620,0.0,3.6035703677120935e-45,9959.330658101573,0.9964229611557438,1.0340411385011539e-22
1342680,0.0,3.5984496694797155e-45,9959.330658101579,0.9964229611557437,1.0325937170262664e-22
1342740,0.0,3.593328971247337e-45,9959.330658101586,0.9964229611557437,1.0311462955513787e-22
1342800,0.0,3.5882082730149576e-45,9959.330658101591,0.9964229611557436,1.029698874076491e-22
1342860,0.0,3.5830875747825796e-45,9959.330658101597,0.9964229611557436,1.0282514526016035e-22
1342920,0.0,3.577966876550201e-45,9959.330658101602,0.9964229611557435,1.0268040311267158e-22
1342980,0.0,3.572846178317823e-45,9959.330658101608,0.9964229611557435,1.0253566096518283e-22
1343040,0.0,3.5677254800854437e-45,9959.330658101615,0.9964229611557434,1.0239091881769407e-22
1343100,0.0,3.562604781853065e-45,9959.33065810162,0.9964229611557434,1.022461766702053e-22
1343160,0.0,3.557484083620687e-45,9959.330658101626,0.9964229611557432,1.0210143452271655e-22
1343220,0.0,3.5523633853883084e-45,9959.330658101631,0.9964229611557432,1.0195669237522779e-22
1343280,0.0,3.547242687155929e-45,9959.330658101637,0.9964229611557431,1.0181195022773903e-22
1343340,0.0,3.542121988923551e-45,9959.330658101644,0.996422961155743,1.0166720808025028e-22
1343400,0.0,3.5370012906911724e-45,9959.33065810165,0.996422961155743,1.015224659327615e-22
1343460,0.0,3.531880592458794e-45,9959.330658101655,0.9964229611557429,1.0137772378527274e-22
1343520,0.0,3.526759894226415e-45,9959.33065810166,0.9964229611557429,1.0123298163778399e-22
1343580,0.0,3.5216391959940365e-45,9959.330658101668,0.9964229611557428,1.0108823949029522e-22
1343640,0.0,3.516518497761658e-45,9959.330658101673,0.9964229611557428,1.0094349734280646e-22
1343700,0.0,3.51139779952928e-45,9959.330658101679,0.9964229611557427,1.0079875519531771e-22
1343760,0.0,3.5062771012969006e-45,9959.330658101684,0.9964229611557427,1.0065401304782894e-22
1343820,0.0,3.501156403064522e-45,9959.33065810169,0.9964229611557426,1.0050927090034018e-22
1343880,0.0,3.496035704832144e-45,9959.330658101697,0.9964229611557425,1.0036452875285143e-22
1343940,0.0,3.4909150065997653e-45,9959.330658101702,0.9964229611557425,1.0021978660536265e-22
1344000,0.0,3.485794308367386e-45,9959.330658101708,0.9964229611557424,1.0007504445787389e-22
1344060,0.0,3.480673610135008e-45,9959.330658101713,0.9964229611557424,9.993030231038514e-23
1344120,0.0,3.4755529119026294e-45,9959.33065810172,0.9964229611557422,9.978556016289637e-23
1344180,0.0,3.470432213670251e-45,9959.330658101726,0.9964229611557422,9.964081801540762e-23
1344240,0.0,3.465311515437872e-45,9959.330658101731,0.9964229611557421,9.949607586791886e-23
1344300,0.0,3.4601908172054935e-45,9959.330658101737,0.9964229611557421,9.93513337204301e-23
1344360,0.0,3.4550701189731155e-45,9959.330658101742,0.996422961155742,9.920659157294134e-23
1344420,0.0,3.449949420740736e-45,9959.33065810175,0.996422961155742,9.906184942545258e-23
1344480,0.0,3.4448287225083576e-45,9959.330658101755,0.9964229611557419,9.89171072779638e-23
1344540,0.0,3.4397080242759795e-45,9959.33065810176,0.9964229611557418,9.877236513047507e-23
1344600,0.0,3.434587326043601e-45,9959.330658101766,0.9964229611557418,9.862762298298629e-23
1344660,0.0,3.429466627811222e-45,9959.330658101771,0.9964229611557417,9.848288083549753e-23
1344720,0.0,3.4243459295788436e-45,9959.330658101779,0.9964229611557417,9.833813868800877e-23
1344780,0.0,3.419225231346465e-45,9959.330658101784,0.9964229611557416,9.819339654052001e-23
1344840,0.0,3.4141045331140863e-45,9959.33065810179,0.9964229611557416,9.804865439303125e-23
1344900,0.0,3.408983834881708e-45,9959.330658101795,0.9964229611557415,9.79039122455425e-23
1344960,0.0,3.403863136649329e-45,9959.330658101802,0.9964229611557415,9.775917009805373e-23
1345020,0.0,3.3987424384169504e-45,9959.330658101808,0.9964229611557414,9.761442795056496e-23
1345080,0.0,3.3936217401845724e-45,9959.330658101813,0.9964229611557412,9.746968580307622e-23
1345140,0.0,3.388501041952193e-45,9959.330658101819,0.9964229611557412,9.732494365558744e-23
1345200,0.0,3.383380343719815e-45,9959.330658101824,0.9964229611557411,9.718020150809869e-23
1345260,0.0,3.3782596454874365e-45,9959.330658101831,0.9964229611557411,9.703545936060993e-23
1345320,0.0,3.373138947255058e-45,9959.330658101837,0.996422961155741,9.689071721312116e-23
1345380,0.0,3.368018249022679e-45,9959.330658101842,0.996422961155741,9.674597506563241e-23
1345440,0.0,3.3628975507903006e-45,9959.330658101848,0.9964229611557409,9.660123291814365e-23
1345500,0.0,3.357776852557922e-45,9959.330658101853,0.9964229611557409,9.645649077065488e-23
1345560,0.0,3.352656154325544e-45,9959.33065810186,0.9964229611557408,9.631174862316613e-23
1345620,0.0,3.3475354560931646e-45,9959.330658101866,0.9964229611557407,9.616700647567737e-23
1345680,0.0,3.342414757860786e-45,9959.330658101871,0.9964229611557407,9.60222643281886e-23
1345740,0.0,3.337294059628408e-45,9959.330658101877,0.9964229611557406,9.587752218069984e-23
1345800,0.0,3.3321733613960293e-45,9959.330658101884,0.9964229611557406,9.573278003321108e-23
1345860,0.0,3.32705266316365e-45,9959.33065810189,0.9964229611557405,9.558803788572232e-23
1345920,0.0,3.321931964931272e-45,9959.330658101895,0.9964229611557405,9.544329573823356e-23
1345980,0.0,3.3168112666988934e-45,9959.3306581019,0.9964229611557404,9.52985535907448e-23
1346040,0.0,3.311690568466515e-45,9959.330658101906,0.9964229611557404,9.515381144325604e-23
1346100,0.0,3.306569870234136e-45,9959.330658101913,0.9964229611557402,9.500906929576729e-23
1346160,0.0,3.3014491720017575e-45,9959.330658101919,0.9964229611557402,9.486432714827852e-23
1346220,0.0,3.296328473769379e-45,9959.330658101924,0.9964229611557401,9.471958500078975e-23
1346280,0.0,3.291207775537001e-45,9959.33065810193,0.99642296115574,9.4574842853301e-23
1346340,0.0,3.2860870773046216e-45,9959.330658101935,0.99642296115574,9.443010070581223e-23
1346400,0.0,3.2809663790722436e-45,9959.330658101942,0.9964229611557399,9.428535855832348e-23
1346460,0.0,3.275845680839865e-45,9959.330658101948,0.9964229611557399,9.414061641083472e-23
1346520,0.0,3.270724982607486e-45,9959.330658101953,0.9964229611557398,9.399587426334595e-23
1346580,0.0,3.2656042843751076e-45,9959.330658101959,0.9964229611557398,9.38511321158572e-23
1346640,0.0,3.260483586142729e-45,9959.330658101966,0.9964229611557397,9.370638996836844e-23
1346700,0.0,3.2553628879103504e-45,9959.330658101971,0.9964229611557397,9.356164782087967e-23
1346760,0.0,3.2502421896779724e-45,9959.330658101977,0.9964229611557396,9.341690567339092e-23
1346820,0.0,3.245121491445593e-45,9959.330658101982,0.9964229611557395,9.327216352590215e-23
1346880,0.0,3.2400007932132144e-45,9959.330658101988,0.9964229611557395,9.312742137841338e-23
1346940,0.0,3.2348800949808364e-45,9959.330658101995,0.9964229611557394,9.298267923092463e-23
1347000,0.0,3.229759396748458e-45,9959.330658102,0.9964229611557394,9.283793708343587e-23
1347060,0.0,3.2246386985160785e-45,9959.330658102006,0.9964229611557393,9.26931949359471e-23
1347120,0.0,3.2195180002837005e-45,9959.330658102012,0.9964229611557393,9.254845278845835e-23
1347180,0.0,3.214397302051322e-45,9959.330658102019,0.9964229611557391,9.240371064096959e-23
1347240,0.0,3.209276603818943e-45,9959.330658102024,0.9964229611557391,9.225896849348083e-23
1347300,0.0,3.2041559055865646e-45,9959.33065810203,0.996422961155739,9.211422634599208e-23
1347360,0.0,3.199035207354186e-45,9959.330658102035,0.996422961155739,9.19694841985033e-23
1347420,0.0,3.193914509121808e-45,9959.33065810204,0.9964229611557389,9.182474205101456e-23
1347480,0.0,3.188793810889429e-45,9959.330658102048,0.9964229611557388,9.167999990352578e-23
1347540,0.0,3.18367311265705e-45,9959.330658102053,0.9964229611557388,9.153525775603702e-23
1347600,0.0,3.178552414424672e-45,9959.330658102059,0.9964229611557387,9.139051560854827e-23
1347660,0.0,3.1734317161922934e-45,9959.330658102064,0.9964229611557387,9.124577346105951e-23
1347720,0.0,3.168311017959915e-45,9959.33065810207,0.9964229611557386,9.110103131357074e-23
1347780,0.0,3.163190319727536e-45,9959.330658102077,0.9964229611557386,9.095628916608199e-23
1347840,0.0,3.1580696214951575e-45,9959.330658102082,0.9964229611557385,9.081154701859323e-23
1347900,0.0,3.152948923262779e-45,9959.330658102088,0.9964229611557385,9.066680487110446e-23
1347960,0.0,3.1478282250304e-45,9959.330658102093,0.9964229611557384,9.052206272361571e-23
1348020,0.0,3.1427075267980215e-45,9959.3306581021,0.9964229611557383,9.037732057612694e-23
1348080,0.0,3.137586828565643e-45,9959.330658102106,0.9964229611557383,9.023257842863817e-23
1348140,0.0,3.132466130333265e-45,9959.330658102112,0.9964229611557381,9.008783628114942e-23
1348200,0.0,3.127345432100886e-45,9959.330658102117,0.9964229611557381,8.994309413366066e-23
1348260,0.0,3.122224733868507e-45,9959.330658102122,0.996422961155738,8.97983519861719e-23
1348320,0.0,3.117104035636129e-45,9959.33065810213,0.996422961155738,8.965360983868314e-23
1348380,0.0,3.1119833374037503e-45,9959.330658102135,0.9964229611557379,8.950886769119438e-23
1348440,0.0,3.1068626391713717e-45,9959.33065810214,0.9964229611557379,8.936412554370563e-23
1348500,0.0,3.101741940938993e-45,9959.330658102146,0.9964229611557378,8.921938339621686e-23
1348560,0.0,3.0966212427066144e-45,9959.330658102152,0.9964229611557378,8.907464124872809e-23
1348620,0.0,3.0915005444742364e-45,9959.330658102159,0.9964229611557377,8.892989910123934e-23
1348680,0.0,3.086379846241857e-45,9959.330658102164,0.9964229611557376,8.878515695375057e-23
1348740,0.0,3.0812591480094785e-45,9959.33065810217,0.9964229611557376,8.864041480626181e-23
1348800,0.0,3.0761384497771005e-45,9959.330658102175,0.9964229611557375,8.849567265877306e-23
1348860,0.0,3.071017751544722e-45,9959.330658102182,0.9964229611557375,8.83509305112843e-23
1348920,0.0,3.065897053312343e-45,9959.330658102188,0.9964229611557374,8.820618836379553e-23
1348980,0.0,3.0607763550799645e-45,9959.330658102193,0.9964229611557374,8.806144621630678e-23
1349040,0.0,3.055655656847586e-45,9959.330658102199,0.9964229611557373,8.791670406881802e-23
1349100,0.0,3.050534958615207e-45,9959.330658102204,0.9964229611557373,8.777196192132924e-23
1349160,0.0,3.0454142603828286e-45,9959.330658102212,0.9964229611557371,8.762721977384049e-23
1349220,0.0,3.04029356215045e-45,9959.330658102217,0.996422961155737,8.748247762635173e-23
1349280,0.0,3.0351728639180713e-45,9959.330658102223,0.996422961155737,8.733773547886296e-23
1349340,0.0,3.0300521656856933e-45,9959.330658102228,0.9964229611557369,8.719299333137421e-23
1349400,0.0,3.024931467453314e-45,9959.330658102233,0.9964229611557369,8.704825118388545e-23
1349460,0.0,3.0198107692209354e-45,9959.33065810224,0.9964229611557368,8.690350903639668e-23
1349520,0.0,3.0146900709885574e-45,9959.330658102246,0.9964229611557368,8.675876688890793e-23
1349580,0.0,3.009569372756179e-45,9959.330658102252,0.9964229611557367,8.661402474141917e-23
1349640,0.0,3.0044486745238e-45,9959.330658102257,0.9964229611557367,8.646928259393042e-23
1349700,0.0,2.9993279762914215e-45,9959.330658102264,0.9964229611557366,8.632454044644164e-23
1349760,0.0,2.994207278059043e-45,9959.33065810227,0.9964229611557366,8.617979829895288e-23
1349820,0.0,2.989086579826665e-45,9959.330658102275,0.9964229611557365,8.603505615146413e-23
1349880,0.0,2.9839658815942856e-45,9959.33065810228,0.9964229611557364,8.589031400397536e-23
1349940,0.0,2.978845183361907e-45,9959.330658102286,0.9964229611557364,8.57455718564866e-23
1350000,0.0,2.973724485129529e-45,9959.330658102293,0.9964229611557363,8.560082970899785e-23
1350060,0.0,2.96860378689715e-45,9959.330658102299,0.9964229611557363,8.545608756150909e-23
1350120,0.0,2.963483088664771e-45,9959.330658102304,0.9964229611557361,8.531134541402032e-23
1350180,0.0,2.958362390432393e-45,9959.33065810231,0.9964229611557361,8.516660326653157e-23
1350240,0.0,2.9532416922000144e-45,9959.330658102317,0.996422961155736,8.502186111904281e-23
1350300,0.0,2.948120993967636e-45,9959.330658102323,0.996422961155736,8.487711897155403e-23
1350360,0.0,2.943000295735257e-45,9959.330658102328,0.9964229611557359,8.473237682406528e-23
1350420,0.0,2.9378795975028784e-45,9959.330658102333,0.9964229611557358,8.458763467657652e-23
1350480,0.0,2.9327588992705e-45,9959.330658102339,0.9964229611557358,8.444289252908775e-23
1350540,0.0,2.927638201038122e-45,9959.330658102346,0.9964229611557357,8.4298150381599e-23
1350600,0.0,2.9225175028057425e-45,9959.330658102352,0.9964229611557357,8.415340823411024e-23
1350660,0.0,2.9173968045733645e-45,9959.330658102357,0.9964229611557356,8.400866608662149e-23
1350720,0.0,2.912276106340986e-45,9959.330658102363,0.9964229611557356,8.386392393913272e-23
1350780,0.0,2.907155408108607e-45,9959.330658102368,0.9964229611557355,8.371918179164396e-23
1350840,0.0,2.9020347098762286e-45,9959.330658102375,0.9964229611557355,8.357443964415521e-23
1350900,0.0,2.89691401164385e-45,9959.33065810238,0.9964229611557354,8.342969749666643e-23
1350960,0.0,2.891793313411471e-45,9959.330658102386,0.9964229611557353,8.328495534917767e-23
1351020,0.0,2.886672615179093e-45,9959.330658102392,0.9964229611557353,8.314021320168892e-23
1351080,0.0,2.881551916946714e-45,9959.330658102399,0.9964229611557351,8.299547105420015e-23
1351140,0.0,2.8764312187143354e-45,9959.330658102404,0.9964229611557351,8.285072890671139e-23
1351200,0.0,2.8713105204819574e-45,9959.33065810241,0.996422961155735,8.270598675922264e-23
1351260,0.0,2.866189822249579e-45,9959.330658102415,0.996422961155735,8.256124461173387e-23
1351320,0.0,2.8610691240171995e-45,9959.33065810242,0.9964229611557349,8.241650246424511e-23
1351380,0.0,2.8559484257848214e-45,9959.330658102428,0.9964229611557349,8.227176031675636e-23
1351440,0.0,2.850827727552443e-45,9959.330658102434,0.9964229611557348,8.212701816926758e-23
1351500,0.0,2.845707029320064e-45,9959.330658102439,0.9964229611557348,8.198227602177882e-23
1351560,0.0,2.8405863310876855e-45,9959.330658102444,0.9964229611557347,8.183753387429007e-23
1351620,0.0,2.835465632855307e-45,9959.33065810245,0.9964229611557346,8.16927917268013e-23
1351680,0.0,2.830344934622929e-45,9959.330658102457,0.9964229611557346,8.154804957931255e-23
1351740,0.0,2.82522423639055e-45,9959.330658102463,0.9964229611557345,8.140330743182379e-23
1351800,0.0,2.820103538158171e-45,9959.330658102468,0.9964229611557345,8.125856528433503e-23
1351860,0.0,2.814982839925793e-45,9959.330658102474,0.9964229611557344,8.111382313684628e-23
1351920,0.0,2.809862141693414e-45,9959.33065810248,0.9964229611557344,8.096908098935751e-23
1351980,0.0,2.8047414434610357e-45,9959.330658102486,0.9964229611557343,8.082433884186874e-23
1352040,0.0,2.799620745228657e-45,9959.330658102492,0.9964229611557343,8.067959669438e-23
1352100,0.0,2.7945000469962784e-45,9959.330658102497,0.9964229611557341,8.053485454689122e-23
1352160,0.0,2.7893793487638997e-45,9959.330658102503,0.996422961155734,8.039011239940246e-23
1352220,0.0,2.784258650531521e-45,9959.33065810251,0.996422961155734,8.024537025191371e-23
1352280,0.0,2.7791379522991425e-45,9959.330658102515,0.9964229611557339,8.010062810442494e-23
1352340,0.0,2.7740172540667638e-45,9959.33065810252,0.9964229611557339,7.995588595693618e-23
1352400,0.0,2.7688965558343855e-45,9959.330658102526,0.9964229611557338,7.981114380944743e-23
1352460,0.0,2.763775857602007e-45,9959.330658102532,0.9964229611557338,7.966640166195866e-23
1352520,0.0,2.7586551593696282e-45,9959.330658102539,0.9964229611557337,7.952165951446989e-23
1352580,0.0,2.75353446113725e-45,9959.330658102544,0.9964229611557337,7.937691736698115e-23
1352640,0.0,2.748413762904871e-45,9959.33065810255,0.9964229611557336,7.923217521949237e-23
1352700,0.0,2.7432930646724923e-45,9959.330658102555,0.9964229611557336,7.908743307200361e-23
1352760,0.0,2.738172366440114e-45,9959.330658102563,0.9964229611557335,7.894269092451486e-23
1352820,0.0,2.7330516682077353e-45,9959.330658102568,0.9964229611557334,7.87979487770261e-23
1352880,0.0,2.727930969975357e-45,9959.330658102574,0.9964229611557334,7.865320662953734e-23
1352940,0.0,2.7228102717429784e-45,9959.330658102579,0.9964229611557333,7.850846448204858e-23
1353000,0.0,2.7176895735105994e-45,9959.330658102584,0.9964229611557333,7.836372233455982e-23
1353060,0.0,2.7125688752782214e-45,9959.330658102592,0.9964229611557331,7.821898018707106e-23
1353120,0.0,2.7074481770458424e-45,9959.330658102597,0.9964229611557331,7.80742380395823e-23
1353180,0.0,2.7023274788134638e-45,9959.330658102603,0.996422961155733,7.792949589209353e-23
1353240,0.0,2.6972067805810855e-45,9959.330658102608,0.996422961155733,7.778475374460477e-23
1353300,0.0,2.6920860823487068e-45,9959.330658102615,0.9964229611557329,7.764001159711601e-23
1353360,0.0,2.686965384116328e-45,9959.33065810262,0.9964229611557328,7.749526944962725e-23
1353420,0.0,2.68184468588395e-45,9959.330658102626,0.9964229611557328,7.73505273021385e-23
1353480,0.0,2.676723987651571e-45,9959.330658102632,0.9964229611557327,7.720578515464973e-23
1353540,0.0,2.6716032894191923e-45,9959.330658102637,0.9964229611557327,7.706104300716097e-23
1353600,0.0,2.666482591186814e-45,9959.330658102645,0.9964229611557326,7.691630085967222e-23
1353660,0.0,2.6613618929544353e-45,9959.33065810265,0.9964229611557326,7.677155871218345e-23
1353720,0.0,2.6562411947220564e-45,9959.330658102655,0.9964229611557325,7.662681656469468e-23
1353780,0.0,2.6511204964896783e-45,9959.33065810266,0.9964229611557325,7.648207441720593e-23
1353840,0.0,2.6459997982572994e-45,9959.330658102666,0.9964229611557324,7.633733226971716e-23
1353900,0.0,2.6408791000249214e-45,9959.330658102674,0.9964229611557324,7.619259012222841e-23
1353960,0.0,2.6357584017925424e-45,9959.330658102679,0.9964229611557323,7.604784797473965e-23
1354020,0.0,2.6306377035601638e-45,9959.330658102685,0.9964229611557321,7.590310582725088e-23
1354080,0.0,2.6255170053277854e-45,9959.33065810269,0.9964229611557321,7.575836367976213e-23
1354140,0.0,2.6203963070954068e-45,9959.330658102697,0.996422961155732,7.561362153227337e-23
1354200,0.0,2.615275608863028e-45,9959.330658102703,0.996422961155732,7.546887938478461e-23
1354260,0.0,2.6101549106306498e-45,9959.330658102708,0.9964229611557319,7.532413723729585e-23
1354320,0.0,2.605034212398271e-45,9959.330658102714,0.9964229611557319,7.517939508980708e-23
1354380,0.0,2.5999135141658922e-45,9959.33065810272,0.9964229611557318,7.503465294231832e-23
1354440,0.0,2.594792815933514e-45,9959.330658102726,0.9964229611557318,7.488991079482956e-23
1354500,0.0,2.5896721177011353e-45,9959.330658102732,0.9964229611557317,7.47451686473408e-23
1354560,0.0,2.5845514194687563e-45,9959.330658102737,0.9964229611557316,7.460042649985204e-23
1354620,0.0,2.5794307212363783e-45,9959.330658102743,0.9964229611557316,7.445568435236329e-23
1354680,0.0,2.5743100230039994e-45,9959.330658102748,0.9964229611557315,7.431094220487452e-23
1354740,0.0,2.5691893247716207e-45,9959.330658102755,0.9964229611557315,7.416620005738576e-23
1354800,0.0,2.5640686265392424e-45,9959.330658102761,0.9964229611557314,7.402145790989701e-23
1354860,0.0,2.5589479283068638e-45,9959.330658102766,0.9964229611557314,7.387671576240823e-23
1354920,0.0,2.5538272300744854e-45,9959.330658102772,0.9964229611557313,7.373197361491949e-23
1354980,0.0,2.5487065318421068e-45,9959.33065810278,0.9964229611557313,7.358723146743072e-23
1355040,0.0,2.5435858336097278e-45,9959.330658102785,0.9964229611557311,7.344248931994195e-23
1355100,0.0,2.5384651353773498e-45,9959.33065810279,0.9964229611557311,7.32977471724532e-23
1355160,0.0,2.533344437144971e-45,9959.330658102795,0.996422961155731,7.315300502496444e-23
1355220,0.0,2.5282237389125922e-45,9959.330658102801,0.9964229611557309,7.300826287747567e-23
1355280,0.0,2.523103040680214e-45,9959.330658102808,0.9964229611557309,7.286352072998692e-23
1355340,0.0,2.5179823424478353e-45,9959.330658102814,0.9964229611557308,7.271877858249816e-23
1355400,0.0,2.5128616442154563e-45,9959.33065810282,0.9964229611557308,7.257403643500938e-23
1355460,0.0,2.507740945983078e-45,9959.330658102825,0.9964229611557307,7.242929428752064e-23
1355520,0.0,2.5026202477506993e-45,9959.33065810283,0.9964229611557307,7.228455214003187e-23
1355580,0.0,2.4974995495183207e-45,9959.330658102837,0.9964229611557306,7.21398099925431e-23
1355640,0.0,2.4923788512859424e-45,9959.330658102843,0.9964229611557306,7.199506784505435e-23
1355700,0.0,2.4872581530535637e-45,9959.330658102848,0.9964229611557305,7.185032569756559e-23
1355760,0.0,2.4821374548211848e-45,9959.330658102854,0.9964229611557304,7.170558355007683e-23
1355820,0.0,2.4770167565888064e-45,9959.330658102861,0.9964229611557304,7.156084140258807e-23
1355880,0.0,2.4718960583564278e-45,9959.330658102866,0.9964229611557303,7.141609925509931e-23
1355940,0.0,2.4667753601240492e-45,9959.330658102872,0.9964229611557303,7.127135710761055e-23
1356000,0.0,2.4616546618916708e-45,9959.330658102877,0.9964229611557301,7.11266149601218e-23
1356060,0.0,2.4565339636592922e-45,9959.330658102883,0.9964229611557301,7.098187281263302e-23
1356120,0.0,2.451413265426914e-45,9959.33065810289,0.99642296115573,7.083713066514427e-23
1356180,0.0,2.446292567194535e-45,9959.330658102896,0.99642296115573,7.069238851765551e-23
1356240,0.0,2.4411718689621563e-45,9959.330658102901,0.9964229611557299,7.054764637016674e-23
1356300,0.0,2.436051170729778e-45,9959.330658102906,0.9964229611557298,7.040290422267799e-23
1356360,0.0,2.4309304724973993e-45,9959.330658102914,0.9964229611557298,7.025816207518923e-23
1356420,0.0,2.4258097742650207e-45,9959.33065810292,0.9964229611557297,7.011341992770046e-23
1356480,0.0,2.4206890760326423e-45,9959.330658102925,0.9964229611557297,6.996867778021171e-23
1356540,0.0,2.4155683778002634e-45,9959.33065810293,0.9964229611557296,6.982393563272295e-23
1356600,0.0,2.4104476795678848e-45,9959.330658102936,0.9964229611557296,6.967919348523417e-23
1356660,0.0,2.4053269813355064e-45,9959.330658102943,0.9964229611557295,6.953445133774542e-23
1356720,0.0,2.4002062831031278e-45,9959.330658102948,0.9964229611557295,6.938970919025666e-23
1356780,0.0,2.395085584870749e-45,9959.330658102954,0.9964229611557294,6.92449670427679e-23
1356840,0.0,2.3899648866383708e-45,9959.33065810296,0.9964229611557294,6.910022489527914e-23
1356900,0.0,2.384844188405992e-45,9959.330658102965,0.9964229611557293,6.895548274779038e-23
1356960,0.0,2.3797234901736132e-45,9959.330658102972,0.9964229611557291,6.881074060030162e-23
1357020,0.0,2.374602791941235e-45,9959.330658102977,0.9964229611557291,6.866599845281286e-23
1357080,0.0,2.3694820937088563e-45,9959.330658102983,0.996422961155729,6.85212563053241e-23
1357140,0.0,2.364361395476478e-45,9959.330658102988,0.996422961155729,6.837651415783535e-23
1357200,0.0,2.3592406972440993e-45,9959.330658102996,0.9964229611557289,6.823177201034657e-23
1357260,0.0,2.3541199990117203e-45,9959.330658103001,0.9964229611557289,6.808702986285781e-23
1357320,0.0,2.3489993007793423e-45,9959.330658103006,0.9964229611557288,6.794228771536906e-23
1357380,0.0,2.3438786025469634e-45,9959.330658103012,0.9964229611557288,6.77975455678803e-23
1357440,0.0,2.3387579043145847e-45,9959.330658103017,0.9964229611557287,6.765280342039153e-23
1357500,0.0,2.333637206082206e-45,9959.330658103025,0.9964229611557286,6.750806127290277e-23
1357560,0.0,2.3285165078498278e-45,9959.33065810303,0.9964229611557286,6.736331912541402e-23
1357620,0.0,2.323395809617449e-45,9959.330658103036,0.9964229611557285,6.721857697792525e-23
1357680,0.0,2.3182751113850705e-45,9959.330658103041,0.9964229611557285,6.707383483043649e-23
1357740,0.0,2.3131544131526918e-45,9959.330658103047,0.9964229611557284,6.692909268294773e-23
1357800,0.0,2.3080337149203135e-45,9959.330658103054,0.9964229611557284,6.678435053545897e-23
1357860,0.0,2.3029130166879346e-45,9959.33065810306,0.9964229611557283,6.663960838797021e-23
1357920,0.0,2.2977923184555562e-45,9959.330658103065,0.9964229611557283,6.649486624048145e-23
1357980,0.0,2.2926716202231776e-45,9959.33065810307,0.9964229611557281,6.63501240929927e-23
1358040,0.0,2.2875509219907993e-45,9959.330658103077,0.9964229611557281,6.620538194550393e-23
1358100,0.0,2.2824302237584203e-45,9959.330658103083,0.996422961155728,6.606063979801517e-23
1358160,0.0,2.277309525526042e-45,9959.330658103088,0.9964229611557279,6.59158976505264e-23
1358220,0.0,2.2721888272936633e-45,9959.330658103094,0.9964229611557279,6.577115550303765e-23
1358280,0.0,2.2670681290612847e-45,9959.3306581031,0.9964229611557278,6.562641335554889e-23
1358340,0.0,2.261947430828906e-45,9959.330658103107,0.9964229611557278,6.548167120806013e-23
1358400,0.0,2.2568267325965277e-45,9959.330658103112,0.9964229611557277,6.533692906057136e-23
1358460,0.0,2.251706034364149e-45,9959.330658103117,0.9964229611557277,6.519218691308261e-23
1358520,0.0,2.2465853361317705e-45,9959.330658103123,0.9964229611557276,6.504744476559385e-23
1358580,0.0,2.2414646378993918e-45,9959.330658103128,0.9964229611557276,6.490270261810509e-23
1358640,0.0,2.2363439396670135e-45,9959.330658103136,0.9964229611557275,6.475796047061632e-23
1358700,0.0,2.2312232414346345e-45,9959.330658103141,0.9964229611557274,6.461321832312756e-23
1358760,0.0,2.2261025432022562e-45,9959.330658103147,0.9964229611557274,6.446847617563881e-23
1358820,0.0,2.2209818449698776e-45,9959.330658103152,0.9964229611557273,6.432373402815004e-23
1358880,0.0,2.215861146737499e-45,9959.33065810316,0.9964229611557273,6.417899188066128e-23
1358940,0.0,2.2107404485051203e-45,9959.330658103165,0.9964229611557271,6.403424973317252e-23
1359000,0.0,2.205619750272742e-45,9959.33065810317,0.9964229611557271,6.388950758568376e-23
1359060,0.0,2.2004990520403633e-45,9959.330658103176,0.996422961155727,6.3744765438195e-23
1359120,0.0,2.1953783538079847e-45,9959.330658103181,0.996422961155727,6.360002329070624e-23
1359180,0.0,2.190257655575606e-45,9959.330658103188,0.9964229611557269,6.345528114321749e-23
1359240,0.0,2.1851369573432277e-45,9959.330658103194,0.9964229611557269,6.331053899572872e-23
1359300,0.0,2.1800162591108488e-45,9959.3306581032,0.9964229611557268,6.316579684823996e-23
1359360,0.0,2.1748955608784704e-45,9959.330658103205,0.9964229611557267,6.30210547007512e-23
1359420,0.0,2.1697748626460918e-45,9959.330658103212,0.9964229611557267,6.287631255326244e-23
1359480,0.0,2.164654164413713e-45,9959.330658103218,0.9964229611557266,6.273157040577367e-23
1359540,0.0,2.1595334661813345e-45,9959.330658103223,0.9964229611557266,6.258682825828492e-23
1359600,0.0,2.1544127679489562e-45,9959.330658103228,0.9964229611557265,6.244208611079615e-23
1359660,0.0,2.1492920697165775e-45,9959.330658103234,0.9964229611557265,6.22973439633074e-23
1359720,0.0,2.144171371484199e-45,9959.330658103241,0.9964229611557264,6.215260181581864e-23
1359780,0.0,2.1390506732518203e-45,9959.330658103247,0.9964229611557264,6.200785966832987e-23
1359840,0.0,2.1339299750194416e-45,9959.330658103252,0.9964229611557263,6.186311752084111e-23
1359900,0.0,2.128809276787063e-45,9959.330658103258,0.9964229611557262,6.171837537335235e-23
1359960,0.0,2.1236885785546847e-45,9959.330658103263,0.9964229611557262,6.15736332258636e-23
1360020,0.0,2.118567880322306e-45,9959.33065810327,0.996422961155726,6.142889107837483e-23
1360080,0.0,2.1134471820899274e-45,9959.330658103276,0.996422961155726,6.128414893088607e-23
1360140,0.0,2.1083264838575487e-45,9959.330658103281,0.9964229611557259,6.11394067833973e-23
1360200,0.0,2.10320578562517e-45,9959.330658103287,0.9964229611557259,6.099466463590855e-23
1360260,0.0,2.0980850873927918e-45,9959.330658103294,0.9964229611557258,6.084992248841979e-23
1360320,0.0,2.092964389160413e-45,9959.3306581033,0.9964229611557258,6.070518034093103e-23
1360380,0.0,2.0878436909280345e-45,9959.330658103305,0.9964229611557257,6.056043819344226e-23
1360440,0.0,2.082722992695656e-45,9959.33065810331,0.9964229611557257,6.041569604595351e-23
1360500,0.0,2.0776022944632772e-45,9959.330658103316,0.9964229611557256,6.027095389846475e-23
1360560,0.0,2.0724815962308986e-45,9959.330658103323,0.9964229611557255,6.012621175097598e-23
1360620,0.0,2.0673608979985202e-45,9959.330658103328,0.9964229611557255,5.998146960348723e-23
1360680,0.0,2.0622401997661416e-45,9959.330658103334,0.9964229611557254,5.983672745599847e-23
1360740,0.0,2.057119501533763e-45,9959.33065810334,0.9964229611557254,5.969198530850971e-23
1360800,0.0,2.0519988033013843e-45,9959.330658103345,0.9964229611557253,5.954724316102094e-23
1360860,0.0,2.046878105069006e-45,9959.330658103352,0.9964229611557253,5.940250101353219e-23
1360920,0.0,2.041757406836627e-45,9959.330658103358,0.9964229611557252,5.925775886604342e-23
1360980,0.0,2.0366367086042487e-45,9959.330658103363,0.9964229611557252,5.911301671855466e-23
1361040,0.0,2.03151601037187e-45,9959.330658103368,0.996422961155725,5.89682745710659e-23
1361100,0.0,2.0263953121394914e-45,9959.330658103376,0.9964229611557249,5.882353242357714e-23
1361160,0.0,2.0212746139071128e-45,9959.330658103381,0.9964229611557249,5.867879027608839e-23
1361220,0.0,2.0161539156747345e-45,9959.330658103387,0.9964229611557248,5.853404812859962e-23
1361280,0.0,2.0110332174423558e-45,9959.330658103392,0.9964229611557248,5.838930598111086e-23
1361340,0.0,2.0059125192099772e-45,9959.330658103398,0.9964229611557247,5.82445638336221e-23
1361400,0.0,2.0007918209775985e-45,9959.330658103405,0.9964229611557247,5.809982168613334e-23
1361460,0.0,1.9956711227452202e-45,9959.33065810341,0.9964229611557246,5.795507953864458e-23
1361520,0.0,1.9905504245128413e-45,9959.330658103416,0.9964229611557246,5.781033739115582e-23
1361580,0.0,1.985429726280463e-45,9959.330658103421,0.9964229611557245,5.766559524366705e-23
1361640,0.0,1.9803090280480843e-45,9959.330658103427,0.9964229611557244,5.75208530961783e-23
1361700,0.0,1.975188329815706e-45,9959.330658103434,0.9964229611557244,5.737611094868954e-23
1361760,0.0,1.970067631583327e-45,9959.33065810344,0.9964229611557243,5.723136880120077e-23
1361820,0.0,1.9649469333509487e-45,9959.330658103445,0.9964229611557243,5.708662665371201e-23
1361880,0.0,1.95982623511857e-45,9959.33065810345,0.9964229611557242,5.694188450622326e-23
1361940,0.0,1.9547055368861914e-45,9959.330658103458,0.9964229611557242,5.67971423587345e-23
1362000,0.0,1.9495848386538128e-45,9959.330658103463,0.996422961155724,5.665240021124573e-23
1362060,0.0,1.9444641404214344e-45,9959.330658103469,0.996422961155724,5.650765806375698e-23
1362120,0.0,1.9393434421890555e-45,9959.330658103474,0.9964229611557239,5.63629159162682e-23
1362180,0.0,1.9342227439566772e-45,9959.33065810348,0.9964229611557239,5.621817376877945e-23
1362240,0.0,1.9291020457242985e-45,9959.330658103487,0.9964229611557238,5.607343162129069e-23
1362300,0.0,1.9239813474919202e-45,9959.330658103492,0.9964229611557237,5.592868947380194e-23
1362360,0.0,1.9188606492595412e-45,9959.330658103498,0.9964229611557237,5.578394732631316e-23
1362420,0.0,1.913739951027163e-45,9959.330658103503,0.9964229611557236,5.563920517882441e-23
1362480,0.0,1.9086192527947843e-45,9959.33065810351,0.9964229611557236,5.549446303133565e-23
1362540,0.0,1.9034985545624056e-45,9959.330658103516,0.9964229611557235,5.534972088384688e-23
1362600,0.0,1.898377856330027e-45,9959.330658103521,0.9964229611557235,5.520497873635813e-23
1362660,0.0,1.8932571580976487e-45,9959.330658103527,0.9964229611557234,5.506023658886937e-23
1362720,0.0,1.8881364598652697e-45,9959.330658103532,0.9964229611557234,5.491549444138061e-23
1362780,0.0,1.8830157616328914e-45,9959.33065810354,0.9964229611557233,5.477075229389184e-23
1362840,0.0,1.8778950634005127e-45,9959.330658103545,0.9964229611557232,5.462601014640309e-23
1362900,0.0,1.8727743651681344e-45,9959.33065810355,0.9964229611557232,5.448126799891433e-23
1362960,0.0,1.8676536669357555e-45,9959.330658103556,0.996422961155723,5.433652585142556e-23
1363020,0.0,1.862532968703377e-45,9959.330658103561,0.996422961155723,5.41917837039368e-23
1363080,0.0,1.8574122704709985e-45,9959.330658103569,0.9964229611557229,5.404704155644805e-23
1363140,0.0,1.85229157223862e-45,9959.330658103574,0.9964229611557229,5.390229940895929e-23
1363200,0.0,1.8471708740062412e-45,9959.33065810358,0.9964229611557228,5.375755726147052e-23
1363260,0.0,1.842050175773863e-45,9959.330658103585,0.9964229611557228,5.361281511398176e-23
1363320,0.0,1.836929477541484e-45,9959.330658103592,0.9964229611557227,5.3468072966493e-23
1363380,0.0,1.8318087793091056e-45,9959.330658103598,0.9964229611557227,5.332333081900423e-23
1363440,0.0,1.826688081076727e-45,9959.330658103603,0.9964229611557226,5.317858867151548e-23
1363500,0.0,1.8215673828443486e-45,9959.330658103609,0.9964229611557225,5.303384652402673e-23
1363560,0.0,1.8164466846119697e-45,9959.330658103614,0.9964229611557225,5.288910437653796e-23
1363620,0.0,1.8113259863795914e-45,9959.330658103621,0.9964229611557224,5.27443622290492e-23
1363680,0.0,1.8062052881472127e-45,9959.330658103627,0.9964229611557224,5.259962008156044e-23
1363740,0.0,1.801084589914834e-45,9959.330658103632,0.9964229611557223,5.2454877934071674e-23
1363800,0.0,1.7959638916824554e-45,9959.330658103638,0.9964229611557223,5.2310135786582917e-23
1363860,0.0,1.790843193450077e-45,9959.330658103643,0.9964229611557222,5.216539363909416e-23
1363920,0.0,1.7857224952176985e-45,9959.33065810365,0.9964229611557222,5.20206514916054e-23
1363980,0.0,1.7806017969853198e-45,9959.330658103656,0.996422961155722,5.187590934411663e-23
1364040,0.0,1.7754810987529412e-45,9959.330658103661,0.9964229611557219,5.1731167196627875e-23
1364100,0.0,1.7703604005205626e-45,9959.330658103667,0.9964229611557219,5.1586425049139117e-23
1364160,0.0,1.765239702288184e-45,9959.330658103674,0.9964229611557218,5.1441682901650353e-23
1364220,0.0,1.7601190040558053e-45,9959.33065810368,0.9964229611557218,5.129694075416159e-23
1364280,0.0,1.754998305823427e-45,9959.330658103685,0.9964229611557217,5.115219860667283e-23
1364340,0.0,1.7498776075910483e-45,9959.33065810369,0.9964229611557217,5.100745645918407e-23
1364400,0.0,1.7447569093586697e-45,9959.330658103696,0.9964229611557216,5.086271431169531e-23
1364460,0.0,1.739636211126291e-45,9959.330658103703,0.9964229611557216,5.0717972164206554e-23
1364520,0.0,1.7345155128939127e-45,9959.330658103709,0.9964229611557215,5.0573230016717796e-23
1364580,0.0,1.7293948146615337e-45,9959.330658103714,0.9964229611557215,5.0428487869229027e-23
1364640,0.0,1.7242741164291554e-45,9959.33065810372,0.9964229611557214,5.028374572174027e-23
1364700,0.0,1.7191534181967768e-45,9959.330658103725,0.9964229611557213,5.013900357425151e-23
1364760,0.0,1.714032719964398e-45,9959.330658103732,0.9964229611557213,4.999426142676274e-23
1364820,0.0,1.7089120217320195e-45,9959.330658103738,0.9964229611557212,4.9849519279273985e-23
1364880,0.0,1.7037913234996412e-45,9959.330658103743,0.9964229611557212,4.970477713178523e-23
1364940,0.0,1.6986706252672622e-45,9959.330658103749,0.996422961155721,4.9560034984296464e-23
1365000,0.0,1.693549927034884e-45,9959.330658103756,0.996422961155721,4.9415292836807706e-23
1365060,0.0,1.6884292288025053e-45,9959.330658103761,0.9964229611557209,4.927055068931895e-23
1365120,0.0,1.683308530570127e-45,9959.330658103767,0.9964229611557209,4.9125808541830185e-23
1365180,0.0,1.678187832337748e-45,9959.330658103772,0.9964229611557208,4.898106639434142e-23
1365240,0.0,1.6730671341053696e-45,9959.330658103778,0.9964229611557207,4.8836324246852664e-23
1365300,0.0,1.667946435872991e-45,9959.330658103785,0.9964229611557207,4.8691582099363906e-23
1365360,0.0,1.6628257376406124e-45,9959.33065810379,0.9964229611557206,4.854683995187514e-23
1365420,0.0,1.6577050394082337e-45,9959.330658103796,0.9964229611557206,4.840209780438638e-23
1365480,0.0,1.6525843411758554e-45,9959.330658103801,0.9964229611557205,4.825735565689762e-23
1365540,0.0,1.6474636429434768e-45,9959.330658103809,0.9964229611557205,4.8112613509408864e-23
1365600,0.0,1.642342944711098e-45,9959.330658103814,0.9964229611557204,4.79678713619201e-23
1365660,0.0,1.6372222464787195e-45,9959.33065810382,0.9964229611557204,4.782312921443134e-23
1365720,0.0,1.632101548246341e-45,9959.330658103825,0.9964229611557203,4.767838706694258e-23
1365780,0.0,1.6269808500139622e-45,9959.33065810383,0.9964229611557203,4.7533644919453816e-23
1365840,0.0,1.621860151781584e-45,9959.330658103838,0.9964229611557202,4.738890277196506e-23
1365900,0.0,1.6167394535492052e-45,9959.330658103843,0.99642296115572,4.72441606244763e-23
1365960,0.0,1.6116187553168266e-45,9959.330658103849,0.99642296115572,4.709941847698753e-23
1366020,0.0,1.606498057084448e-45,9959.330658103854,0.9964229611557199,4.6954676329498774e-23
1366080,0.0,1.6013773588520696e-45,9959.33065810386,0.9964229611557199,4.6809934182010017e-23
1366140,0.0,1.596256660619691e-45,9959.330658103867,0.9964229611557198,4.666519203452126e-23
1366200,0.0,1.5911359623873123e-45,9959.330658103872,0.9964229611557198,4.6520449887032496e-23
1366260,0.0,1.5860152641549337e-45,9959.330658103878,0.9964229611557197,4.637570773954373e-23
1366320,0.0,1.5808945659225554e-45,9959.330658103883,0.9964229611557197,4.6230965592054975e-23
1366380,0.0,1.5757738676901764e-45,9959.33065810389,0.9964229611557196,4.608622344456621e-23
1366440,0.0,1.570653169457798e-45,9959.330658103896,0.9964229611557195,4.5941481297077454e-23
1366500,0.0,1.5655324712254194e-45,9959.330658103901,0.9964229611557195,4.5796739149588696e-23
1366560,0.0,1.5604117729930408e-45,9959.330658103907,0.9964229611557194,4.5651997002099927e-23
1366620,0.0,1.5552910747606622e-45,9959.330658103912,0.9964229611557194,4.550725485461117e-23
1366680,0.0,1.5501703765282838e-45,9959.33065810392,0.9964229611557193,4.536251270712241e-23
1366740,0.0,1.5450496782959052e-45,9959.330658103925,0.9964229611557193,4.5217770559633654e-23
1366800,0.0,1.5399289800635266e-45,9959.33065810393,0.9964229611557192,4.5073028412144885e-23
1366860,0.0,1.534808281831148e-45,9959.330658103936,0.9964229611557192,4.4928286264656127e-23
1366920,0.0,1.5296875835987696e-45,9959.330658103941,0.996422961155719,4.478354411716737e-23
1366980,0.0,1.5245668853663906e-45,9959.330658103949,0.9964229611557189,4.4638801969678606e-23
1367040,0.0,1.5194461871340123e-45,9959.330658103954,0.9964229611557189,4.449405982218985e-23
1367100,0.0,1.5143254889016337e-45,9959.33065810396,0.9964229611557188,4.434931767470109e-23
1367160,0.0,1.5092047906692553e-45,9959.330658103965,0.9964229611557188,4.420457552721233e-23
1367220,0.0,1.5040840924368764e-45,9959.330658103972,0.9964229611557187,4.4059833379723564e-23
1367280,0.0,1.498963394204498e-45,9959.330658103978,0.9964229611557187,4.3915091232234806e-23
1367340,0.0,1.4938426959721194e-45,9959.330658103983,0.9964229611557186,4.377034908474605e-23
1367400,0.0,1.4887219977397408e-45,9959.330658103989,0.9964229611557186,4.362560693725728e-23
1367460,0.0,1.483601299507362e-45,9959.330658103994,0.9964229611557185,4.348086478976852e-23
1367520,0.0,1.4784806012749838e-45,9959.330658104001,0.9964229611557185,4.3336122642279764e-23
1367580,0.0,1.473359903042605e-45,9959.330658104007,0.9964229611557184,4.3191380494791e-23
1367640,0.0,1.4682392048102265e-45,9959.330658104012,0.9964229611557183,4.3046638347302243e-23
1367700,0.0,1.463118506577848e-45,9959.330658104018,0.9964229611557183,4.290189619981348e-23
1367760,0.0,1.4579978083454693e-45,9959.330658104023,0.9964229611557182,4.275715405232472e-23
1367820,0.0,1.4528771101130906e-45,9959.33065810403,0.9964229611557182,4.261241190483596e-23
1367880,0.0,1.4477564118807123e-45,9959.330658104036,0.996422961155718,4.24676697573472e-23
1367940,0.0,1.4426357136483336e-45,9959.330658104042,0.996422961155718,4.2322927609858443e-23
1368000,0.0,1.437515015415955e-45,9959.330658104047,0.9964229611557179,4.2178185462369674e-23
1368060,0.0,1.4323943171835764e-45,9959.330658104054,0.9964229611557179,4.2033443314880917e-23
1368120,0.0,1.4272736189511977e-45,9959.33065810406,0.9964229611557178,4.188870116739216e-23
1368180,0.0,1.422152920718819e-45,9959.330658104065,0.9964229611557177,4.1743959019903396e-23
1368240,0.0,1.4170322224864405e-45,9959.33065810407,0.9964229611557177,4.159921687241463e-23
1368300,0.0,1.411911524254062e-45,9959.330658104076,0.9964229611557176,4.1454474724925874e-23
1368360,0.0,1.4067908260216835e-45,9959.330658104083,0.9964229611557176,4.1309732577437117e-23
1368420,0.0,1.4016701277893048e-45,9959.330658104089,0.9964229611557175,4.1164990429948353e-23
1368480,0.0,1.3965494295569262e-45,9959.330658104094,0.9964229611557175,4.1020248282459596e-23
1368540,0.0,1.3914287313245479e-45,9959.3306581041,0.9964229611557174,4.087550613497084e-23
1368600,0.0,1.386308033092169e-45,9959.330658104107,0.9964229611557174,4.073076398748207e-23
1368660,0.0,1.3811873348597906e-45,9959.330658104112,0.9964229611557173,4.058602183999331e-23
1368720,0.0,1.376066636627412e-45,9959.330658104118,0.9964229611557173,4.0441279692504554e-23
1368780,0.0,1.3709459383950336e-45,9959.330658104123,0.9964229611557172,4.0296537545015796e-23
1368840,0.0,1.3658252401626548e-45,9959.330658104129,0.996422961155717,4.0151795397527027e-23
1368900,0.0,1.3607045419302763e-45,9959.330658104136,0.996422961155717,4.000705325003827e-23
1368960,0.0,1.3555838436978979e-45,9959.330658104142,0.9964229611557169,3.986231110254951e-23
1369020,0.0,1.350463145465519e-45,9959.330658104147,0.9964229611557169,3.971756895506075e-23
1369080,0.0,1.3453424472331406e-45,9959.330658104152,0.9964229611557168,3.957282680757199e-23
1369140,0.0,1.3402217490007621e-45,9959.330658104158,0.9964229611557168,3.942808466008323e-23
1369200,0.0,1.3351010507683833e-45,9959.330658104165,0.9964229611557167,3.9283342512594464e-23
1369260,0.0,1.3299803525360048e-45,9959.33065810417,0.9964229611557167,3.9138600365105706e-23
1369320,0.0,1.3248596543036263e-45,9959.330658104176,0.9964229611557166,3.899385821761695e-23
1369380,0.0,1.3197389560712478e-45,9959.330658104182,0.9964229611557165,3.884911607012819e-23
1369440,0.0,1.314618257838869e-45,9959.330658104189,0.9964229611557165,3.870437392263942e-23
1369500,0.0,1.3094975596064906e-45,9959.330658104194,0.9964229611557164,3.8559631775150664e-23
1369560,0.0,1.304376861374112e-45,9959.3306581042,0.9964229611557164,3.8414889627661906e-23
1369620,0.0,1.2992561631417333e-45,9959.330658104205,0.9964229611557163,3.8270147480173143e-23
1369680,0.0,1.2941354649093548e-45,9959.33065810421,0.9964229611557163,3.812540533268438e-23
1369740,0.0,1.2890147666769762e-45,9959.330658104218,0.9964229611557162,3.798066318519562e-23
1369800,0.0,1.2838940684445975e-45,9959.330658104223,0.9964229611557162,3.783592103770686e-23
1369860,0.0,1.278773370212219e-45,9959.330658104229,0.996422961155716,3.76911788902181e-23
1369920,0.0,1.2736526719798404e-45,9959.330658104234,0.996422961155716,3.7546436742729343e-23
1369980,0.0,1.2685319737474619e-45,9959.33065810424,0.9964229611557159,3.7401694595240586e-23
1370040,0.0,1.2634112755150833e-45,9959.330658104247,0.9964229611557158,3.7256952447751816e-23
1370100,0.0,1.2582905772827046e-45,9959.330658104253,0.9964229611557158,3.711221030026306e-23
1370160,0.0,1.2531698790503262e-45,9959.330658104258,0.9964229611557157,3.69674681527743e-23
1370220,0.0,1.2480491808179475e-45,9959.330658104263,0.9964229611557157,3.682272600528554e-23
1370280,0.0,1.2429284825855689e-45,9959.33065810427,0.9964229611557156,3.6677983857796774e-23
1370340,0.0,1.2378077843531904e-45,9959.330658104276,0.9964229611557156,3.6533241710308017e-23
1370400,0.0,1.2326870861208119e-45,9959.330658104282,0.9964229611557155,3.638849956281926e-23
1370460,0.0,1.2275663878884331e-45,9959.330658104287,0.9964229611557155,3.6243757415330496e-23
1370520,0.0,1.2224456896560546e-45,9959.330658104293,0.9964229611557154,3.609901526784174e-23
1370580,0.0,1.2173249914236761e-45,9959.3306581043,0.9964229611557153,3.5954273120352975e-23
1370640,0.0,1.2122042931912973e-45,9959.330658104305,0.9964229611557153,3.580953097286421e-23
1370700,0.0,1.2070835949589189e-45,9959.33065810431,0.9964229611557152,3.5664788825375454e-23
1370760,0.0,1.2019628967265404e-45,9959.330658104316,0.9964229611557152,3.5520046677886696e-23
1370820,0.0,1.1968421984941616e-45,9959.330658104322,0.996422961155715,3.5375304530397927e-23
1370880,0.0,1.1917215002617831e-45,9959.330658104329,0.996422961155715,3.523056238290917e-23
1370940,0.0,1.1866008020294046e-45,9959.330658104334,0.9964229611557149,3.508582023542041e-23
1371000,0.0,1.1814801037970261e-45,9959.33065810434,0.9964229611557149,3.4941078087931654e-23
1371060,0.0,1.1763594055646473e-45,9959.330658104345,0.9964229611557148,3.479633594044289e-23
1371120,0.0,1.1712387073322689e-45,9959.330658104353,0.9964229611557148,3.465159379295413e-23
1371180,0.0,1.1661180090998904e-45,9959.330658104358,0.9964229611557147,3.450685164546537e-23
1371240,0.0,1.1609973108675116e-45,9959.330658104363,0.9964229611557146,3.4362109497976606e-23
1371300,0.0,1.1558766126351331e-45,9959.330658104369,0.9964229611557146,3.421736735048785e-23
1371360,0.0,1.1507559144027546e-45,9959.330658104374,0.9964229611557145,3.407262520299909e-23
1371420,0.0,1.145635216170376e-45,9959.330658104382,0.9964229611557145,3.392788305551033e-23
1371480,0.0,1.1405145179379973e-45,9959.330658104387,0.9964229611557144,3.3783140908021564e-23
1371540,0.0,1.1353938197056188e-45,9959.330658104393,0.9964229611557144,3.3638398760532806e-23
1371600,0.0,1.1302731214732402e-45,9959.330658104398,0.9964229611557143,3.349365661304404e-23
1371660,0.0,1.1251524232408617e-45,9959.330658104405,0.9964229611557143,3.3348914465555285e-23
1371720,0.0,1.120031725008483e-45,9959.33065810441,0.9964229611557142,3.320417231806652e-23
1371780,0.0,1.1149110267761044e-45,9959.330658104416,0.996422961155714,3.3059430170577764e-23
1371840,0.0,1.109790328543726e-45,9959.330658104422,0.996422961155714,3.2914688023089007e-23
1371900,0.0,1.1046696303113473e-45,9959.330658104427,0.9964229611557139,3.2769945875600243e-23
1371960,0.0,1.0995489320789688e-45,9959.330658104434,0.9964229611557139,3.2625203728111486e-23
1372020,0.0,1.0944282338465902e-45,9959.33065810444,0.9964229611557138,3.248046158062272e-23
1372080,0.0,1.0893075356142115e-45,9959.330658104445,0.9964229611557138,3.233571943313396e-23
1372140,0.0,1.084186837381833e-45,9959.33065810445,0.9964229611557137,3.21909772856452e-23
1372200,0.0,1.0790661391494544e-45,9959.330658104456,0.9964229611557137,3.204623513815644e-23
1372260,0.0,1.073945440917076e-45,9959.330658104464,0.9964229611557136,3.190149299066768e-23
1372320,0.0,1.0688247426846973e-45,9959.330658104469,0.9964229611557135,3.1756750843178917e-23
1372380,0.0,1.0637040444523187e-45,9959.330658104474,0.9964229611557135,3.161200869569016e-23
1372440,0.0,1.0585833462199402e-45,9959.33065810448,0.9964229611557134,3.1467266548201395e-23
1372500,0.0,1.0534626479875615e-45,9959.330658104487,0.9964229611557134,3.132252440071264e-23
1372560,0.0,1.048341949755183e-45,9959.330658104493,0.9964229611557133,3.117778225322388e-23
1372620,0.0,1.0432212515228044e-45,9959.330658104498,0.9964229611557133,3.1033040105735117e-23
1372680,0.0,1.0381005532904258e-45,9959.330658104504,0.9964229611557132,3.0888297958246353e-23
1372740,0.0,1.0329798550580473e-45,9959.330658104509,0.9964229611557132,3.0743555810757596e-23
1372800,0.0,1.0278591568256686e-45,9959.330658104516,0.996422961155713,3.059881366326883e-23
1372860,0.0,1.0227384585932902e-45,9959.330658104522,0.996422961155713,3.0454071515780075e-23
1372920,0.0,1.0176177603609115e-45,9959.330658104527,0.9964229611557129,3.030932936829131e-23
1372980,0.0,1.012497062128533e-45,9959.330658104533,0.9964229611557128,3.0164587220802554e-23
1373040,0.0,1.0073763638961544e-45,9959.330658104538,0.9964229611557128,3.001984507331379e-23
1373100,0.0,1.0022556656637758e-45,9959.330658104545,0.9964229611557127,2.987510292582503e-23
1373160,0.0,9.971349674313973e-46,9959.33065810455,0.9964229611557127,2.973036077833627e-23
1373220,0.0,9.920142691990186e-46,9959.330658104556,0.9964229611557126,2.958561863084751e-23
1373280,0.0,9.868935709666402e-46,9959.330658104562,0.9964229611557126,2.9440876483358754e-23
1373340,0.0,9.817728727342615e-46,9959.330658104569,0.9964229611557125,2.929613433586999e-23
1373400,0.0,9.766521745018829e-46,9959.330658104574,0.9964229611557125,2.915139218838123e-23
1373460,0.0,9.715314762695044e-46,9959.33065810458,0.9964229611557124,2.900665004089247e-23
1373520,0.0,9.664107780371257e-46,9959.330658104585,0.9964229611557123,2.8861907893403706e-23
1373580,0.0,9.612900798047473e-46,9959.33065810459,0.9964229611557123,2.871716574591495e-23
1373640,0.0,9.561693815723686e-46,9959.330658104598,0.9964229611557122,2.8572423598426185e-23
1373700,0.0,9.5104868333999e-46,9959.330658104604,0.9964229611557122,2.842768145093742e-23
1373760,0.0,9.459279851076115e-46,9959.330658104609,0.996422961155712,2.8282939303448664e-23
1373820,0.0,9.408072868752329e-46,9959.330658104614,0.996422961155712,2.8138197155959906e-23
1373880,0.0,9.356865886428542e-46,9959.33065810462,0.9964229611557119,2.799345500847114e-23
1373940,0.0,9.305658904104756e-46,9959.330658104627,0.9964229611557119,2.7848712860982385e-23
1374000,0.0,9.254451921780971e-46,9959.330658104633,0.9964229611557118,2.770397071349362e-23
1374060,0.0,9.203244939457185e-46,9959.330658104638,0.9964229611557118,2.7559228566004864e-23
1374120,0.0,9.152037957133398e-46,9959.330658104644,0.9964229611557117,2.74144864185161e-23
1374180,0.0,9.100830974809613e-46,9959.33065810465,0.9964229611557116,2.7269744271027343e-23
1374240,0.0,9.049623992485827e-46,9959.330658104656,0.9964229611557116,2.712500212353858e-23
1374300,0.0,8.99841701016204e-46,9959.330658104662,0.9964229611557115,2.698025997604982e-23
1374360,0.0,8.947210027838256e-46,9959.330658104667,0.9964229611557115,2.683551782856106e-23
1374420,0.0,8.89600304551447e-46,9959.330658104673,0.9964229611557114,2.6690775681072295e-23
1374480,0.0,8.844796063190684e-46,9959.33065810468,0.9964229611557114,2.6546033533583544e-23
1374540,0.0,8.793589080866898e-46,9959.330658104685,0.9964229611557113,2.6401291386094777e-23
1374600,0.0,8.742382098543113e-46,9959.33065810469,0.9964229611557113,2.625654923860602e-23
1374660,0.0,8.691175116219327e-46,9959.330658104696,0.9964229611557112,2.6111807091117256e-23
1374720,0.0,8.63996813389554e-46,9959.330658104704,0.996422961155711,2.5967064943628496e-23
1374780,0.0,8.588761151571756e-46,9959.330658104709,0.996422961155711,2.5822322796139738e-23
1374840,0.0,8.537554169247969e-46,9959.330658104715,0.9964229611557109,2.5677580648650975e-23
1374900,0.0,8.486347186924184e-46,9959.33065810472,0.9964229611557109,2.5532838501162217e-23
1374960,0.0,8.435140204600398e-46,9959.330658104725,0.9964229611557108,2.5388096353673454e-23
1375020,0.0,8.383933222276612e-46,9959.330658104733,0.9964229611557108,2.5243354206184693e-23
1375080,0.0,8.332726239952827e-46,9959.330658104738,0.9964229611557107,2.5098612058695935e-23
1375140,0.0,8.28151925762904e-46,9959.330658104744,0.9964229611557107,2.4953869911207172e-23
1375200,0.0,8.230312275305255e-46,9959.33065810475,0.9964229611557106,2.4809127763718414e-23
1375260,0.0,8.179105292981469e-46,9959.330658104755,0.9964229611557106,2.466438561622965e-23
1375320,0.0,8.127898310657683e-46,9959.330658104762,0.9964229611557105,2.451964346874089e-23
1375380,0.0,8.076691328333898e-46,9959.330658104767,0.9964229611557104,2.437490132125213e-23
1375440,0.0,8.025484346010111e-46,9959.330658104773,0.9964229611557104,2.423015917376337e-23
1375500,0.0,7.974277363686327e-46,9959.330658104778,0.9964229611557103,2.4085417026274612e-23
1375560,0.0,7.92307038136254e-46,9959.330658104785,0.9964229611557103,2.3940674878785848e-23
1375620,0.0,7.871863399038754e-46,9959.330658104791,0.9964229611557102,2.3795932731297088e-23
1375680,0.0,7.820656416714969e-46,9959.330658104796,0.9964229611557102,2.3651190583808327e-23
1375740,0.0,7.769449434391183e-46,9959.330658104802,0.99642296115571,2.3506448436319567e-23
1375800,0.0,7.718242452067398e-46,9959.330658104807,0.99642296115571,2.336170628883081e-23
1375860,0.0,7.667035469743611e-46,9959.330658104815,0.9964229611557099,2.3216964141342046e-23
1375920,0.0,7.615828487419825e-46,9959.33065810482,0.9964229611557098,2.3072221993853282e-23
1375980,0.0,7.56462150509604e-46,9959.330658104825,0.9964229611557098,2.2927479846364525e-23
1376040,0.0,7.513414522772254e-46,9959.330658104831,0.9964229611557097,2.2782737698875764e-23
1376100,0.0,7.462207540448469e-46,9959.330658104836,0.9964229611557097,2.2637995551387004e-23
1376160,0.0,7.411000558124682e-46,9959.330658104844,0.9964229611557096,2.2493253403898243e-23
1376220,0.0,7.359793575800898e-46,9959.33065810485,0.9964229611557096,2.2348511256409485e-23
1376280,0.0,7.308586593477111e-46,9959.330658104855,0.9964229611557095,2.2203769108920722e-23
1376340,0.0,7.257379611153325e-46,9959.33065810486,0.9964229611557095,2.2059026961431961e-23
1376400,0.0,7.20617262882954e-46,9959.330658104867,0.9964229611557094,2.19142848139432e-23
1376460,0.0,7.154965646505754e-46,9959.330658104873,0.9964229611557094,2.176954266645444e-23
1376520,0.0,7.103758664181969e-46,9959.330658104878,0.9964229611557093,2.1624800518965683e-23
1376580,0.0,7.052551681858182e-46,9959.330658104884,0.9964229611557092,2.148005837147692e-23
1376640,0.0,7.001344699534396e-46,9959.33065810489,0.9964229611557092,2.133531622398816e-23
1376700,0.0,6.950137717210611e-46,9959.330658104896,0.996422961155709,2.1190574076499398e-23
1376760,0.0,6.898930734886825e-46,9959.330658104902,0.996422961155709,2.1045831929010638e-23
1376820,0.0,6.84772375256304e-46,9959.330658104907,0.9964229611557089,2.0901089781521877e-23
1376880,0.0,6.796516770239253e-46,9959.330658104913,0.9964229611557089,2.0756347634033117e-23
1376940,0.0,6.745309787915467e-46,9959.330658104918,0.9964229611557088,2.0611605486544353e-23
1377000,0.0,6.694102805591682e-46,9959.330658104926,0.9964229611557088,2.0466863339055596e-23
1377060,0.0,6.642895823267895e-46,9959.330658104931,0.9964229611557087,2.0322121191566835e-23
1377120,0.0,6.59168884094411e-46,9959.330658104936,0.9964229611557086,2.0177379044078075e-23
1377180,0.0,6.540481858620324e-46,9959.330658104942,0.9964229611557086,2.0032636896589314e-23
1377240,0.0,6.489274876296537e-46,9959.33065810495,0.9964229611557085,1.988789474910055e-23
1377300,0.0,6.4380678939727525e-46,9959.330658104955,0.9964229611557085,1.9743152601611793e-23
1377360,0.0,6.386860911648966e-46,9959.33065810496,0.9964229611557084,1.9598410454123033e-23
1377420,0.0,6.335653929325181e-46,9959.330658104966,0.9964229611557084,1.9453668306634272e-23
1377480,0.0,6.284446947001395e-46,9959.330658104971,0.9964229611557083,1.9308926159145512e-23
1377540,0.0,6.2332399646776085e-46,9959.330658104978,0.9964229611557083,1.9164184011656748e-23
1377600,0.0,6.1820329823538236e-46,9959.330658104984,0.9964229611557082,1.901944186416799e-23
1377660,0.0,6.130826000030037e-46,9959.33065810499,0.996422961155708,1.8874699716679227e-23
1377720,0.0,6.079619017706252e-46,9959.330658104995,0.996422961155708,1.872995756919047e-23
1377780,0.0,6.028412035382466e-46,9959.330658105,0.9964229611557079,1.858521542170171e-23
1377840,0.0,5.9772050530586796e-46,9959.330658105007,0.9964229611557079,1.8440473274212945e-23
1377900,0.0,5.925998070734895e-46,9959.330658105013,0.9964229611557078,1.8295731126724188e-23
1377960,0.0,5.874791088411108e-46,9959.330658105018,0.9964229611557078,1.8150988979235424e-23
1378020,0.0,5.8235841060873235e-46,9959.330658105024,0.9964229611557077,1.8006246831746667e-23
1378080,0.0,5.772377123763537e-46,9959.330658105031,0.9964229611557077,1.7861504684257906e-23
1378140,0.0,5.721170141439752e-46,9959.330658105036,0.9964229611557076,1.7716762536769146e-23
1378200,0.0,5.669963159115966e-46,9959.330658105042,0.9964229611557076,1.7572020389280385e-23
1378260,0.0,5.6187561767921794e-46,9959.330658105047,0.9964229611557075,1.7427278241791622e-23
1378320,0.0,5.5675491944683946e-46,9959.330658105053,0.9964229611557074,1.7282536094302864e-23
1378380,0.0,5.516342212144608e-46,9959.33065810506,0.9964229611557074,1.71377939468141e-23
1378440,0.0,5.4651352298208226e-46,9959.330658105066,0.9964229611557073,1.6993051799325343e-23
1378500,0.0,5.413928247497037e-46,9959.330658105071,0.9964229611557073,1.6848309651836583e-23
1378560,0.0,5.362721265173251e-46,9959.330658105077,0.9964229611557072,1.6703567504347822e-23
1378620,0.0,5.311514282849466e-46,9959.330658105084,0.9964229611557072,1.6558825356859062e-23
1378680,0.0,5.260307300525679e-46,9959.33065810509,0.996422961155707,1.6414083209370298e-23
1378740,0.0,5.209100318201894e-46,9959.330658105095,0.996422961155707,1.6269341061881538e-23
1378800,0.0,5.157893335878108e-46,9959.3306581051,0.9964229611557069,1.612459891439278e-23
1378860,0.0,5.106686353554322e-46,9959.330658105106,0.9964229611557068,1.597985676690402e-23
1378920,0.0,5.055479371230536e-46,9959.330658105113,0.9964229611557068,1.583511461941526e-23
1378980,0.0,5.00427238890675e-46,9959.330658105118,0.9964229611557067,1.5690372471926496e-23
1379040,0.0,4.953065406582964e-46,9959.330658105124,0.9964229611557067,1.5545630324437735e-23
1379100,0.0,4.9018584242591784e-46,9959.33065810513,0.9964229611557066,1.5400888176948977e-23
1379160,0.0,4.850651441935393e-46,9959.330658105135,0.9964229611557066,1.5256146029460217e-23
1379220,0.0,4.799444459611607e-46,9959.330658105142,0.9964229611557065,1.5111403881971456e-23
1379280,0.0,4.7482374772878216e-46,9959.330658105147,0.9964229611557065,1.4966661734482696e-23
1379340,0.0,4.697030494964035e-46,9959.330658105153,0.9964229611557064,1.4821919586993932e-23
1379400,0.0,4.6458235126402496e-46,9959.330658105158,0.9964229611557064,1.4677177439505172e-23
1379460,0.0,4.594616530316464e-46,9959.330658105166,0.9964229611557063,1.4532435292016414e-23
1379520,0.0,4.543409547992678e-46,9959.330658105171,0.9964229611557062,1.4387693144527654e-23
1379580,0.0,4.492202565668893e-46,9959.330658105177,0.9964229611557062,1.4242950997038893e-23
1379640,0.0,4.440995583345106e-46,9959.330658105182,0.996422961155706,1.409820884955013e-23
1379700,0.0,4.389788601021321e-46,9959.330658105187,0.996422961155706,1.395346670206137e-23
1379760,0.0,4.338581618697535e-46,9959.330658105195,0.9964229611557059,1.3808724554572612e-23
1379820,0.0,4.2873746363737494e-46,9959.3306581052,0.9964229611557059,1.3663982407083848e-23
1379880,0.0,4.236167654049964e-46,9959.330658105206,0.9964229611557058,1.351924025959509e-23
1379940,0.0,4.1849606717261774e-46,9959.330658105211,0.9964229611557058,1.3374498112106327e-23
1380000,0.0,4.133753689402392e-46,9959.330658105217,0.9964229611557057,1.3229755964617567e-23
1380060,0.0,4.082546707078606e-46,9959.330658105224,0.9964229611557056,1.3085013817128808e-23
1380120,0.0,4.0313397247548205e-46,9959.33065810523,0.9964229611557056,1.2940271669640047e-23
1380180,0.0,3.980132742431035e-46,9959.330658105235,0.9964229611557055,1.2795529522151287e-23
1380240,0.0,3.928925760107249e-46,9959.33065810524,0.9964229611557055,1.2650787374662526e-23
1380300,0.0,3.877718777783463e-46,9959.330658105247,0.9964229611557054,1.2506045227173764e-23
1380360,0.0,3.826511795459677e-46,9959.330658105253,0.9964229611557054,1.2361303079685004e-23
1380420,0.0,3.775304813135892e-46,9959.330658105258,0.9964229611557053,1.2216560932196244e-23
1380480,0.0,3.724097830812106e-46,9959.330658105264,0.9964229611557053,1.2071818784707484e-23
1380540,0.0,3.6728908484883204e-46,9959.33065810527,0.9964229611557052,1.1927076637218723e-23
1380600,0.0,3.621683866164534e-46,9959.330658105277,0.9964229611557052,1.1782334489729961e-23
1380660,0.0,3.5704768838407484e-46,9959.330658105282,0.9964229611557051,1.1637592342241201e-23
1380720,0.0,3.519269901516963e-46,9959.330658105288,0.996422961155705,1.149285019475244e-23
1380780,0.0,3.4680629191931764e-46,9959.330658105293,0.996422961155705,1.1348108047263681e-23
1380840,0.0,3.4168559368693908e-46,9959.330658105298,0.9964229611557048,1.1203365899774921e-23
1380900,0.0,3.365648954545605e-46,9959.330658105306,0.9964229611557048,1.105862375228616e-23
1380960,0.0,3.3144419722218188e-46,9959.330658105311,0.9964229611557047,1.0913881604797398e-23
1381020,0.0,3.263234989898033e-46,9959.330658105317,0.9964229611557047,1.0769139457308638e-23
1381080,0.0,3.2120280075742475e-46,9959.330658105322,0.9964229611557046,1.0624397309819879e-23
1381140,0.0,3.1608210252504623e-46,9959.33065810533,0.9964229611557046,1.0479655162331118e-23
1381200,0.0,3.1096140429266763e-46,9959.330658105335,0.9964229611557045,1.0334913014842358e-23
1381260,0.0,3.0584070606028903e-46,9959.33065810534,0.9964229611557044,1.0190170867353596e-23
1381320,0.0,3.0072000782791043e-46,9959.330658105346,0.9964229611557044,1.0045428719864835e-23
1381380,0.0,2.9559930959553186e-46,9959.330658105351,0.9964229611557043,9.900686572376075e-24
1381440,0.0,2.904786113631533e-46,9959.330658105358,0.9964229611557043,9.755944424887316e-24
1381500,0.0,2.8535791313077474e-46,9959.330658105364,0.9964229611557042,9.611202277398555e-24
1381560,0.0,2.802372148983961e-46,9959.33065810537,0.9964229611557042,9.466460129909793e-24
1381620,0.0,2.7511651666601754e-46,9959.330658105375,0.9964229611557041,9.321717982421033e-24
1381680,0.0,2.6999581843363898e-46,9959.330658105382,0.9964229611557041,9.176975834932272e-24
1381740,0.0,2.648751202012604e-46,9959.330658105388,0.996422961155704,9.032233687443512e-24
1381800,0.0,2.597544219688818e-46,9959.330658105393,0.996422961155704,8.887491539954751e-24
1381860,0.0,2.5463372373650325e-46,9959.330658105398,0.9964229611557038,8.74274939246599e-24
1381920,0.0,2.495130255041247e-46,9959.330658105404,0.9964229611557037,8.59800724497723e-24
1381980,0.0,2.443923272717461e-46,9959.330658105411,0.9964229611557037,8.45326509748847e-24
1382040,0.0,2.3927162903936753e-46,9959.330658105417,0.9964229611557036,8.308522949999709e-24
1382100,0.0,2.3415093080698896e-46,9959.330658105422,0.9964229611557036,8.163780802510948e-24
1382160,0.0,2.2903023257461036e-46,9959.330658105428,0.9964229611557035,8.019038655022188e-24
1382220,0.0,2.2390953434223176e-46,9959.330658105433,0.9964229611557035,7.874296507533427e-24
1382280,0.0,2.187888361098532e-46,9959.33065810544,0.9964229611557034,7.729554360044667e-24
1382340,0.0,2.136681378774746e-46,9959.330658105446,0.9964229611557034,7.584812212555906e-24
1382400,0.0,2.0854743964509604e-46,9959.330658105451,0.9964229611557033,7.440070065067146e-24
1382460,0.0,2.0342674141271744e-46,9959.330658105457,0.9964229611557032,7.295327917578385e-24
1382520,0.0,1.9830604318033887e-46,9959.330658105464,0.9964229611557032,7.150585770089625e-24
1382580,0.0,1.931853449479603e-46,9959.33065810547,0.9964229611557031,7.005843622600864e-24
1382640,0.0,1.880646467155817e-46,9959.330658105475,0.9964229611557031,6.861101475112104e-24
1382700,0.0,1.8294394848320315e-46,9959.33065810548,0.996422961155703,6.716359327623343e-24
1382760,0.0,1.7782325025082455e-46,9959.330658105486,0.996422961155703,6.571617180134582e-24
1382820,0.0,1.7270255201844599e-46,9959.330658105493,0.9964229611557028,6.426875032645822e-24
1382880,0.0,1.6758185378606742e-46,9959.330658105499,0.9964229611557028,6.2821328851570616e-24
1382940,0.0,1.6246115555368882e-46,9959.330658105504,0.9964229611557027,6.1373907376683e-24
1383000,0.0,1.5734045732131026e-46,9959.33065810551,0.9964229611557027,5.9926485901795405e-24
1383060,0.0,1.522197590889317e-46,9959.330658105515,0.9964229611557026,5.84790644269078e-24
1383120,0.0,1.470990608565531e-46,9959.330658105522,0.9964229611557025,5.703164295202019e-24
1383180,0.0,1.4197836262417454e-46,9959.330658105528,0.9964229611557025,5.558422147713259e-24
1383240,0.0,1.3685766439179595e-46,9959.330658105533,0.9964229611557024,5.4136800002244984e-24
1383300,0.0,1.3173696615941735e-46,9959.330658105539,0.9964229611557024,5.268937852735737e-24
1383360,0.0,1.266162679270388e-46,9959.330658105546,0.9964229611557023,5.1241957052469774e-24
1383420,0.0,1.2149556969466019e-46,9959.330658105551,0.9964229611557023,4.979453557758216e-24
1383480,0.0,1.163748714622816e-46,9959.330658105557,0.9964229611557022,4.8347114102694556e-24
1383540,0.0,1.1125417322990303e-46,9959.330658105562,0.9964229611557022,4.689969262780695e-24
1383600,0.0,1.0613347499752446e-46,9959.330658105568,0.9964229611557021,4.5452271152919346e-24
1383660,0.0,1.0101277676514588e-46,9959.330658105575,0.996422961155702,4.400484967803174e-24
1383720,0.0,9.58920785327673e-47,9959.33065810558,0.996422961155702,4.2557428203144135e-24
1383780,0.0,9.077138030038872e-47,9959.330658105586,0.9964229611557018,4.111000672825653e-24
1383840,0.0,8.565068206801016e-47,9959.330658105591,0.9964229611557018,3.9662585253368925e-24
1383900,0.0,8.052998383563158e-47,9959.330658105597,0.9964229611557017,3.821516377848132e-24
1383960,0.0,7.5409285603253e-47,9959.330658105604,0.9964229611557017,3.6767742303593714e-24
1384020,0.0,7.028858737087439e-47,9959.33065810561,0.9964229611557016,3.53203208287061e-24
1384080,0.0,6.516788913849583e-47,9959.330658105615,0.9964229611557016,3.3872899353818504e-24
1384140,0.0,6.004719090611725e-47,9959.33065810562,0.9964229611557015,3.24254778789309e-24
1384200,0.0,5.492649267373867e-47,9959.330658105628,0.9964229611557014,3.097805640404329e-24
1384260,0.0,4.980579444136009e-47,9959.330658105633,0.9964229611557014,2.9530634929155684e-24
1384320,0.0,4.468509620898152e-47,9959.330658105639,0.9964229611557013,2.8083213454268083e-24
1384380,0.0,3.9564397976602935e-47,9959.330658105644,0.9964229611557013,2.6635791979380474e-24
1384440,0.0,3.4443699744224353e-47,9959.33065810565,0.9964229611557012,2.518837050449287e-24
1384500,0.0,2.932300151184578e-47,9959.330658105657,0.9964229611557012,2.3740949029605264e-24
1384560,0.0,2.42023032794672e-47,9959.330658105662,0.9964229611557011,2.229352755471766e-24
1384620,0.0,1.9081605047088618e-47,9959.330658105668,0.9964229611557011,2.0846106079830053e-24
1384680,0.0,1.3960906814710037e-47,9959.330658105673,0.996422961155701,1.9398684604942444e-24
1384740,0.0,8.840208582331465e-48,9959.33065810568,0.996422961155701,1.7951263130054843e-24
1384800,0.0,3.719510349952879e-48,9959.330658105686,0.9964229611557008,1.6503841655167236e-24
1384860,0.0,-1.401187882425693e-48,9959.330658105691,0.9964229611557007,1.5056420180279632e-24
1384920,0.0,-6.521886114804274e-48,9959.330658105697,0.9964229611557007,1.3608998705392027e-24
1384980,0.0,-1.1642584347182854e-47,9959.330658105702,0.9964229611557006,1.216157723050442e-24
1385040,0.0,-1.6763282579561433e-47,9959.33065810571,0.9964229611557006,1.0714155755616815e-24
1385100,0.0,-2.1883980811940012e-47,9959.330658105715,0.9964229611557005,9.26673428072921e-25
1385160,0.0,-2.700467904431859e-47,9959.33065810572,0.9964229611557005,7.819312805841603e-25
1385220,0.0,-3.2125377276697167e-47,9959.330658105726,0.9964229611557004,6.371891330953998e-25
1385280,0.0,-3.333122802260109e-47,9959.330658105728,0.9964229611557004,6.030844985155529e-25
1385340,0.0,-3.3330665299056946e-47,9959.330658105728,0.9964229611557004,6.030743174899469e-25
1385400,0.0,-3.3330102575512803e-47,9959.330658105728,0.9964229611557004,6.03064136464341e-25
1385460,0.0,-3.3329539851968664e-47,9959.330658105728,0.9964229611557004,6.03053955438735e-25
1385520,0.0,-3.332897712842452e-47,9959.330658105728,0.9964229611557004,6.03043774413129e-25
1385580,0.0,-3.3328414404880377e-47,9959.330658105728,0.9964229611557004,6.03033593387523e-25
1385640,0.0,-3.3327851681336234e-47,9959.330658105728,0.9964229611557004,6.030234123619171e-25
1385700,0.0,-3.332728895779209e-47,9959.330658105728,0.9964229611557004,6.0301323133631105e-25
1385760,0.0,-3.332672623424795e-47,9959.330658105728,0.9964229611557004,6.030030503107051e-25
1385820,0.0,-3.332616351070381e-47,9959.330658105728,0.9964229611557004,6.0299286928509915e-25
1385880,0.0,-3.3325600787159665e-47,9959.330658105728,0.9964229611557004,6.029826882594932e-25
1385940,0.0,-3.332503806361552e-47,9959.330658105728,0.9964229611557004,6.029725072338872e-25
1386000,0.0,-3.3324475340071383e-47,9959.330658105728,0.9964229611557004,6.029623262082812e-25
1386060,0.0,-3.332391261652724e-47,9959.330658105728,0.9964229611557004,6.029521451826753e-25
1386120,0.0,-3.3323349892983096e-47,9959.330658105728,0.9964229611557004,6.029419641570693e-25
1386180,0.0,-3.3322787169438952e-47,9959.330658105728,0.9964229611557004,6.029317831314633e-25
1386240,0.0,-3.3322224445894814e-47,9959.330658105728,0.9964229611557004,6.029216021058573e-25
1386300,0.0,-3.332166172235067e-47,9959.330658105728,0.9964229611557004,6.029114210802514e-25
1386360,0.0,-3.3321098998806527e-47,9959.330658105728,0.9964229611557004,6.029012400546454e-25
1386420,0.0,-3.3320536275262384e-47,9959.330658105728,0.9964229611557004,6.028910590290394e-25
1386480,0.0,-3.3319973551718245e-47,9959.330658105728,0.9964229611557004,6.028808780034334e-25
1386540,0.0,-3.33194108281741e-47,9959.330658105728,0.9964229611557004,6.028706969778275e-25
1386600,0.0,-3.331884810462996e-47,9959.330658105728,0.9964229611557004,6.028605159522215e-25
1386660,0.0,-3.3318285381085815e-47,9959.330658105728,0.9964229611557004,6.028503349266155e-25
1386720,0.0,-3.331772265754167e-47,9959.330658105728,0.9964229611557004,6.0284015390100955e-25
1386780,0.0,-3.3317159933997532e-47,9959.330658105728,0.9964229611557004,6.028299728754036e-25
1386840,0.0,-3.331659721045339e-47,9959.330658105728,0.9964229611557004,6.028197918497976e-25
1386900,0.0,-3.3316034486909246e-47,9959.330658105728,0.9964229611557004,6.028096108241916e-25
1386960,0.0,-3.33154717633651e-47,9959.330658105728,0.9964229611557004,6.027994297985857e-25
1387020,0.0,-3.3314909039820964e-47,9959.330658105728,0.9964229611557004,6.027892487729797e-25
1387080,0.0,-3.331434631627682e-47,9959.330658105728,0.9964229611557004,6.027790677473737e-25
1387140,0.0,-3.3313783592732677e-47,9959.330658105728,0.9964229611557004,6.027688867217678e-25
1387200,0.0,-3.3313220869188533e-47,9959.330658105728,0.9964229611557004,6.027587056961618e-25
1387260,0.0,-3.3312658145644395e-47,9959.330658105728,0.9964229611557004,6.027485246705558e-25
1387320,0.0,-3.331209542210025e-47,9959.330658105728,0.9964229611557004,6.027383436449498e-25
1387380,0.0,-3.3311532698556112e-47,9959.330658105728,0.9964229611557004,6.027281626193439e-25
1387440,0.0,-3.3310969975011964e-47,9959.330658105728,0.9964229611557004,6.027179815937379e-25
1387500,0.0,-3.3310407251467826e-47,9959.330658105728,0.9964229611557004,6.027078005681319e-25
1387560,0.0,-3.330984452792368e-47,9959.330658105728,0.9964229611557004,6.02697619542526e-25
1387620,0.0,-3.3309281804379544e-47,9959.330658105728,0.9964229611557004,6.0268743851692e-25
1387680,0.0,-3.33087190808354e-47,9959.330658105728,0.9964229611557004,6.02677257491314e-25
1387740,0.0,-3.3308156357291257e-47,9959.330658105728,0.9964229611557004,6.0266707646570805e-25
1387800,0.0,-3.3307593633747113e-47,9959.330658105728,0.9964229611557004,6.026568954401021e-25
1387860,0.0,-3.3307030910202975e-47,9959.330658105728,0.9964229611557004,6.0264671441449615e-25
1387920,0.0,-3.330646818665883e-47,9959.330658105728,0.9964229611557004,6.026365333888901e-25
1387980,0.0,-3.3305905463114683e-47,9959.330658105728,0.9964229611557004,6.026263523632842e-25
1388040,0.0,-3.3305342739570544e-47,9959.330658105728,0.9964229611557004,6.026161713376782e-25
1388100,0.0,-3.33047800160264e-47,9959.330658105728,0.9964229611557004,6.026059903120722e-25
1388160,0.0,-3.330421729248226e-47,9959.330658105728,0.9964229611557004,6.025958092864662e-25
1388220,0.0,-3.330365456893812e-47,9959.330658105728,0.9964229611557004,6.025856282608603e-25
1388280,0.0,-3.3303091845393975e-47,9959.330658105728,0.9964229611557004,6.025754472352543e-25
1388340,0.0,-3.330252912184983e-47,9959.330658105728,0.9964229611557004,6.025652662096483e-25
1388400,0.0,-3.3301966398305693e-47,9959.330658105728,0.9964229611557004,6.025550851840423e-25
1388460,0.0,-3.330140367476155e-47,9959.330658105728,0.9964229611557004,6.025449041584364e-25
1388520,0.0,-3.3300840951217406e-47,9959.330658105728,0.9964229611557004,6.025347231328304e-25
1388580,0.0,-3.3300278227673263e-47,9959.330658105728,0.9964229611557004,6.025245421072244e-25
1388640,0.0,-3.3299715504129124e-47,9959.330658105728,0.9964229611557004,6.025143610816184e-25
1388700,0.0,-3.329915278058498e-47,9959.330658105728,0.9964229611557004,6.025041800560125e-25
1388760,0.0,-3.3298590057040837e-47,9959.330658105728,0.9964229611557004,6.0249399903040655e-25
1388820,0.0,-3.3298027333496694e-47,9959.330658105728,0.9964229611557004,6.024838180048005e-25
1388880,0.0,-3.3297464609952555e-47,9959.330658105728,0.9964229611557004,6.024736369791946e-25
1388940,0.0,-3.329690188640841e-47,9959.330658105728,0.9964229611557004,6.024634559535886e-25
1389000,0.0,-3.329633916286427e-47,9959.330658105728,0.9964229611557004,6.024532749279827e-25
1389060,0.0,-3.3295776439320125e-47,9959.330658105728,0.9964229611557004,6.024430939023766e-25
1389120,0.0,-3.329521371577598e-47,9959.330658105728,0.9964229611557004,6.024329128767707e-25
1389180,0.0,-3.3294650992231843e-47,9959.330658105728,0.9964229611557004,6.024227318511647e-25
1389240,0.0,-3.32940882686877e-47,9959.330658105728,0.9964229611557004,6.024125508255587e-25
1389300,0.0,-3.3293525545143556e-47,9959.330658105728,0.9964229611557004,6.024023697999527e-25
1389360,0.0,-3.329296282159941e-47,9959.330658105728,0.9964229611557004,6.023921887743468e-25
1389420,0.0,-3.3292400098055274e-47,9959.330658105728,0.9964229611557004,6.023820077487408e-25
1389480,0.0,-3.329183737451113e-47,9959.330658105728,0.9964229611557004,6.023718267231348e-25
1389540,0.0,-3.3291274650966987e-47,9959.330658105728,0.9964229611557004,6.023616456975289e-25
1389600,0.0,-3.3290711927422843e-47,9959.330658105728,0.9964229611557004,6.023514646719229e-25
1389660,0.0,-3.3290149203878705e-47,9959.330658105728,0.9964229611557004,6.023412836463169e-25
1389720,0.0,-3.328958648033456e-47,9959.330658105728,0.9964229611557004,6.023311026207109e-25
1389780,0.0,-3.3289023756790423e-47,9959.330658105728,0.9964229611557004,6.0232092159510505e-25
1389840,0.0,-3.3288461033246274e-47,9959.330658105728,0.9964229611557004,6.02310740569499e-25
1389900,0.0,-3.3287898309702136e-47,9959.330658105728,0.9964229611557004,6.023005595438931e-25
1389960,0.0,-3.3287335586157992e-47,9959.330658105728,0.9964229611557004,6.022903785182871e-25
1390020,0.0,-3.3286772862613854e-47,9959.330658105728,0.9964229611557004,6.022801974926812e-25
1390080,0.0,-3.328621013906971e-47,9959.330658105728,0.9964229611557004,6.022700164670751e-25
1390140,0.0,-3.3285647415525567e-47,9959.330658105728,0.9964229611557004,6.022598354414692e-25
1390200,0.0,-3.3285084691981423e-47,9959.330658105728,0.9964229611557004,6.022496544158632e-25
1390260,0.0,-3.328452196843728e-47,9959.330658105728,0.9964229611557004,6.022394733902572e-25
1390320,0.0,-3.328395924489314e-47,9959.330658105728,0.9964229611557004,6.022292923646512e-25
1390380,0.0,-3.3283396521348993e-47,9959.330658105728,0.9964229611557004,6.022191113390453e-25
1390440,0.0,-3.3282833797804855e-47,9959.330658105728,0.9964229611557004,6.022089303134393e-25
1390500,0.0,-3.328227107426071e-47,9959.330658105728,0.9964229611557004,6.021987492878333e-25
1390560,0.0,-3.3281708350716572e-47,9959.330658105728,0.9964229611557004,6.021885682622273e-25
1390620,0.0,-3.328114562717243e-47,9959.330658105728,0.9964229611557004,6.021783872366214e-25
1390680,0.0,-3.3280582903628286e-47,9959.330658105728,0.9964229611557004,6.021682062110154e-25
1390740,0.0,-3.328002018008414e-47,9959.330658105728,0.9964229611557004,6.021580251854094e-25
1390800,0.0,-3.3279457456540003e-47,9959.330658105728,0.9964229611557004,6.021478441598035e-25
1390860,0.0,-3.327889473299586e-47,9959.330658105728,0.9964229611557004,6.021376631341975e-25
1390920,0.0,-3.3278332009451717e-47,9959.330658105728,0.9964229611557004,6.021274821085916e-25
1390980,0.0,-3.3277769285907573e-47,9959.330658105728,0.9964229611557004,6.021173010829855e-25
1391040,0.0,-3.3277206562363435e-47,9959.330658105728,0.9964229611557004,6.021071200573796e-25
1391100,0.0,-3.327664383881929e-47,9959.330658105728,0.9964229611557004,6.020969390317736e-25
1391160,0.0,-3.327608111527515e-47,9959.330658105728,0.9964229611557004,6.020867580061677e-25
1391220,0.0,-3.3275518391731004e-47,9959.330658105728,0.9964229611557004,6.020765769805616e-25
1391280,0.0,-3.3274955668186866e-47,9959.330658105728,0.9964229611557004,6.020663959549557e-25
1391340,0.0,-3.327439294464272e-47,9959.330658105728,0.9964229611557004,6.020562149293497e-25
1391400,0.0,-3.327383022109858e-47,9959.330658105728,0.9964229611557004,6.020460339037437e-25
1391460,0.0,-3.3273267497554435e-47,9959.330658105728,0.9964229611557004,6.020358528781377e-25
1391520,0.0,-3.327270477401029e-47,9959.330658105728,0.9964229611557004,6.020256718525318e-25
1391580,0.0,-3.3272142050466153e-47,9959.330658105728,0.9964229611557004,6.020154908269258e-25
1391640,0.0,-3.327157932692201e-47,9959.330658105728,0.9964229611557004,6.020053098013198e-25
1391700,0.0,-3.3271016603377866e-47,9959.330658105728,0.9964229611557004,6.0199512877571385e-25
1391760,0.0,-3.3270453879833723e-47,9959.330658105728,0.9964229611557004,6.019849477501079e-25
1391820,0.0,-3.3269891156289584e-47,9959.330658105728,0.9964229611557004,6.01974766724502e-25
1391880,0.0,-3.326932843274544e-47,9959.330658105728,0.9964229611557004,6.019645856988959e-25
1391940,0.0,-3.3268765709201297e-47,9959.330658105728,0.9964229611557004,6.019544046732901e-25
1392000,0.0,-3.3268202985657154e-47,9959.330658105728,0.9964229611557004,6.01944223647684e-25
1392060,0.0,-3.3267640262113015e-47,9959.330658105728,0.9964229611557004,6.019340426220781e-25
1392120,0.0,-3.326707753856887e-47,9959.330658105728,0.9964229611557004,6.01923861596472e-25
1392180,0.0,-3.3266514815024733e-47,9959.330658105728,0.9964229611557004,6.019136805708662e-25
1392240,0.0,-3.3265952091480585e-47,9959.330658105728,0.9964229611557004,6.019034995452601e-25
1392300,0.0,-3.3265389367936446e-47,9959.330658105728,0.9964229611557004,6.018933185196542e-25
1392360,0.0,-3.3264826644392303e-47,9959.330658105728,0.9964229611557004,6.018831374940482e-25
1392420,0.0,-3.3264263920848164e-47,9959.330658105728,0.9964229611557004,6.018729564684423e-25
1392480,0.0,-3.326370119730402e-47,9959.330658105728,0.9964229611557004,6.018627754428362e-25
1392540,0.0,-3.3263138473759877e-47,9959.330658105728,0.9964229611557004,6.018525944172303e-25
1392600,0.0,-3.3262575750215734e-47,9959.330658105728,0.9964229611557004,6.018424133916243e-25
1392660,0.0,-3.326201302667159e-47,9959.330658105728,0.9964229611557004,6.018322323660183e-25
1392720,0.0,-3.326145030312745e-47,9959.330658105728,0.9964229611557004,6.0182205134041235e-25
1392780,0.0,-3.3260887579583303e-47,9959.330658105728,0.9964229611557004,6.018118703148064e-25
1392840,0.0,-3.3260324856039165e-47,9959.330658105728,0.9964229611557004,6.018016892892005e-25
1392900,0.0,-3.325976213249502e-47,9959.330658105728,0.9964229611557004,6.017915082635944e-25
1392960,0.0,-3.3259199408950883e-47,9959.330658105728,0.9964229611557004,6.017813272379885e-25
1393020,0.0,-3.325863668540674e-47,9959.330658105728,0.9964229611557004,6.017711462123825e-25
1393080,0.0,-3.3258073961862596e-47,9959.330658105728,0.9964229611557004,6.017609651867766e-25
1393140,0.0,-3.325751123831845e-47,9959.330658105728,0.9964229611557004,6.017507841611705e-25
1393200,0.0,-3.3256948514774314e-47,9959.330658105728,0.9964229611557004,6.017406031355646e-25
1393260,0.0,-3.325638579123017e-47,9959.330658105728,0.9964229611557004,6.017304221099586e-25
1393320,0.0,-3.3255823067686027e-47,9959.330658105728,0.9964229611557004,6.017202410843527e-25
1393380,0.0,-3.3255260344141883e-47,9959.330658105728,0.9964229611557004,6.017100600587466e-25
1393440,0.0,-3.3254697620597745e-47,9959.330658105728,0.9964229611557004,6.016998790331407e-25
1393500,0.0,-3.32541348970536e-47,9959.330658105728,0.9964229611557004,6.016896980075347e-25
1393560,0.0,-3.325357217350946e-47,9959.330658105728,0.9964229611557004,6.016795169819288e-25
1393620,0.0,-3.3253009449965314e-47,9959.330658105728,0.9964229611557004,6.0166933595632275e-25
1393680,0.0,-3.3252446726421176e-47,9959.330658105728,0.9964229611557004,6.016591549307168e-25
1393740,0.0,-3.325188400287703e-47,9959.330658105728,0.9964229611557004,6.016489739051109e-25
1393800,0.0,-3.325132127933289e-47,9959.330658105728,0.9964229611557004,6.016387928795048e-25
1393860,0.0,-3.3250758555788745e-47,9959.330658105728,0.9964229611557004,6.016286118538989e-25
1393920,0.0,-3.32501958322446e-47,9959.330658105728,0.9964229611557004,6.016184308282929e-25
1393980,0.0,-3.3249633108700463e-47,9959.330658105728,0.9964229611557004,6.01608249802687e-25
1394040,0.0,-3.324907038515632e-47,9959.330658105728,0.9964229611557004,6.015980687770809e-25
1394100,0.0,-3.3248507661612177e-47,9959.330658105728,0.9964229611557004,6.01587887751475e-25
1394160,0.0,-3.3247944938068033e-47,9959.330658105728,0.9964229611557004,6.01577706725869e-25
1394220,0.0,-3.3247382214523894e-47,9959.330658105728,0.9964229611557004,6.015675257002631e-25
1394280,0.0,-3.324681949097975e-47,9959.330658105728,0.9964229611557004,6.01557344674657e-25
1394340,0.0,-3.3246256767435608e-47,9959.330658105728,0.9964229611557004,6.015471636490512e-25
1394400,0.0,-3.3245694043891464e-47,9959.330658105728,0.9964229611557004,6.015369826234451e-25
1394460,0.0,-3.3245131320347326e-47,9959.330658105728,0.9964229611557004,6.015268015978392e-25
1394520,0.0,-3.324456859680318e-47,9959.330658105728,0.9964229611557004,6.0151662057223315e-25
1394580,0.0,-3.3244005873259043e-47,9959.330658105728,0.9964229611557004,6.015064395466273e-25
1394640,0.0,-3.3243443149714895e-47,9959.330658105728,0.9964229611557004,6.0149625852102125e-25
1394700,0.0,-3.3242880426170757e-47,9959.330658105728,0.9964229611557004,6.014860774954153e-25
1394760,0.0,-3.3242317702626613e-47,9959.330658105728,0.9964229611557004,6.014758964698094e-25
1394820,0.0,-3.3241754979082474e-47,9959.330658105728,0.9964229611557004,6.014657154442034e-25
1394880,0.0,-3.3241192255538326e-47,9959.330658105728,0.9964229611557004,6.014555344185974e-25
1394940,0.0,-3.3240629531994183e-47,9959.330658105728,0.9964229611557004,6.014453533929913e-25
1395000,0.0,-3.3240066808450044e-47,9959.330658105728,0.9964229611557004,6.014351723673855e-25
1395060,0.0,-3.32395040849059e-47,9959.330658105728,0.9964229611557004,6.014249913417794e-25
1395120,0.0,-3.323894136136176e-47,9959.330658105728,0.9964229611557004,6.014148103161735e-25
1395180,0.0,-3.3238378637817614e-47,9959.330658105728,0.9964229611557004,6.014046292905675e-25
1395240,0.0,-3.3237815914273475e-47,9959.330658105728,0.9964229611557004,6.013944482649616e-25
1395300,0.0,-3.323725319072933e-47,9959.330658105728,0.9964229611557004,6.013842672393555e-25
1395360,0.0,-3.3236690467185193e-47,9959.330658105728,0.9964229611557004,6.013740862137496e-25
1395420,0.0,-3.323612774364105e-47,9959.330658105728,0.9964229611557004,6.013639051881436e-25
1395480,0.0,-3.3235565020096906e-47,9959.330658105728,0.9964229611557004,6.013537241625377e-25
1395540,0.0,-3.3235002296552763e-47,9959.330658105728,0.9964229611557004,6.0134354313693165e-25
1395600,0.0,-3.3234439573008624e-47,9959.330658105728,0.9964229611557004,6.013333621113257e-25
1395660,0.0,-3.323387684946448e-47,9959.330658105728,0.9964229611557004,6.0132318108571975e-25
1395720,0.0,-3.3233314125920337e-47,9959.330658105728,0.9964229611557004,6.013130000601138e-25
1395780,0.0,-3.3232751402376194e-47,9959.330658105728,0.9964229611557004,6.013028190345078e-25
1395840,0.0,-3.3232188678832055e-47,9959.330658105728,0.9964229611557004,6.012926380089018e-25
1395900,0.0,-3.323162595528791e-47,9959.330658105728,0.9964229611557004,6.012824569832959e-25
1395960,0.0,-3.323106323174377e-47,9959.330658105728,0.9964229611557004,6.012722759576899e-25
1396020,0.0,-3.3230500508199625e-47,9959.330658105728,0.9964229611557004,6.012620949320839e-25
1396080,0.0,-3.322993778465548e-47,9959.330658105728,0.9964229611557004,6.012519139064779e-25
1396140,0.0,-3.3229375061111343e-47,9959.330658105728,0.9964229611557004,6.01241732880872e-25
1396200,0.0,-3.32288123375672e-47,9959.330658105728,0.9964229611557004,6.012315518552659e-25
1396260,0.0,-3.3228249614023056e-47,9959.330658105728,0.9964229611557004,6.0122137082966e-25
1396320,0.0,-3.322768689047891e-47,9959.330658105728,0.9964229611557004,6.01211189804054e-25
1396380,0.0,-3.3227124166934774e-47,9959.330658105728,0.9964229611557004,6.012010087784481e-25
1396440,0.0,-3.322656144339063e-47,9959.330658105728,0.9964229611557004,6.0119082775284205e-25
1396500,0.0,-3.3225998719846487e-47,9959.330658105728,0.9964229611557004,6.011806467272361e-25
1396560,0.0,-3.3225435996302343e-47,9959.330658105728,0.9964229611557004,6.0117046570163015e-25
1396620,0.0,-3.3224873272758205e-47,9959.330658105728,0.9964229611557004,6.011602846760242e-25
1396680,0.0,-3.322431054921406e-47,9959.330658105728,0.9964229611557004,6.011501036504182e-25
1396740,0.0,-3.322374782566992e-47,9959.330658105728,0.9964229611557004,6.011399226248123e-25
1396800,0.0,-3.3223185102125774e-47,9959.330658105728,0.9964229611557004,6.011297415992063e-25
1396860,0.0,-3.3222622378581636e-47,9959.330658105728,0.9964229611557004,6.011195605736003e-25
1396920,0.0,-3.322205965503749e-47,9959.330658105728,0.9964229611557004,6.011093795479943e-25
1396980,0.0,-3.3221496931493354e-47,9959.330658105728,0.9964229611557004,6.010991985223884e-25
1397040,0.0,-3.3220934207949205e-47,9959.330658105728,0.9964229611557004,6.010890174967824e-25
1397100,0.0,-3.3220371484405067e-47,9959.330658105728,0.9964229611557004,6.010788364711764e-25
1397160,0.0,-3.3219808760860923e-47,9959.330658105728,0.9964229611557004,6.010686554455705e-25
1397220,0.0,-3.321924603731678e-47,9959.330658105728,0.9964229611557004,6.010584744199644e-25
1397280,0.0,-3.3218683313772636e-47,9959.330658105728,0.9964229611557004,6.010482933943585e-25
1397340,0.0,-3.3218120590228493e-47,9959.330658105728,0.9964229611557004,6.0103811236875245e-25
1397400,0.0,-3.3217557866684354e-47,9959.330658105728,0.9964229611557004,6.010279313431466e-25
1397460,0.0,-3.321699514314021e-47,9959.330658105728,0.9964229611557004,6.0101775031754055e-25
1397520,0.0,-3.321643241959607e-47,9959.330658105728,0.9964229611557004,6.010075692919346e-25
1397580,0.0,-3.3215869696051924e-47,9959.330658105728,0.9964229611557004,6.0099738826632865e-25
1397640,0.0,-3.3215306972507785e-47,9959.330658105728,0.9964229611557004,6.009872072407227e-25
1397700,0.0,-3.321474424896364e-47,9959.330658105728,0.9964229611557004,6.009770262151167e-25
1397760,0.0,-3.3214181525419503e-47,9959.330658105728,0.9964229611557004,6.009668451895107e-25
1397820,0.0,-3.321361880187536e-47,9959.330658105728,0.9964229611557004,6.009566641639048e-25
1397880,0.0,-3.3213056078331217e-47,9959.330658105728,0.9964229611557004,6.009464831382988e-25
1397940,0.0,-3.3212493354787073e-47,9959.330658105728,0.9964229611557004,6.009363021126928e-25
1398000,0.0,-3.3211930631242934e-47,9959.330658105728,0.9964229611557004,6.009261210870868e-25
1398060,0.0,-3.321136790769879e-47,9959.330658105728,0.9964229611557004,6.009159400614809e-25
1398120,0.0,-3.3210805184154648e-47,9959.330658105728,0.9964229611557004,6.009057590358749e-25
1398180,0.0,-3.3210242460610504e-47,9959.330658105728,0.9964229611557004,6.008955780102689e-25
1398240,0.0,-3.3209679737066365e-47,9959.330658105728,0.9964229611557004,6.008853969846629e-25
1398300,0.0,-3.320911701352222e-47,9959.330658105728,0.9964229611557004,6.00875215959057e-25
1398360,0.0,-3.320855428997808e-47,9959.330658105728,0.9964229611557004,6.00865034933451e-25
1398420,0.0,-3.3207991566433935e-47,9959.330658105728,0.9964229611557004,6.00854853907845e-25
1398480,0.0,-3.320742884288979e-47,9959.330658105728,0.9964229611557004,6.0084467288223905e-25
1398540,0.0,-3.3206866119345653e-47,9959.330658105728,0.9964229611557004,6.008344918566331e-25
1398600,0.0,-3.320630339580151e-47,9959.330658105728,0.9964229611557004,6.008243108310271e-25
1398660,0.0,-3.3205740672257366e-47,9959.330658105728,0.9964229611557004,6.008141298054211e-25
1398720,0.0,-3.3205177948713223e-47,9959.330658105728,0.9964229611557004,6.008039487798152e-25
1398780,0.0,-3.3204615225169084e-47,9959.330658105728,0.9964229611557004,6.007937677542092e-25
1398840,0.0,-3.320405250162494e-47,9959.330658105728,0.9964229611557004,6.007835867286032e-25
1398900,0.0,-3.3203489778080797e-47,9959.330658105728,0.9964229611557004,6.007734057029972e-25
1398960,0.0,-3.3202927054536654e-47,9959.330658105728,0.9964229611557004,6.007632246773913e-25
1399020,0.0,-3.3202364330992515e-47,9959.330658105728,0.9964229611557004,6.007530436517853e-25
1399080,0.0,-3.320180160744837e-47,9959.330658105728,0.9964229611557004,6.007428626261793e-25
1399140,0.0,-3.320123888390423e-47,9959.330658105728,0.9964229611557004,6.007326816005734e-25
1399200,0.0,-3.3200676160360085e-47,9959.330658105728,0.9964229611557004,6.007225005749674e-25
1399260,0.0,-3.3200113436815946e-47,9959.330658105728,0.9964229611557004,6.007123195493614e-25
1399320,0.0,-3.3199550713271803e-47,9959.330658105728,0.9964229611557004,6.007021385237554e-25
1399380,0.0,-3.3198987989727664e-47,9959.330658105728,0.9964229611557004,6.006919574981495e-25
1399440,0.0,-3.3198425266183516e-47,9959.330658105728,0.9964229611557004,6.006817764725435e-25
1399500,0.0,-3.3197862542639377e-47,9959.330658105728,0.9964229611557004,6.0067159544693755e-25
1399560,0.0,-3.3197299819095234e-47,9959.330658105728,0.9964229611557004,6.006614144213316e-25
1399620,0.0,-3.319673709555109e-47,9959.330658105728,0.9964229611557004,6.006512333957256e-25
1399680,0.0,-3.3196174372006947e-47,9959.330658105728,0.9964229611557004,6.006410523701196e-25
1399740,0.0,-3.3195611648462803e-47,9959.330658105728,0.9964229611557004,6.006308713445136e-25
1399800,0.0,-3.3195048924918665e-47,9959.330658105728,0.9964229611557004,6.006206903189077e-25
1399860,0.0,-3.319448620137452e-47,9959.330658105728,0.9964229611557004,6.006105092933017e-25
1399920,0.0,-3.3193923477830383e-47,9959.330658105728,0.9964229611557004,6.006003282676957e-25
1399980,0.0,-3.3193360754286234e-47,9959.330658105728,0.9964229611557004,6.005901472420898e-25
1400040,0.0,-3.3192798030742096e-47,9959.330658105728,0.9964229611557004,6.005799662164838e-25
1400100,0.0,-3.319223530719795e-47,9959.330658105728,0.9964229611557004,6.005697851908778e-25
1400160,0.0,-3.3191672583653814e-47,9959.330658105728,0.9964229611557004,6.005596041652718e-25
1400220,0.0,-3.319110986010967e-47,9959.330658105728,0.9964229611557004,6.005494231396659e-25
1400280,0.0,-3.3190547136565527e-47,9959.330658105728,0.9964229611557004,6.005392421140599e-25
1400340,0.0,-3.3189984413021383e-47,9959.330658105728,0.9964229611557004,6.005290610884539e-25
1400400,0.0,-3.3189421689477245e-47,9959.330658105728,0.9964229611557004,6.0051888006284795e-25
1400460,0.0,-3.31888589659331e-47,9959.330658105728,0.9964229611557004,6.00508699037242e-25
1400520,0.0,-3.318829624238896e-47,9959.330658105728,0.9964229611557004,6.0049851801163605e-25
1400580,0.0,-3.3187733518844814e-47,9959.330658105728,0.9964229611557004,6.0048833698603e-25
1400640,0.0,-3.3187170795300676e-47,9959.330658105728,0.9964229611557004,6.004781559604241e-25
1400700,0.0,-3.318660807175653e-47,9959.330658105728,0.9964229611557004,6.004679749348181e-25
1400760,0.0,-3.318604534821239e-47,9959.330658105728,0.9964229611557004,6.004577939092121e-25
1400820,0.0,-3.3185482624668245e-47,9959.330658105728,0.9964229611557004,6.004476128836061e-25
1400880,0.0,-3.31849199011241e-47,9959.330658105728,0.9964229611557004,6.004374318580002e-25
1400940,0.0,-3.3184357177579963e-47,9959.330658105728,0.9964229611557004,6.004272508323942e-25
1401000,0.0,-3.318379445403582e-47,9959.330658105728,0.9964229611557004,6.004170698067882e-25
1401060,0.0,-3.3183231730491676e-47,9959.330658105728,0.9964229611557004,6.004068887811822e-25
1401120,0.0,-3.3182669006947533e-47,9959.330658105728,0.9964229611557004,6.003967077555763e-25
1401180,0.0,-3.3182106283403394e-47,9959.330658105728,0.9964229611557004,6.003865267299703e-25
1401240,0.0,-3.318154355985925e-47,9959.330658105728,0.9964229611557004,6.003763457043643e-25
1401300,0.0,-3.3180980836315107e-47,9959.330658105728,0.9964229611557004,6.003661646787583e-25
1401360,0.0,-3.3180418112770964e-47,9959.330658105728,0.9964229611557004,6.003559836531524e-25
1401420,0.0,-3.3179855389226825e-47,9959.330658105728,0.9964229611557004,6.0034580262754645e-25
1401480,0.0,-3.317929266568268e-47,9959.330658105728,0.9964229611557004,6.003356216019404e-25
1401540,0.0,-3.317872994213854e-47,9959.330658105728,0.9964229611557004,6.003254405763345e-25
1401600,0.0,-3.3178167218594395e-47,9959.330658105728,0.9964229611557004,6.003152595507285e-25
1401660,0.0,-3.3177604495050256e-47,9959.330658105728,0.9964229611557004,6.003050785251226e-25
1401720,0.0,-3.3177041771506113e-47,9959.330658105728,0.9964229611557004,6.002948974995165e-25
1401780,0.0,-3.317647904796197e-47,9959.330658105728,0.9964229611557004,6.002847164739107e-25
1401840,0.0,-3.3175916324417826e-47,9959.330658105728,0.9964229611557004,6.002745354483046e-25
1401900,0.0,-3.3175353600873683e-47,9959.330658105728,0.9964229611557004,6.002643544226986e-25
1401960,0.0,-3.3174790877329544e-47,9959.330658105728,0.9964229611557004,6.002541733970927e-25
1402020,0.0,-3.31742281537854e-47,9959.330658105728,0.9964229611557004,6.002439923714867e-25
1402080,0.0,-3.3173665430241257e-47,9959.330658105728,0.9964229611557004,6.002338113458807e-25
1402140,0.0,-3.3173102706697114e-47,9959.330658105728,0.9964229611557004,6.002236303202747e-25
1402200,0.0,-3.3172539983152975e-47,9959.330658105728,0.9964229611557004,6.002134492946688e-25
1402260,0.0,-3.317197725960883e-47,9959.330658105728,0.9964229611557004,6.002032682690628e-25
1402320,0.0,-3.3171414536064693e-47,9959.330658105728,0.9964229611557004,6.001930872434568e-25
1402380,0.0,-3.3170851812520545e-47,9959.330658105728,0.9964229611557004,6.001829062178509e-25
1402440,0.0,-3.3170289088976406e-47,9959.330658105728,0.9964229611557004,6.0017272519224495e-25
1402500,0.0,-3.3169726365432263e-47,9959.330658105728,0.9964229611557004,6.001625441666389e-25
1402560,0.0,-3.3169163641888124e-47,9959.330658105728,0.9964229611557004,6.00152363141033e-25
1402620,0.0,-3.3168600918343976e-47,9959.330658105728,0.9964229611557004,6.00142182115427e-25
1402680,0.0,-3.3168038194799837e-47,9959.330658105728,0.9964229611557004,6.001320010898211e-25
1402740,0.0,-3.3167475471255694e-47,9959.330658105728,0.9964229611557004,6.00121820064215e-25
1402800,0.0,-3.3166912747711555e-47,9959.330658105728,0.9964229611557004,6.001116390386091e-25
1402860,0.0,-3.316635002416741e-47,9959.330658105728,0.9964229611557004,6.001014580130031e-25
1402920,0.0,-3.316578730062327e-47,9959.330658105728,0.9964229611557004,6.000912769873972e-25
1402980,0.0,-3.3165224577079125e-47,9959.330658105728,0.9964229611557004,6.000810959617911e-25
1403040,0.0,-3.316466185353498e-47,9959.330658105728,0.9964229611557004,6.000709149361852e-25
1403100,0.0,-3.3164099129990843e-47,9959.330658105728,0.9964229611557004,6.000607339105792e-25
1403160,0.0,-3.31635364064467e-47,9959.330658105728,0.9964229611557004,6.000505528849732e-25
1403220,0.0,-3.3162973682902556e-47,9959.330658105728,0.9964229611557004,6.000403718593672e-25
1403280,0.0,-3.316241095935841e-47,9959.330658105728,0.9964229611557004,6.000301908337613e-25
1403340,0.0,-3.3161848235814274e-47,9959.330658105728,0.9964229611557004,6.000200098081553e-25
1403400,0.0,-3.316128551227013e-47,9959.330658105728,0.9964229611557004,6.000098287825493e-25
1403460,0.0,-3.3160722788725987e-47,9959.330658105728,0.9964229611557004,5.999996477569434e-25
1403520,0.0,-3.3160160065181843e-47,9959.330658105728,0.9964229611557004,5.999894667313374e-25
1403580,0.0,-3.3159597341637705e-47,9959.330658105728,0.9964229611557004,5.999792857057315e-25
1403640,0.0,-3.315903461809356e-47,9959.330658105728,0.9964229611557004,5.999691046801254e-25
1403700,0.0,-3.315847189454942e-47,9959.330658105728,0.9964229611557004,5.999589236545195e-25
1403760,0.0,-3.3157909171005274e-47,9959.330658105728,0.9964229611557004,5.999487426289135e-25
1403820,0.0,-3.3157346447461136e-47,9959.330658105728,0.9964229611557004,5.999385616033076e-25
1403880,0.0,-3.315678372391699e-47,9959.330658105728,0.9964229611557004,5.999283805777015e-25
1403940,0.0,-3.315622100037285e-47,9959.330658105728,0.9964229611557004,5.999181995520956e-25
1404000,0.0,-3.3155658276828705e-47,9959.330658105728,0.9964229611557004,5.999080185264896e-25
1404060,0.0,-3.3155095553284567e-47,9959.330658105728,0.9964229611557004,5.998978375008837e-25
1404120,0.0,-3.3154532829740423e-47,9959.330658105728,0.9964229611557004,5.998876564752776e-25
1404180,0.0,-3.315397010619628e-47,9959.330658105728,0.9964229611557004,5.998774754496718e-25
1404240,0.0,-3.3153407382652136e-47,9959.330658105728,0.9964229611557004,5.998672944240657e-25
1404300,0.0,-3.3152844659107993e-47,9959.330658105728,0.9964229611557004,5.998571133984597e-25
1404360,0.0,-3.3152281935563854e-47,9959.330658105728,0.9964229611557004,5.9984693237285375e-25
1404420,0.0,-3.315171921201971e-47,9959.330658105728,0.9964229611557004,5.998367513472478e-25
1404480,0.0,-3.3151156488475567e-47,9959.330658105728,0.9964229611557004,5.998265703216419e-25
1404540,0.0,-3.3150593764931424e-47,9959.330658105728,0.9964229611557004,5.998163892960358e-25
1404600,0.0,-3.3150031041387285e-47,9959.330658105728,0.9964229611557004,5.9980620827043e-25
1404660,0.0,-3.314946831784314e-47,9959.330658105728,0.9964229611557004,5.997960272448239e-25
1404720,0.0,-3.3148905594299003e-47,9959.330658105728,0.9964229611557004,5.99785846219218e-25
1404780,0.0,-3.3148342870754855e-47,9959.330658105728,0.9964229611557004,5.99775665193612e-25
1404840,0.0,-3.3147780147210716e-47,9959.330658105728,0.9964229611557004,5.997654841680061e-25
1404900,0.0,-3.3147217423666573e-47,9959.330658105728,0.9964229611557004,5.997553031424e-25
1404960,0.0,-3.3146654700122434e-47,9959.330658105728,0.9964229611557004,5.997451221167941e-25
1405020,0.0,-3.3146091976578286e-47,9959.330658105728,0.9964229611557004,5.997349410911881e-25
1405080,0.0,-3.3145529253034147e-47,9959.330658105728,0.9964229611557004,5.997247600655822e-25
1405140,0.0,-3.3144966529490004e-47,9959.330658105728,0.9964229611557004,5.997145790399761e-25
1405200,0.0,-3.3144403805945865e-47,9959.330658105728,0.9964229611557004,5.997043980143702e-25
1405260,0.0,-3.314384108240172e-47,9959.330658105728,0.9964229611557004,5.996942169887642e-25
1405320,0.0,-3.314327835885758e-47,9959.330658105728,0.9964229611557004,5.996840359631583e-25
1405380,0.0,-3.3142715635313435e-47,9959.330658105728,0.9964229611557004,5.9967385493755225e-25
1405440,0.0,-3.314215291176929e-47,9959.330658105728,0.9964229611557004,5.996636739119463e-25
1405500,0.0,-3.3141590188225153e-47,9959.330658105728,0.9964229611557004,5.996534928863404e-25
1405560,0.0,-3.314102746468101e-47,9959.330658105728,0.9964229611557004,5.996433118607343e-25
1405620,0.0,-3.3140464741136866e-47,9959.330658105728,0.9964229611557004,5.996331308351284e-25
1405680,0.0,-3.3139902017592723e-47,9959.330658105728,0.9964229611557004,5.996229498095224e-25
1405740,0.0,-3.3139339294048584e-47,9959.330658105728,0.9964229611557004,5.996127687839165e-25
1405800,0.0,-3.313877657050444e-47,9959.330658105728,0.9964229611557004,5.996025877583104e-25
1405860,0.0,-3.3138213846960297e-47,9959.330658105728,0.9964229611557004,5.995924067327045e-25
1405920,0.0,-3.3137651123416154e-47,9959.330658105728,0.9964229611557004,5.995822257070985e-25
1405980,0.0,-3.3137088399872015e-47,9959.330658105728,0.9964229611557004,5.995720446814926e-25
1406040,0.0,-3.313652567632787e-47,9959.330658105728,0.9964229611557004,5.995618636558865e-25
1406100,0.0,-3.313596295278373e-47,9959.330658105728,0.9964229611557004,5.995516826302806e-25
1406160,0.0,-3.3135400229239585e-47,9959.330658105728,0.9964229611557004,5.995415016046746e-25
1406220,0.0,-3.3134837505695446e-47,9959.330658105728,0.9964229611557004,5.995313205790687e-25
1406280,0.0,-3.3134274782151303e-47,9959.330658105728,0.9964229611557004,5.9952113955346265e-25
1406340,0.0,-3.313371205860716e-47,9959.330658105728,0.9964229611557004,5.995109585278567e-25
1406400,0.0,-3.3133149335063016e-47,9959.330658105728,0.9964229611557004,5.9950077750225075e-25
1406460,0.0,-3.3132586611518877e-47,9959.330658105728,0.9964229611557004,5.994905964766448e-25
1406520,0.0,-3.3132023887974734e-47,9959.330658105728,0.9964229611557004,5.994804154510388e-25
1406580,0.0,-3.313146116443059e-47,9959.330658105728,0.9964229611557004,5.994702344254328e-25
1406640,0.0,-3.3130898440886447e-47,9959.330658105728,0.9964229611557004,5.994600533998269e-25
1406700,0.0,-3.3130335717342303e-47,9959.330658105728,0.9964229611557004,5.994498723742208e-25
1406760,0.0,-3.3129772993798165e-47,9959.330658105728,0.9964229611557004,5.994396913486149e-25
1406820,0.0,-3.312921027025402e-47,9959.330658105728,0.9964229611557004,5.994295103230089e-25
1406880,0.0,-3.312864754670988e-47,9959.330658105728,0.9964229611557004,5.99419329297403e-25
1406940,0.0,-3.3128084823165734e-47,9959.330658105728,0.9964229611557004,5.994091482717969e-25
1407000,0.0,-3.3127522099621596e-47,9959.330658105728,0.9964229611557004,5.993989672461911e-25
1407060,0.0,-3.312695937607745e-47,9959.330658105728,0.9964229611557004,5.99388786220585e-25
1407120,0.0,-3.3126396652533314e-47,9959.330658105728,0.9964229611557004,5.993786051949791e-25
1407180,0.0,-3.3125833928989165e-47,9959.330658105728,0.9964229611557004,5.9936842416937305e-25
1407240,0.0,-3.3125271205445027e-47,9959.330658105728,0.9964229611557004,5.993582431437672e-25
1407300,0.0,-3.3124708481900883e-47,9959.330658105728,0.9964229611557004,5.9934806211816115e-25
1407360,0.0,-3.3124145758356745e-47,9959.330658105728,0.9964229611557004,5.993378810925552e-25
1407420,0.0,-3.3123583034812596e-47,9959.330658105728,0.9964229611557004,5.9932770006694925e-25
1407480,0.0,-3.312302031126846e-47,9959.330658105728,0.9964229611557004,5.993175190413433e-25
1407540,0.0,-3.3122457587724314e-47,9959.330658105728,0.9964229611557004,5.993073380157373e-25
1407600,0.0,-3.3121894864180176e-47,9959.33065810573,0.9964229611557004,5.992971569901313e-25
1407660,0.0,-3.312133214063603e-47,9959.33065810573,0.9964229611557004,5.992869759645254e-25
1407720,0.0,-3.3120769417091884e-47,9959.33065810573,0.9964229611557004,5.992767949389193e-25
1407780,0.0,-3.3120206693547745e-47,9959.33065810573,0.9964229611557004,5.992666139133134e-25
1407840,0.0,-3.31196439700036e-47,9959.33065810573,0.9964229611557004,5.992564328877074e-25
1407900,0.0,-3.3119081246459463e-47,9959.33065810573,0.9964229611557004,5.992462518621015e-25
1407960,0.0,-3.311851852291532e-47,9959.33065810573,0.9964229611557004,5.992360708364954e-25
1408020,0.0,-3.3117955799371176e-47,9959.33065810573,0.9964229611557004,5.992258898108895e-25
1408080,0.0,-3.3117393075827033e-47,9959.33065810573,0.9964229611557004,5.992157087852835e-25
1408140,0.0,-3.3116830352282894e-47,9959.33065810573,0.9964229611557004,5.992055277596776e-25
1408200,0.0,-3.311626762873875e-47,9959.33065810573,0.9964229611557004,5.9919534673407155e-25
1408260,0.0,-3.3115704905194607e-47,9959.33065810573,0.9964229611557004,5.991851657084656e-25
1408320,0.0,-3.3115142181650464e-47,9959.33065810573,0.9964229611557004,5.9917498468285965e-25
1408380,0.0,-3.3114579458106325e-47,9959.33065810573,0.9964229611557004,5.991648036572537e-25
1408440,0.0,-3.311401673456218e-47,9959.33065810573,0.9964229611557004,5.991546226316477e-25
1408500,0.0,-3.311345401101804e-47,9959.33065810573,0.9964229611557004,5.991444416060417e-25
1408560,0.0,-3.3112891287473895e-47,9959.33065810573,0.9964229611557004,5.991342605804358e-25
1408620,0.0,-3.3112328563929756e-47,9959.33065810573,0.9964229611557004,5.991240795548298e-25
1408680,0.0,-3.3111765840385613e-47,9959.33065810573,0.9964229611557004,5.991138985292238e-25
1408740,0.0,-3.311120311684147e-47,9959.33065810573,0.9964229611557004,5.991037175036178e-25
1408800,0.0,-3.3110640393297326e-47,9959.33065810573,0.9964229611557004,5.990935364780119e-25
1408860,0.0,-3.3110077669753183e-47,9959.33065810573,0.9964229611557004,5.990833554524058e-25
1408920,0.0,-3.3109514946209044e-47,9959.33065810573,0.9964229611557004,5.990731744267999e-25
1408980,0.0,-3.31089522226649e-47,9959.33065810573,0.9964229611557004,5.990629934011939e-25
1409040,0.0,-3.3108389499120757e-47,9959.33065810573,0.9964229611557004,5.99052812375588e-25
1409100,0.0,-3.3107826775576614e-47,9959.33065810573,0.9964229611557004,5.9904263134998195e-25
1409160,0.0,-3.3107264052032475e-47,9959.33065810573,0.9964229611557004,5.99032450324376e-25
1409220,0.0,-3.310670132848833e-47,9959.33065810573,0.9964229611557004,5.9902226929877005e-25
1409280,0.0,-3.310613860494419e-47,9959.33065810573,0.9964229611557004,5.990120882731641e-25
1409340,0.0,-3.3105575881400045e-47,9959.33065810573,0.9964229611557004,5.990019072475581e-25
1409400,0.0,-3.3105013157855906e-47,9959.33065810573,0.9964229611557004,5.989917262219522e-25
1409460,0.0,-3.3104450434311763e-47,9959.33065810573,0.9964229611557004,5.989815451963462e-25
1409520,0.0,-3.310388771076762e-47,9959.33065810573,0.9964229611557004,5.989713641707402e-25
1409580,0.0,-3.3103324987223476e-47,9959.33065810573,0.9964229611557004,5.989611831451342e-25
1409640,0.0,-3.3102762263679337e-47,9959.33065810573,0.9964229611557004,5.989510021195283e-25
1409700,0.0,-3.3102199540135194e-47,9959.33065810573,0.9964229611557004,5.989408210939223e-25
1409760,0.0,-3.3101636816591055e-47,9959.33065810573,0.9964229611557004,5.989306400683163e-25
1409820,0.0,-3.3101074093046907e-47,9959.33065810573,0.9964229611557004,5.989204590427104e-25
1409880,0.0,-3.310051136950277e-47,9959.33065810573,0.9964229611557004,5.989102780171044e-25
1409940,0.0,-3.3099948645958625e-47,9959.33065810573,0.9964229611557004,5.989000969914984e-25
1410000,0.0,-3.3099385922414486e-47,9959.33065810573,0.9964229611557004,5.988899159658924e-25
1410060,0.0,-3.3098823198870343e-47,9959.33065810573,0.9964229611557004,5.988797349402865e-25
1410120,0.0,-3.3098260475326194e-47,9959.33065810573,0.9964229611557004,5.9886955391468045e-25
1410180,0.0,-3.3097697751782056e-47,9959.33065810573,0.9964229611557004,5.988593728890745e-25
1410240,0.0,-3.309713502823791e-47,9959.33065810573,0.9964229611557004,5.9884919186346855e-25
1410300,0.0,-3.3096572304693774e-47,9959.33065810573,0.9964229611557004,5.988390108378626e-25
1410360,0.0,-3.3096009581149625e-47,9959.33065810573,0.9964229611557004,5.988288298122566e-25
1410420,0.0,-3.3095446857605487e-47,9959.33065810573,0.9964229611557004,5.988186487866506e-25
1410480,0.0,-3.3094884134061343e-47,9959.33065810573,0.9964229611557004,5.988084677610447e-25
1410540,0.0,-3.3094321410517205e-47,9959.33065810573,0.9964229611557004,5.987982867354387e-25
1410600,0.0,-3.309375868697306e-47,9959.33065810573,0.9964229611557004,5.987881057098327e-25
1410660,0.0,-3.309319596342892e-47,9959.33065810573,0.9964229611557004,5.987779246842267e-25
1410720,0.0,-3.3092633239884774e-47,9959.33065810573,0.9964229611557004,5.987677436586208e-25
1410780,0.0,-3.3092070516340636e-47,9959.33065810573,0.9964229611557004,5.987575626330148e-25
1410840,0.0,-3.309150779279649e-47,9959.33065810573,0.9964229611557004,5.987473816074088e-25
1410900,0.0,-3.309094506925235e-47,9959.33065810573,0.9964229611557004,5.987372005818028e-25
1410960,0.0,-3.3090382345708205e-47,9959.33065810573,0.9964229611557004,5.987270195561969e-25
1411020,0.0,-3.3089819622164067e-47,9959.33065810573,0.9964229611557004,5.987168385305909e-25
1411080,0.0,-3.3089256898619923e-47,9959.33065810573,0.9964229611557004,5.987066575049849e-25
1411140,0.0,-3.308869417507578e-47,9959.33065810573,0.9964229611557004,5.9869647647937895e-25
1411200,0.0,-3.3088131451531636e-47,9959.33065810573,0.9964229611557004,5.98686295453773e-25
1411260,0.0,-3.3087568727987493e-47,9959.33065810573,0.9964229611557004,5.98676114428167e-25
1411320,0.0,-3.3087006004443354e-47,9959.33065810573,0.9964229611557004,5.98665933402561e-25
1411380,0.0,-3.308644328089921e-47,9959.33065810573,0.9964229611557004,5.986557523769551e-25
1411440,0.0,-3.3085880557355067e-47,9959.33065810573,0.9964229611557004,5.986455713513491e-25
1411500,0.0,-3.3085317833810924e-47,9959.33065810573,0.9964229611557004,5.986353903257431e-25
1411560,0.0,-3.3084755110266785e-47,9959.33065810573,0.9964229611557004,5.986252093001371e-25
1411620,0.0,-3.308419238672264e-47,9959.33065810573,0.9964229611557004,5.986150282745312e-25
1411680,0.0,-3.30836296631785e-47,9959.33065810573,0.9964229611557004,5.986048472489252e-25
1411740,0.0,-3.3083066939634355e-47,9959.33065810573,0.9964229611557004,5.985946662233192e-25
1411800,0.0,-3.3082504216090216e-47,9959.33065810573,0.9964229611557004,5.985844851977133e-25
1411860,0.0,-3.3081941492546073e-47,9959.33065810573,0.9964229611557004,5.985743041721073e-25
1411920,0.0,-3.308137876900193e-47,9959.33065810573,0.9964229611557004,5.985641231465013e-25
1411980,0.0,-3.3080816045457786e-47,9959.33065810573,0.9964229611557004,5.985539421208953e-25
1412040,0.0,-3.3080253321913647e-47,9959.33065810573,0.9964229611557004,5.985437610952894e-25
1412100,0.0,-3.3079690598369504e-47,9959.33065810573,0.9964229611557004,5.985335800696834e-25
1412160,0.0,-3.3079127874825365e-47,9959.33065810573,0.9964229611557004,5.9852339904407745e-25
1412220,0.0,-3.3078565151281217e-47,9959.33065810573,0.9964229611557004,5.985132180184715e-25
1412280,0.0,-3.307800242773708e-47,9959.33065810573,0.9964229611557004,5.9850303699286555e-25
1412340,0.0,-3.3077439704192935e-47,9959.33065810573,0.9964229611557004,5.984928559672595e-25
1412400,0.0,-3.307687698064879e-47,9959.33065810573,0.9964229611557004,5.984826749416535e-25
1412460,0.0,-3.3076314257104653e-47,9959.33065810573,0.9964229611557004,5.984724939160476e-25
1412520,0.0,-3.3075751533560505e-47,9959.33065810573,0.9964229611557004,5.984623128904416e-25
1412580,0.0,-3.3075188810016366e-47,9959.33065810573,0.9964229611557004,5.984521318648356e-25
1412640,0.0,-3.3074626086472223e-47,9959.33065810573,0.9964229611557004,5.984419508392297e-25
1412700,0.0,-3.3074063362928084e-47,9959.33065810573,0.9964229611557004,5.984317698136237e-25
1412760,0.0,-3.3073500639383936e-47,9959.33065810573,0.9964229611557004,5.984215887880177e-25
1412820,0.0,-3.3072937915839797e-47,9959.33065810573,0.9964229611557004,5.984114077624117e-25
1412880,0.0,-3.3072375192295654e-47,9959.33065810573,0.9964229611557004,5.984012267368058e-25
1412940,0.0,-3.3071812468751515e-47,9959.33065810573,0.9964229611557004,5.983910457111998e-25
1413000,0.0,-3.307124974520737e-47,9959.33065810573,0.9964229611557004,5.983808646855938e-25
1413060,0.0,-3.307068702166323e-47,9959.33065810573,0.9964229611557004,5.983706836599878e-25
1413120,0.0,-3.3070124298119085e-47,9959.33065810573,0.9964229611557004,5.983605026343819e-25
1413180,0.0,-3.3069561574574946e-47,9959.33065810573,0.9964229611557004,5.9835032160877595e-25
1413240,0.0,-3.3068998851030803e-47,9959.33065810573,0.9964229611557004,5.983401405831699e-25
1413300,0.0,-3.306843612748666e-47,9959.33065810573,0.9964229611557004,5.98329959557564e-25
1413360,0.0,-3.3067873403942516e-47,9959.33065810573,0.9964229611557004,5.98319778531958e-25
1413420,0.0,-3.3067310680398377e-47,9959.33065810573,0.9964229611557004,5.983095975063521e-25
1413480,0.0,-3.3066747956854234e-47,9959.33065810573,0.9964229611557004,5.98299416480746e-25
1413540,0.0,-3.306618523331009e-47,9959.33065810573,0.9964229611557004,5.982892354551401e-25
1413600,0.0,-3.3065622509765947e-47,9959.33065810573,0.9964229611557004,5.982790544295341e-25
1413660,0.0,-3.3065059786221803e-47,9959.33065810573,0.9964229611557004,5.982688734039281e-25
1413720,0.0,-3.3064497062677665e-47,9959.33065810573,0.9964229611557004,5.982586923783221e-25
1413780,0.0,-3.306393433913352e-47,9959.33065810573,0.9964229611557004,5.982485113527162e-25
1413840,0.0,-3.306337161558938e-47,9959.33065810573,0.9964229611557004,5.982383303271102e-25
1413900,0.0,-3.3062808892045234e-47,9959.33065810573,0.9964229611557004,5.982281493015042e-25
1413960,0.0,-3.3062246168501096e-47,9959.33065810573,0.9964229611557004,5.982179682758982e-25
1414020,0.0,-3.306168344495695e-47,9959.33065810573,0.9964229611557004,5.982077872502923e-25
1414080,0.0,-3.306112072141281e-47,9959.33065810573,0.9964229611557004,5.981976062246863e-25
1414140,0.0,-3.3060557997868665e-47,9959.33065810573,0.9964229611557004,5.981874251990803e-25
1414200,0.0,-3.3059995274324527e-47,9959.33065810573,0.9964229611557004,5.9817724417347445e-25
1414260,0.0,-3.3059432550780383e-47,9959.33065810573,0.9964229611557004,5.981670631478684e-25
1414320,0.0,-3.305886982723624e-47,9959.33065810573,0.9964229611557004,5.981568821222625e-25
1414380,0.0,-3.3058307103692096e-47,9959.33065810573,0.9964229611557004,5.981467010966564e-25
1414440,0.0,-3.305774438014796e-47,9959.33065810573,0.9964229611557004,5.981365200710506e-25
1414500,0.0,-3.3057181656603814e-47,9959.33065810573,0.9964229611557004,5.981263390454445e-25
1414560,0.0,-3.3056618933059676e-47,9959.33065810573,0.9964229611557004,5.981161580198386e-25
1414620,0.0,-3.3056056209515527e-47,9959.33065810573,0.9964229611557004,5.981059769942326e-25
1414680,0.0,-3.3055493485971384e-47,9959.33065810573,0.9964229611557004,5.980957959686266e-25
1414740,0.0,-3.3054930762427245e-47,9959.33065810573,0.9964229611557004,5.980856149430206e-25
1414800,0.0,-3.30543680388831e-47,9959.33065810573,0.9964229611557004,5.980754339174146e-25
1414860,0.0,-3.3053805315338963e-47,9959.33065810573,0.9964229611557004,5.980652528918087e-25
1414920,0.0,-3.3053242591794815e-47,9959.33065810573,0.9964229611557004,5.980550718662027e-25
1414980,0.0,-3.3052679868250676e-47,9959.33065810573,0.9964229611557004,5.980448908405967e-25
1415040,0.0,-3.3052117144706533e-47,9959.33065810573,0.9964229611557004,5.980347098149908e-25
1415100,0.0,-3.3051554421162394e-47,9959.33065810573,0.9964229611557004,5.980245287893848e-25
1415160,0.0,-3.3050991697618246e-47,9959.33065810573,0.9964229611557004,5.980143477637788e-25
1415220,0.0,-3.3050428974074107e-47,9959.33065810573,0.9964229611557004,5.980041667381729e-25
1415280,0.0,-3.3049866250529964e-47,9959.33065810573,0.9964229611557004,5.979939857125669e-25
1415340,0.0,-3.3049303526985825e-47,9959.33065810573,0.9964229611557004,5.97983804686961e-25
1415400,0.0,-3.304874080344168e-47,9959.33065810573,0.9964229611557004,5.979736236613549e-25
1415460,0.0,-3.304817807989754e-47,9959.33065810573,0.9964229611557004,5.97963442635749e-25
1415520,0.0,-3.3047615356353395e-47,9959.33065810573,0.9964229611557004,5.97953261610143e-25
1415580,0.0,-3.3047052632809256e-47,9959.33065810573,0.9964229611557004,5.979430805845371e-25
1415640,0.0,-3.3046489909265113e-47,9959.33065810573,0.9964229611557004,5.97932899558931e-25
1415700,0.0,-3.304592718572097e-47,9959.33065810573,0.9964229611557004,5.979227185333251e-25
1415760,0.0,-3.3045364462176826e-47,9959.33065810573,0.9964229611557004,5.979125375077191e-25
1415820,0.0,-3.3044801738632687e-47,9959.33065810573,0.9964229611557004,5.979023564821132e-25
1415880,0.0,-3.3044239015088544e-47,9959.33065810573,0.9964229611557004,5.978921754565071e-25
1415940,0.0,-3.30436762915444e-47,9959.33065810573,0.9964229611557004,5.978819944309012e-25
1416000,0.0,-3.3043113568000257e-47,9959.33065810573,0.9964229611557004,5.978718134052952e-25
1416060,0.0,-3.3042550844456114e-47,9959.33065810573,0.9964229611557004,5.978616323796892e-25
1416120,0.0,-3.3041988120911975e-47,9959.33065810573,0.9964229611557004,5.9785145135408325e-25
1416180,0.0,-3.304142539736783e-47,9959.33065810573,0.9964229611557004,5.978412703284773e-25
1416240,0.0,-3.304086267382369e-47,9959.33065810573,0.9964229611557004,5.978310893028714e-25
1416300,0.0,-3.3040299950279545e-47,9959.33065810573,0.9964229611557004,5.978209082772653e-25
1416360,0.0,-3.3039737226735406e-47,9959.33065810573,0.9964229611557004,5.978107272516594e-25
1416420,0.0,-3.3039174503191263e-47,9959.33065810573,0.9964229611557004,5.978005462260534e-25
1416480,0.0,-3.303861177964712e-47,9959.33065810573,0.9964229611557004,5.977903652004475e-25
1416540,0.0,-3.3038049056102976e-47,9959.33065810573,0.9964229611557004,5.977801841748414e-25
1416600,0.0,-3.3037486332558837e-47,9959.33065810573,0.9964229611557004,5.977700031492356e-25
1416660,0.0,-3.3036923609014694e-47,9959.33065810573,0.9964229611557004,5.977598221236295e-25
1416720,0.0,-3.303636088547055e-47,9959.33065810573,0.9964229611557004,5.977496410980236e-25
1416780,0.0,-3.3035798161926407e-47,9959.33065810573,0.9964229611557004,5.977394600724175e-25
1416840,0.0,-3.303523543838227e-47,9959.33065810573,0.9964229611557004,5.977292790468117e-25
1416900,0.0,-3.3034672714838125e-47,9959.33065810573,0.9964229611557004,5.977190980212056e-25
1416960,0.0,-3.3034109991293986e-47,9959.33065810573,0.9964229611557004,5.977089169955997e-25
1417020,0.0,-3.303354726774984e-47,9959.33065810573,0.9964229611557004,5.976987359699937e-25
1417080,0.0,-3.3032984544205694e-47,9959.33065810573,0.9964229611557004,5.976885549443877e-25
1417140,0.0,-3.3032421820661556e-47,9959.33065810573,0.9964229611557004,5.9767837391878175e-25
1417200,0.0,-3.303185909711741e-47,9959.33065810573,0.9964229611557004,5.976681928931757e-25
1417260,0.0,-3.3031296373573274e-47,9959.33065810573,0.9964229611557004,5.976580118675699e-25
1417320,0.0,-3.3030733650029125e-47,9959.33065810573,0.9964229611557004,5.976478308419638e-25
1417380,0.0,-3.3030170926484987e-47,9959.33065810573,0.9964229611557004,5.976376498163579e-25
1417440,0.0,-3.3029608202940843e-47,9959.33065810573,0.9964229611557004,5.976274687907519e-25
1417500,0.0,-3.3029045479396705e-47,9959.33065810573,0.9964229611557004,5.97617287765146e-25
1417560,0.0,-3.3028482755852556e-47,9959.33065810573,0.9964229611557004,5.976071067395399e-25
1417620,0.0,-3.302792003230842e-47,9959.33065810573,0.9964229611557004,5.97596925713934e-25
1417680,0.0,-3.3027357308764274e-47,9959.33065810573,0.9964229611557004,5.97586744688328e-25
1417740,0.0,-3.3026794585220136e-47,9959.33065810573,0.9964229611557004,5.975765636627221e-25
1417800,0.0,-3.302623186167599e-47,9959.33065810573,0.9964229611557004,5.97566382637116e-25
1417860,0.0,-3.302566913813185e-47,9959.33065810573,0.9964229611557004,5.975562016115101e-25
1417920,0.0,-3.3025106414587705e-47,9959.33065810573,0.9964229611557004,5.975460205859041e-25
1417980,0.0,-3.3024543691043567e-47,9959.33065810573,0.9964229611557004,5.975358395602982e-25
1418040,0.0,-3.3023980967499423e-47,9959.33065810573,0.9964229611557004,5.9752565853469215e-25
1418100,0.0,-3.302341824395528e-47,9959.33065810573,0.9964229611557004,5.975154775090862e-25
1418160,0.0,-3.3022855520411136e-47,9959.33065810573,0.9964229611557004,5.9750529648348025e-25
1418220,0.0,-3.3022292796866993e-47,9959.33065810573,0.9964229611557004,5.974951154578742e-25
1418280,0.0,-3.3021730073322854e-47,9959.33065810573,0.9964229611557004,5.974849344322683e-25
1418340,0.0,-3.302116734977871e-47,9959.33065810573,0.9964229611557004,5.974747534066623e-25
1418400,0.0,-3.3020604626234567e-47,9959.33065810573,0.9964229611557004,5.974645723810564e-25
1418460,0.0,-3.3020041902690424e-47,9959.33065810573,0.9964229611557004,5.974543913554503e-25
1418520,0.0,-3.3019479179146285e-47,9959.33065810573,0.9964229611557004,5.974442103298444e-25
1418580,0.0,-3.301891645560214e-47,9959.33065810573,0.9964229611557004,5.974340293042384e-25
1418640,0.0,-3.3018353732058e-47,9959.33065810573,0.9964229611557004,5.974238482786325e-25
1418700,0.0,-3.3017791008513855e-47,9959.33065810573,0.9964229611557004,5.974136672530264e-25
1418760,0.0,-3.3017228284969716e-47,9959.33065810573,0.9964229611557004,5.974034862274205e-25
1418820,0.0,-3.3016665561425573e-47,9959.33065810573,0.9964229611557004,5.973933052018145e-25
1418880,0.0,-3.301610283788143e-47,9959.33065810573,0.9964229611557004,5.973831241762086e-25
1418940,0.0,-3.3015540114337286e-47,9959.33065810573,0.9964229611557004,5.9737294315060255e-25
1419000,0.0,-3.3014977390793147e-47,9959.33065810573,0.9964229611557004,5.973627621249967e-25
1419060,0.0,-3.3014414667249004e-47,9959.33065810573,0.9964229611557004,5.9735258109939065e-25
1419120,0.0,-3.301385194370486e-47,9959.33065810573,0.9964229611557004,5.973424000737847e-25
1419180,0.0,-3.3013289220160717e-47,9959.33065810573,0.9964229611557004,5.973322190481787e-25
1419240,0.0,-3.301272649661658e-47,9959.33065810573,0.9964229611557004,5.973220380225728e-25
1419300,0.0,-3.3012163773072435e-47,9959.33065810573,0.9964229611557004,5.973118569969668e-25
1419360,0.0,-3.301160104952829e-47,9959.33065810573,0.9964229611557004,5.973016759713607e-25
1419420,0.0,-3.301103832598415e-47,9959.33065810573,0.9964229611557004,5.972914949457549e-25
1419480,0.0,-3.3010475602440005e-47,9959.33065810573,0.9964229611557004,5.972813139201488e-25
1419540,0.0,-3.3009912878895866e-47,9959.33065810573,0.9964229611557004,5.972711328945429e-25
1419600,0.0,-3.3009350155351722e-47,9959.33065810573,0.9964229611557004,5.972609518689368e-25
1419660,0.0,-3.300878743180758e-47,9959.33065810573,0.9964229611557004,5.97250770843331e-25
1419720,0.0,-3.3008224708263436e-47,9959.33065810573,0.9964229611557004,5.972405898177249e-25
1419780,0.0,-3.3007661984719297e-47,9959.33065810573,0.9964229611557004,5.97230408792119e-25
1419840,0.0,-3.3007099261175154e-47,9959.33065810573,0.9964229611557004,5.97220227766513e-25
1419900,0.0,-3.3006536537631015e-47,9959.33065810573,0.9964229611557004,5.972100467409071e-25
1419960,0.0,-3.3005973814086867e-47,9959.33065810573,0.9964229611557004,5.9719986571530105e-25
1420020,0.0,-3.300541109054273e-47,9959.33065810573,0.9964229611557004,5.971896846896951e-25
1420080,0.0,-3.3004848366998585e-47,9959.33065810573,0.9964229611557004,5.9717950366408915e-25
1420140,0.0,-3.3004285643454446e-47,9959.33065810573,0.9964229611557004,5.971693226384832e-25
1420200,0.0,-3.3003722919910302e-47,9959.33065810573,0.9964229611557004,5.971591416128772e-25
1420260,0.0,-3.300316019636616e-47,9959.33065810573,0.9964229611557004,5.971489605872712e-25
1420320,0.0,-3.3002597472822016e-47,9959.33065810573,0.9964229611557004,5.971387795616653e-25
1420380,0.0,-3.3002034749277877e-47,9959.33065810573,0.9964229611557004,5.971285985360593e-25
1420440,0.0,-3.3001472025733734e-47,9959.33065810573,0.9964229611557004,5.971184175104533e-25
1420500,0.0,-3.3000909302189585e-47,9959.33065810573,0.9964229611557004,5.971082364848473e-25
1420560,0.0,-3.3000346578645447e-47,9959.33065810573,0.9964229611557004,5.970980554592414e-25
1420620,0.0,-3.2999783855101303e-47,9959.33065810573,0.9964229611557004,5.970878744336353e-25
1420680,0.0,-3.2999221131557165e-47,9959.33065810573,0.9964229611557004,5.970776934080294e-25
1420740,0.0,-3.299865840801302e-47,9959.33065810573,0.9964229611557004,5.970675123824234e-25
1420800,0.0,-3.299809568446888e-47,9959.33065810573,0.9964229611557004,5.970573313568175e-25
1420860,0.0,-3.2997532960924734e-47,9959.33065810573,0.9964229611557004,5.9704715033121145e-25
1420920,0.0,-3.2996970237380596e-47,9959.33065810573,0.9964229611557004,5.970369693056055e-25
1420980,0.0,-3.299640751383645e-47,9959.33065810573,0.9964229611557004,5.9702678827999955e-25
1421040,0.0,-3.299584479029231e-47,9959.33065810573,0.9964229611557004,5.970166072543936e-25
1421100,0.0,-3.2995282066748165e-47,9959.33065810573,0.9964229611557004,5.970064262287876e-25
1421160,0.0,-3.2994719343204027e-47,9959.33065810573,0.9964229611557004,5.969962452031816e-25
1421220,0.0,-3.2994156619659883e-47,9959.33065810573,0.9964229611557004,5.969860641775757e-25
1421280,0.0,-3.299359389611574e-47,9959.33065810573,0.9964229611557004,5.969758831519697e-25
1421340,0.0,-3.2993031172571596e-47,9959.33065810573,0.9964229611557004,5.969657021263637e-25
1421400,0.0,-3.299246844902746e-47,9959.33065810573,0.9964229611557004,5.969555211007578e-25
1421460,0.0,-3.2991905725483314e-47,9959.33065810573,0.9964229611557004,5.969453400751518e-25
1421520,0.0,-3.299134300193917e-47,9959.33065810573,0.9964229611557004,5.969351590495458e-25
1421580,0.0,-3.2990780278395027e-47,9959.33065810573,0.9964229611557004,5.969249780239398e-25
1421640,0.0,-3.299021755485089e-47,9959.33065810573,0.9964229611557004,5.969147969983339e-25
1421700,0.0,-3.2989654831306745e-47,9959.33065810573,0.9964229611557004,5.969046159727279e-25
1421760,0.0,-3.29890921077626e-47,9959.33065810573,0.9964229611557004,5.968944349471218e-25
1421820,0.0,-3.298852938421846e-47,9959.33065810573,0.9964229611557004,5.96884253921516e-25
1421880,0.0,-3.2987966660674315e-47,9959.33065810573,0.9964229611557004,5.9687407289590995e-25
1421940,0.0,-3.2987403937130176e-47,9959.33065810573,0.9964229611557004,5.96863891870304e-25
1422000,0.0,-3.2986841213586033e-47,9959.33065810573,0.9964229611557004,5.96853710844698e-25
1422060,0.0,-3.298627849004189e-47,9959.33065810573,0.9964229611557004,5.968435298190921e-25
1422120,0.0,-3.2985715766497746e-47,9959.33065810573,0.9964229611557004,5.968333487934861e-25
1422180,0.0,-3.2985153042953607e-47,9959.33065810573,0.9964229611557004,5.968231677678801e-25
1422240,0.0,-3.2984590319409464e-47,9959.33065810573,0.9964229611557004,5.968129867422742e-25
1422300,0.0,-3.2984027595865325e-47,9959.33065810573,0.9964229611557004,5.968028057166682e-25
1422360,0.0,-3.2983464872321177e-47,9959.33065810573,0.9964229611557004,5.967926246910622e-25
1422420,0.0,-3.298290214877704e-47,9959.33065810573,0.9964229611557004,5.967824436654562e-25
1422480,0.0,-3.2982339425232895e-47,9959.33065810573,0.9964229611557004,5.967722626398503e-25
1422540,0.0,-3.2981776701688756e-47,9959.33065810573,0.9964229611557004,5.967620816142443e-25
1422600,0.0,-3.2981213978144613e-47,9959.33065810573,0.9964229611557004,5.967519005886383e-25
1422660,0.0,-3.298065125460047e-47,9959.33065810573,0.9964229611557004,5.967417195630323e-25
1422720,0.0,-3.2980088531056326e-47,9959.33065810573,0.9964229611557004,5.967315385374264e-25
1422780,0.0,-3.2979525807512187e-47,9959.33065810573,0.9964229611557004,5.967213575118204e-25
1422840,0.0,-3.2978963083968044e-47,9959.33065810573,0.9964229611557004,5.967111764862144e-25
1422900,0.0,-3.2978400360423896e-47,9959.33065810573,0.9964229611557004,5.9670099546060845e-25
1422960,0.0,-3.2977837636879757e-47,9959.33065810573,0.9964229611557004,5.966908144350025e-25
1423020,0.0,-3.2977274913335613e-47,9959.33065810573,0.9964229611557004,5.966806334093965e-25
1423080,0.0,-3.2976712189791475e-47,9959.33065810573,0.9964229611557004,5.966704523837905e-25
1423140,0.0,-3.297614946624733e-47,9959.33065810573,0.9964229611557004,5.966602713581846e-25
1423200,0.0,-3.297558674270319e-47,9959.33065810573,0.9964229611557004,5.966500903325786e-25
1423260,0.0,-3.2975024019159045e-47,9959.33065810573,0.9964229611557004,5.966399093069726e-25
1423320,0.0,-3.2974461295614906e-47,9959.33065810573,0.9964229611557004,5.966297282813666e-25
1423380,0.0,-3.2973898572070762e-47,9959.33065810573,0.9964229611557004,5.966195472557607e-25
1423440,0.0,-3.297333584852662e-47,9959.33065810573,0.9964229611557004,5.966093662301547e-25
1423500,0.0,-3.2972773124982476e-47,9959.33065810573,0.9964229611557004,5.965991852045487e-25
1423560,0.0,-3.2972210401438337e-47,9959.33065810573,0.9964229611557004,5.965890041789427e-25
1423620,0.0,-3.2971647677894193e-47,9959.33065810573,0.9964229611557004,5.965788231533368e-25
1423680,0.0,-3.297108495435005e-47,9959.33065810573,0.9964229611557004,5.965686421277308e-25
1423740,0.0,-3.2970522230805907e-47,9959.33065810573,0.9964229611557004,5.965584611021248e-25
1423800,0.0,-3.296995950726177e-47,9959.33065810573,0.9964229611557004,5.965482800765188e-25
1423860,0.0,-3.2969396783717625e-47,9959.33065810573,0.9964229611557004,5.965380990509129e-25
1423920,0.0,-3.296883406017348e-47,9959.33065810573,0.9964229611557004,5.9652791802530695e-25
1423980,0.0,-3.296827133662934e-47,9959.33065810573,0.9964229611557004,5.965177369997009e-25
1424040,0.0,-3.2967708613085194e-47,9959.33065810573,0.9964229611557004,5.96507555974095e-25
1424100,0.0,-3.2967145889541056e-47,9959.33065810573,0.9964229611557004,5.96497374948489e-25
1424160,0.0,-3.296658316599691e-47,9959.33065810573,0.9964229611557004,5.96487193922883e-25
1424220,0.0,-3.296602044245277e-47,9959.33065810573,0.9964229611557004,5.964770128972771e-25
1424280,0.0,-3.2965457718908625e-47,9959.33065810573,0.9964229611557004,5.964668318716711e-25
1424340,0.0,-3.2964894995364487e-47,9959.33065810573,0.9964229611557004,5.964566508460651e-25
1424400,0.0,-3.2964332271820343e-47,9959.33065810573,0.9964229611557004,5.964464698204591e-25
1424460,0.0,-3.29637695482762e-47,9959.33065810573,0.9964229611557004,5.964362887948532e-25
1424520,0.0,-3.2963206824732056e-47,9959.33065810573,0.9964229611557004,5.964261077692472e-25
1424580,0.0,-3.296264410118792e-47,9959.33065810573,0.9964229611557004,5.964159267436412e-25
1424640,0.0,-3.2962081377643774e-47,9959.33065810573,0.9964229611557004,5.964057457180353e-25
1424700,0.0,-3.2961518654099636e-47,9959.33065810573,0.9964229611557004,5.963955646924293e-25
1424760,0.0,-3.2960955930555487e-47,9959.33065810573,0.9964229611557004,5.963853836668233e-25
1424820,0.0,-3.296039320701135e-47,9959.33065810573,0.9964229611557004,5.963752026412173e-25
1424880,0.0,-3.2959830483467205e-47,9959.33065810573,0.9964229611557004,5.963650216156114e-25
1424940,0.0,-3.2959267759923067e-47,9959.33065810573,0.9964229611557004,5.9635484059000545e-25
1425000,0.0,-3.2958705036378923e-47,9959.33065810573,0.9964229611557004,5.963446595643994e-25
1425060,0.0,-3.295814231283478e-47,9959.33065810573,0.9964229611557004,5.963344785387935e-25
1425120,0.0,-3.2957579589290636e-47,9959.33065810573,0.9964229611557004,5.963242975131875e-25
1425180,0.0,-3.2957016865746493e-47,9959.33065810573,0.9964229611557004,5.963141164875815e-25
1425240,0.0,-3.2956454142202354e-47,9959.33065810573,0.9964229611557004,5.963039354619755e-25
1425300,0.0,-3.2955891418658206e-47,9959.33065810573,0.9964229611557004,5.962937544363696e-25
1425360,0.0,-3.2955328695114067e-47,9959.33065810573,0.9964229611557004,5.962835734107636e-25
1425420,0.0,-3.2954765971569924e-47,9959.33065810573,0.9964229611557004,5.962733923851576e-25
1425480,0.0,-3.2954203248025785e-47,9959.33065810573,0.9964229611557004,5.962632113595516e-25
1425540,0.0,-3.295364052448164e-47,9959.33065810573,0.9964229611557004,5.962530303339457e-25
1425600,0.0,-3.29530778009375e-47,9959.33065810573,0.9964229611557004,5.962428493083397e-25
1425660,0.0,-3.2952515077393355e-47,9959.33065810573,0.9964229611557004,5.962326682827337e-25
1425720,0.0,-3.2951952353849216e-47,9959.33065810573,0.9964229611557004,5.962224872571277e-25
1425780,0.0,-3.2951389630305073e-47,9959.33065810573,0.9964229611557004,5.962123062315218e-25
1425840,0.0,-3.295082690676093e-47,9959.33065810573,0.9964229611557004,5.962021252059158e-25
1425900,0.0,-3.2950264183216786e-47,9959.33065810573,0.9964229611557004,5.961919441803098e-25
1425960,0.0,-3.2949701459672647e-47,9959.33065810573,0.9964229611557004,5.961817631547039e-25
1426020,0.0,-3.2949138736128504e-47,9959.33065810573,0.9964229611557004,5.961715821290979e-25
1426080,0.0,-3.294857601258436e-47,9959.33065810573,0.9964229611557004,5.96161401103492e-25
1426140,0.0,-3.2948013289040217e-47,9959.33065810573,0.9964229611557004,5.961512200778859e-25
1426200,0.0,-3.294745056549608e-47,9959.33065810573,0.9964229611557004,5.9614103905228e-25
1426260,0.0,-3.2946887841951935e-47,9959.33065810573,0.9964229611557004,5.96130858026674e-25
1426320,0.0,-3.294632511840779e-47,9959.33065810573,0.9964229611557004,5.961206770010681e-25
1426380,0.0,-3.294576239486365e-47,9959.33065810573,0.9964229611557004,5.96110495975462e-25
1426440,0.0,-3.2945199671319504e-47,9959.33065810573,0.9964229611557004,5.961003149498561e-25
1426500,0.0,-3.2944636947775366e-47,9959.33065810573,0.9964229611557004,5.960901339242501e-25
1426560,0.0,-3.294407422423122e-47,9959.33065810573,0.9964229611557004,5.960799528986441e-25
1426620,0.0,-3.294351150068708e-47,9959.33065810573,0.9964229611557004,5.960697718730381e-25
1426680,0.0,-3.2942948777142936e-47,9959.33065810573,0.9964229611557004,5.960595908474322e-25
1426740,0.0,-3.2942386053598797e-47,9959.33065810573,0.9964229611557004,5.960494098218262e-25
1426800,0.0,-3.2941823330054653e-47,9959.33065810573,0.9964229611557004,5.960392287962202e-25
1426860,0.0,-3.294126060651051e-47,9959.33065810573,0.9964229611557004,5.960290477706143e-25
1426920,0.0,-3.2940697882966367e-47,9959.33065810573,0.9964229611557004,5.960188667450083e-25
1426980,0.0,-3.294013515942223e-47,9959.33065810573,0.9964229611557004,5.960086857194024e-25
1427040,0.0,-3.2939572435878084e-47,9959.33065810573,0.9964229611557004,5.959985046937964e-25
1427100,0.0,-3.2939009712333946e-47,9959.33065810573,0.9964229611557004,5.959883236681905e-25
1427160,0.0,-3.2938446988789798e-47,9959.33065810573,0.9964229611557004,5.959781426425844e-25
1427220,0.0,-3.293788426524566e-47,9959.33065810573,0.9964229611557004,5.959679616169785e-25
1427280,0.0,-3.2937321541701516e-47,9959.33065810573,0.9964229611557004,5.959577805913725e-25
1427340,0.0,-3.2936758818157377e-47,9959.33065810573,0.9964229611557004,5.959475995657666e-25
1427400,0.0,-3.293619609461323e-47,9959.33065810573,0.9964229611557004,5.959374185401605e-25
1427460,0.0,-3.293563337106909e-47,9959.33065810573,0.9964229611557004,5.959272375145546e-25
1427520,0.0,-3.2935070647524947e-47,9959.33065810573,0.9964229611557004,5.959170564889486e-25
1427580,0.0,-3.2934507923980803e-47,9959.33065810573,0.9964229611557004,5.959068754633426e-25
1427640,0.0,-3.2933945200436664e-47,9959.33065810573,0.9964229611557004,5.958966944377366e-25
1427700,0.0,-3.2933382476892516e-47,9959.33065810573,0.9964229611557004,5.958865134121307e-25
1427760,0.0,-3.293281975334838e-47,9959.33065810573,0.9964229611557004,5.958763323865247e-25
1427820,0.0,-3.2932257029804234e-47,9959.33065810573,0.9964229611557004,5.958661513609187e-25
1427880,0.0,-3.2931694306260096e-47,9959.33065810573,0.9964229611557004,5.9585597033531275e-25
1427940,0.0,-3.293113158271595e-47,9959.33065810573,0.9964229611557004,5.958457893097068e-25
1428000,0.0,-3.293056885917181e-47,9959.33065810573,0.9964229611557004,5.958356082841009e-25
1428060,0.0,-3.2930006135627665e-47,9959.33065810573,0.9964229611557004,5.958254272584948e-25
1428120,0.0,-3.2929443412083527e-47,9959.33065810573,0.9964229611557004,5.958152462328889e-25
1428180,0.0,-3.2928880688539383e-47,9959.33065810573,0.9964229611557004,5.958050652072829e-25
1428240,0.0,-3.292831796499524e-47,9959.33065810573,0.9964229611557004,5.95794884181677e-25
1428300,0.0,-3.2927755241451096e-47,9959.33065810573,0.9964229611557004,5.957847031560709e-25
1428360,0.0,-3.292719251790696e-47,9959.33065810573,0.9964229611557004,5.95774522130465e-25
1428420,0.0,-3.2926629794362814e-47,9959.33065810573,0.9964229611557004,5.95764341104859e-25
1428480,0.0,-3.292606707081867e-47,9959.33065810573,0.9964229611557004,5.957541600792531e-25
1428540,0.0,-3.2925504347274527e-47,9959.33065810573,0.9964229611557004,5.95743979053647e-25
1428600,0.0,-3.292494162373039e-47,9959.33065810573,0.9964229611557004,5.957337980280411e-25
1428660,0.0,-3.2924378900186245e-47,9959.33065810573,0.9964229611557004,5.957236170024351e-25
1428720,0.0,-3.29238161766421e-47,9959.33065810573,0.9964229611557004,5.957134359768291e-25
1428780,0.0,-3.292325345309796e-47,9959.33065810573,0.9964229611557004,5.9570325495122315e-25
1428840,0.0,-3.2922690729553815e-47,9959.33065810573,0.9964229611557004,5.956930739256172e-25
1428900,0.0,-3.2922128006009676e-47,9959.33065810573,0.9964229611557004,5.9568289290001125e-25
1428960,0.0,-3.2921565282465533e-47,9959.33065810573,0.9964229611557004,5.956727118744052e-25
1429020,0.0,-3.292100255892139e-47,9959.33065810573,0.9964229611557004,5.956625308487993e-25
1429080,0.0,-3.2920439835377246e-47,9959.33065810573,0.9964229611557004,5.956523498231933e-25
1429140,0.0,-3.2919877111833107e-47,9959.33065810573,0.9964229611557004,5.956421687975874e-25
1429200,0.0,-3.2919314388288964e-47,9959.33065810573,0.9964229611557004,5.956319877719813e-25
1429260,0.0,-3.291875166474482e-47,9959.33065810573,0.9964229611557004,5.956218067463755e-25
1429320,0.0,-3.2918188941200677e-47,9959.33065810573,0.9964229611557004,5.956116257207694e-25
1429380,0.0,-3.291762621765654e-47,9959.33065810573,0.9964229611557004,5.956014446951635e-25
1429440,0.0,-3.2917063494112395e-47,9959.33065810573,0.9964229611557004,5.955912636695574e-25
1429500,0.0,-3.2916500770568256e-47,9959.33065810573,0.9964229611557004,5.955810826439516e-25
1429560,0.0,-3.291593804702411e-47,9959.33065810573,0.9964229611557004,5.955709016183455e-25
1429620,0.0,-3.291537532347997e-47,9959.33065810573,0.9964229611557004,5.955607205927396e-25
1429680,0.0,-3.2914812599935826e-47,9959.33065810573,0.9964229611557004,5.955505395671336e-25
1429740,0.0,-3.2914249876391687e-47,9959.33065810573,0.9964229611557004,5.955403585415277e-25
1429800,0.0,-3.291368715284754e-47,9959.33065810573,0.9964229611557004,5.9553017751592165e-25
1429860,0.0,-3.2913124429303395e-47,9959.33065810573,0.9964229611557004,5.955199964903157e-25
1429920,0.0,-3.2912561705759257e-47,9959.33065810573,0.9964229611557004,5.9550981546470975e-25
1429980,0.0,-3.2911998982215113e-47,9959.33065810573,0.9964229611557004,5.954996344391037e-25
1430040,0.0,-3.2911436258670975e-47,9959.33065810573,0.9964229611557004,5.954894534134978e-25
1430100,0.0,-3.2910873535126826e-47,9959.33065810573,0.9964229611557004,5.954792723878918e-25
1430160,0.0,-3.291031081158269e-47,9959.33065810573,0.9964229611557004,5.954690913622859e-25
1430220,0.0,-3.2909748088038544e-47,9959.33065810573,0.9964229611557004,5.954589103366798e-25
1430280,0.0,-3.2909185364494406e-47,9959.33065810573,0.9964229611557004,5.954487293110739e-25
1430340,0.0,-3.290862264095026e-47,9959.33065810573,0.9964229611557004,5.954385482854679e-25
1430400,0.0,-3.290805991740612e-47,9959.33065810573,0.9964229611557004,5.95428367259862e-25
1430460,0.0,-3.2907497193861975e-47,9959.33065810573,0.9964229611557004,5.954181862342559e-25
1430520,0.0,-3.2906934470317837e-47,9959.33065810573,0.9964229611557004,5.9540800520865e-25
1430580,0.0,-3.2906371746773693e-47,9959.33065810573,0.9964229611557004,5.95397824183044e-25
1430640,0.0,-3.290580902322955e-47,9959.33065810573,0.9964229611557004,5.953876431574381e-25
1430700,0.0,-3.2905246299685407e-47,9959.33065810573,0.9964229611557004,5.9537746213183205e-25
1430760,0.0,-3.290468357614127e-47,9959.33065810573,0.9964229611557004,5.953672811062261e-25
1430820,0.0,-3.2904120852597124e-47,9959.33065810573,0.9964229611557004,5.9535710008062015e-25
1430880,0.0,-3.290355812905298e-47,9959.33065810573,0.9964229611557004,5.953469190550142e-25
1430940,0.0,-3.2902995405508838e-47,9959.33065810573,0.9964229611557004,5.953367380294082e-25
1431000,0.0,-3.2902432681964694e-47,9959.33065810573,0.9964229611557004,5.953265570038022e-25
1431060,0.0,-3.2901869958420555e-47,9959.33065810573,0.9964229611557004,5.953163759781963e-25
1431120,0.0,-3.290130723487641e-47,9959.33065810573,0.9964229611557004,5.953061949525902e-25
1431180,0.0,-3.290074451133227e-47,9959.33065810573,0.9964229611557004,5.952960139269843e-25
1431240,0.0,-3.2900181787788125e-47,9959.33065810573,0.9964229611557004,5.952858329013783e-25
1431300,0.0,-3.2899619064243987e-47,9959.33065810573,0.9964229611557004,5.952756518757724e-25
1431360,0.0,-3.2899056340699843e-47,9959.33065810573,0.9964229611557004,5.952654708501663e-25
1431420,0.0,-3.28984936171557e-47,9959.33065810573,0.9964229611557004,5.952552898245604e-25
1431480,0.0,-3.2897930893611556e-47,9959.33065810573,0.9964229611557004,5.952451087989544e-25
1431540,0.0,-3.2897368170067418e-47,9959.33065810573,0.9964229611557004,5.952349277733485e-25
1431600,0.0,-3.2896805446523274e-47,9959.33065810573,0.9964229611557004,5.9522474674774245e-25
1431660,0.0,-3.289624272297913e-47,9959.33065810573,0.9964229611557004,5.952145657221366e-25
1431720,0.0,-3.2895679999434987e-47,9959.33065810573,0.9964229611557004,5.9520438469653055e-25
1431780,0.0,-3.289511727589085e-47,9959.33065810573,0.9964229611557004,5.951942036709246e-25
1431840,0.0,-3.2894554552346705e-47,9959.33065810573,0.9964229611557004,5.951840226453186e-25
1431900,0.0,-3.2893991828802567e-47,9959.33065810573,0.9964229611557004,5.951738416197127e-25
1431960,0.0,-3.289342910525842e-47,9959.33065810573,0.9964229611557004,5.951636605941067e-25
1432020,0.0,-3.289286638171428e-47,9959.33065810573,0.9964229611557004,5.951534795685007e-25
1432080,0.0,-3.2892303658170136e-47,9959.33065810573,0.9964229611557004,5.951432985428948e-25
1432140,0.0,-3.2891740934625998e-47,9959.33065810573,0.9964229611557004,5.951331175172888e-25
1432200,0.0,-3.289117821108185e-47,9959.33065810573,0.9964229611557004,5.951229364916828e-25
1432260,0.0,-3.2890615487537706e-47,9959.33065810573,0.9964229611557004,5.951127554660767e-25
1432320,0.0,-3.2890052763993567e-47,9959.33065810573,0.9964229611557004,5.951025744404709e-25
1432380,0.0,-3.2889490040449424e-47,9959.33065810573,0.9964229611557004,5.950923934148648e-25
1432440,0.0,-3.2888927316905285e-47,9959.33065810573,0.9964229611557004,5.950822123892589e-25
1432500,0.0,-3.2888364593361137e-47,9959.33065810573,0.9964229611557004,5.950720313636529e-25
1432560,0.0,-3.2887801869817e-47,9959.33065810573,0.9964229611557004,5.95061850338047e-25
1432620,0.0,-3.2887239146272855e-47,9959.33065810573,0.9964229611557004,5.9505166931244095e-25
1432680,0.0,-3.2886676422728716e-47,9959.33065810573,0.9964229611557004,5.95041488286835e-25
1432740,0.0,-3.2886113699184573e-47,9959.33065810573,0.9964229611557004,5.9503130726122905e-25
1432800,0.0,-3.288555097564043e-47,9959.33065810573,0.9964229611557004,5.950211262356231e-25
1432860,0.0,-3.2884988252096286e-47,9959.33065810573,0.9964229611557004,5.950109452100171e-25
1432920,0.0,-3.2884425528552147e-47,9959.33065810573,0.9964229611557004,5.950007641844111e-25
1432980,0.0,-3.2883862805008004e-47,9959.33065810573,0.9964229611557004,5.949905831588052e-25
1433040,0.0,-3.288330008146386e-47,9959.33065810573,0.9964229611557004,5.949804021331992e-25
1433100,0.0,-3.2882737357919717e-47,9959.33065810573,0.9964229611557004,5.949702211075932e-25
1433160,0.0,-3.288217463437558e-47,9959.33065810573,0.9964229611557004,5.949600400819872e-25
1433220,0.0,-3.2881611910831435e-47,9959.33065810573,0.9964229611557004,5.949498590563813e-25
1433280,0.0,-3.288104918728729e-47,9959.33065810573,0.9964229611557004,5.949396780307753e-25
1433340,0.0,-3.288048646374315e-47,9959.33065810573,0.9964229611557004,5.949294970051693e-25
1433400,0.0,-3.2879923740199004e-47,9959.33065810573,0.9964229611557004,5.949193159795633e-25
1433460,0.0,-3.2879361016654866e-47,9959.33065810573,0.9964229611557004,5.949091349539574e-25
1433520,0.0,-3.287879829311072e-47,9959.33065810573,0.9964229611557004,5.948989539283513e-25
1433580,0.0,-3.287823556956658e-47,9959.33065810573,0.9964229611557004,5.948887729027454e-25
1433640,0.0,-3.2877672846022435e-47,9959.33065810573,0.9964229611557004,5.9487859187713945e-25
1433700,0.0,-3.2877110122478297e-47,9959.33065810573,0.9964229611557004,5.948684108515335e-25
1433760,0.0,-3.2876547398934153e-47,9959.33065810573,0.9964229611557004,5.948582298259275e-25
1433820,0.0,-3.287598467539001e-47,9959.33065810573,0.9964229611557004,5.948480488003215e-25
1433880,0.0,-3.2875421951845866e-47,9959.33065810573,0.9964229611557004,5.948378677747156e-25
1433940,0.0,-3.287485922830173e-47,9959.33065810573,0.9964229611557004,5.948276867491096e-25
1434000,0.0,-3.2874296504757584e-47,9959.33065810573,0.9964229611557004,5.948175057235036e-25
1434060,0.0,-3.287373378121344e-47,9959.33065810573,0.9964229611557004,5.948073246978977e-25
1434120,0.0,-3.2873171057669297e-47,9959.33065810573,0.9964229611557004,5.947971436722917e-25
1434180,0.0,-3.287260833412516e-47,9959.33065810573,0.9964229611557004,5.947869626466857e-25
1434240,0.0,-3.2872045610581015e-47,9959.33065810573,0.9964229611557004,5.947767816210797e-25
1434300,0.0,-3.287148288703687e-47,9959.33065810573,0.9964229611557004,5.947666005954738e-25
1434360,0.0,-3.287092016349273e-47,9959.33065810573,0.9964229611557004,5.947564195698678e-25
1434420,0.0,-3.287035743994859e-47,9959.33065810573,0.9964229611557004,5.947462385442618e-25
1434480,0.0,-3.2869794716404446e-47,9959.33065810573,0.9964229611557004,5.947360575186559e-25
1434540,0.0,-3.2869231992860303e-47,9959.33065810573,0.9964229611557004,5.947258764930498e-25
1434600,0.0,-3.286866926931616e-47,9959.33065810573,0.9964229611557004,5.947156954674439e-25
1434660,0.0,-3.2868106545772016e-47,9959.33065810573,0.9964229611557004,5.947055144418379e-25
1434720,0.0,-3.2867543822227878e-47,9959.33065810573,0.9964229611557004,5.94695333416232e-25
1434780,0.0,-3.2866981098683734e-47,9959.33065810573,0.9964229611557004,5.94685152390626e-25
1434840,0.0,-3.2866418375139595e-47,9959.33065810573,0.9964229611557004,5.9467497136502e-25
1434900,0.0,-3.2865855651595447e-47,9959.33065810573,0.9964229611557004,5.946647903394141e-25
1434960,0.0,-3.286529292805131e-47,9959.33065810573,0.9964229611557004,5.946546093138081e-25
1435020,0.0,-3.2864730204507165e-47,9959.33065810573,0.9964229611557004,5.946444282882021e-25
1435080,0.0,-3.2864167480963026e-47,9959.33065810573,0.9964229611557004,5.946342472625961e-25
1435140,0.0,-3.286360475741888e-47,9959.33065810573,0.9964229611557004,5.946240662369902e-25
1435200,0.0,-3.286304203387474e-47,9959.33065810573,0.9964229611557004,5.946138852113842e-25
1435260,0.0,-3.2862479310330596e-47,9959.33065810573,0.9964229611557004,5.946037041857782e-25
1435320,0.0,-3.2861916586786458e-47,9959.33065810573,0.9964229611557004,5.945935231601722e-25
1435380,0.0,-3.2861353863242314e-47,9959.33065810573,0.9964229611557004,5.945833421345663e-25
1435440,0.0,-3.286079113969817e-47,9959.33065810573,0.9964229611557004,5.945731611089603e-25
1435500,0.0,-3.2860228416154027e-47,9959.33065810573,0.9964229611557004,5.945629800833543e-25
1435560,0.0,-3.285966569260989e-47,9959.33065810573,0.9964229611557004,5.945527990577483e-25
1435620,0.0,-3.2859102969065745e-47,9959.33065810573,0.9964229611557004,5.945426180321424e-25
1435680,0.0,-3.28585402455216e-47,9959.33065810573,0.9964229611557004,5.945324370065364e-25
1435740,0.0,-3.285797752197746e-47,9959.33065810573,0.9964229611557004,5.945222559809304e-25
1435800,0.0,-3.2857414798433315e-47,9959.33065810573,0.9964229611557004,5.945120749553245e-25
1435860,0.0,-3.2856852074889176e-47,9959.33065810573,0.9964229611557004,5.945018939297185e-25
1435920,0.0,-3.2856289351345033e-47,9959.33065810573,0.9964229611557004,5.944917129041125e-25
1435980,0.0,-3.285572662780089e-47,9959.33065810573,0.9964229611557004,5.944815318785065e-25
1436040,0.0,-3.2855163904256746e-47,9959.33065810573,0.9964229611557004,5.944713508529006e-25
1436100,0.0,-3.2854601180712607e-47,9959.33065810573,0.9964229611557004,5.944611698272946e-25
1436160,0.0,-3.2854038457168464e-47,9959.33065810573,0.9964229611557004,5.944509888016886e-25
1436220,0.0,-3.285347573362432e-47,9959.33065810573,0.9964229611557004,5.944408077760826e-25
1436280,0.0,-3.2852913010080177e-47,9959.33065810573,0.9964229611557004,5.944306267504767e-25
1436340,0.0,-3.285235028653604e-47,9959.33065810573,0.9964229611557004,5.944204457248707e-25
1436400,0.0,-3.2851787562991895e-47,9959.33065810573,0.9964229611557004,5.944102646992647e-25
1436460,0.0,-3.285122483944775e-47,9959.33065810573,0.9964229611557004,5.944000836736588e-25
1436520,0.0,-3.285066211590361e-47,9959.33065810573,0.9964229611557004,5.943899026480528e-25
1436580,0.0,-3.285009939235947e-47,9959.33065810573,0.9964229611557004,5.943797216224468e-25
1436640,0.0,-3.2849536668815326e-47,9959.33065810573,0.9964229611557004,5.943695405968408e-25
1436700,0.0,-3.284897394527118e-47,9959.33065810573,0.9964229611557004,5.9435935957123495e-25
1436760,0.0,-3.284841122172704e-47,9959.33065810573,0.9964229611557004,5.943491785456289e-25
1436820,0.0,-3.2847848498182895e-47,9959.33065810573,0.9964229611557004,5.943389975200229e-25
1436880,0.0,-3.2847285774638757e-47,9959.33065810573,0.9964229611557004,5.94328816494417e-25
1436940,0.0,-3.2846723051094613e-47,9959.33065810573,0.9964229611557004,5.94318635468811e-25
1437000,0.0,-3.284616032755047e-47,9959.33065810573,0.9964229611557004,5.94308454443205e-25
1437060,0.0,-3.2845597604006326e-47,9959.33065810573,0.9964229611557004,5.94298273417599e-25
1437120,0.0,-3.284503488046219e-47,9959.33065810573,0.9964229611557004,5.942880923919931e-25
1437180,0.0,-3.2844472156918044e-47,9959.33065810573,0.9964229611557004,5.942779113663871e-25
1437240,0.0,-3.2843909433373906e-47,9959.33065810573,0.9964229611557004,5.942677303407811e-25
1437300,0.0,-3.2843346709829757e-47,9959.33065810573,0.9964229611557004,5.942575493151752e-25
1437360,0.0,-3.284278398628562e-47,9959.33065810573,0.9964229611557004,5.942473682895692e-25
1437420,0.0,-3.2842221262741475e-47,9959.33065810573,0.9964229611557004,5.942371872639632e-25
1437480,0.0,-3.2841658539197337e-47,9959.33065810573,0.9964229611557004,5.942270062383572e-25
1437540,0.0,-3.284109581565319e-47,9959.33065810573,0.9964229611557004,5.942168252127513e-25
1437600,0.0,-3.284053309210905e-47,9959.33065810573,0.9964229611557004,5.942066441871453e-25
1437660,0.0,-3.2839970368564906e-47,9959.33065810573,0.9964229611557004,5.941964631615393e-25
1437720,0.0,-3.283940764502077e-47,9959.33065810573,0.9964229611557004,5.941862821359334e-25
1437780,0.0,-3.2838844921476624e-47,9959.33065810573,0.9964229611557004,5.941761011103274e-25
1437840,0.0,-3.283828219793248e-47,9959.33065810573,0.9964229611557004,5.941659200847215e-25
1437900,0.0,-3.2837719474388337e-47,9959.33065810573,0.9964229611557004,5.941557390591154e-25
1437960,0.0,-3.28371567508442e-47,9959.33065810573,0.9964229611557004,5.941455580335095e-25
1438020,0.0,-3.2836594027300055e-47,9959.33065810573,0.9964229611557004,5.941353770079035e-25
1438080,0.0,-3.283603130375591e-47,9959.33065810573,0.9964229611557004,5.941251959822975e-25
1438140,0.0,-3.283546858021177e-47,9959.330658105731,0.9964229611557004,5.941150149566915e-25
1438200,0.0,-3.2834905856667625e-47,9959.330658105731,0.9964229611557004,5.941048339310856e-25
1438260,0.0,-3.2834343133123486e-47,9959.330658105731,0.9964229611557004,5.940946529054796e-25
1438320,0.0,-3.2833780409579343e-47,9959.330658105731,0.9964229611557004,5.940844718798736e-25
1438380,0.0,-3.28332176860352e-47,9959.330658105731,0.9964229611557004,5.940742908542676e-25
1438440,0.0,-3.2832654962491056e-47,9959.330658105731,0.9964229611557004,5.940641098286617e-25
1438500,0.0,-3.2832092238946917e-47,9959.330658105731,0.9964229611557004,5.940539288030557e-25
1438560,0.0,-3.2831529515402774e-47,9959.330658105731,0.9964229611557004,5.940437477774497e-25
1438620,0.0,-3.283096679185863e-47,9959.330658105731,0.9964229611557004,5.9403356675184375e-25
1438680,0.0,-3.2830404068314487e-47,9959.330658105731,0.9964229611557004,5.940233857262378e-25
1438740,0.0,-3.282984134477035e-47,9959.330658105731,0.9964229611557004,5.940132047006319e-25
1438800,0.0,-3.2829278621226205e-47,9959.330658105731,0.9964229611557004,5.940030236750258e-25
1438860,0.0,-3.282871589768206e-47,9959.330658105731,0.9964229611557004,5.9399284264942e-25
1438920,0.0,-3.282815317413792e-47,9959.330658105731,0.9964229611557004,5.939826616238139e-25
1438980,0.0,-3.282759045059378e-47,9959.330658105731,0.9964229611557004,5.93972480598208e-25
1439040,0.0,-3.2827027727049636e-47,9959.330658105731,0.9964229611557004,5.939622995726019e-25
1439100,0.0,-3.2826465003505493e-47,9959.330658105731,0.9964229611557004,5.939521185469961e-25
1439160,0.0,-3.282590227996135e-47,9959.330658105731,0.9964229611557004,5.9394193752139e-25
1439220,0.0,-3.2825339556417206e-47,9959.330658105731,0.9964229611557004,5.93931756495784e-25
1439280,0.0,-3.2824776832873067e-47,9959.330658105731,0.9964229611557004,5.939215754701781e-25
1439340,0.0,-3.2824214109328924e-47,9959.330658105731,0.9964229611557004,5.939113944445721e-25
1439400,0.0,-3.282365138578478e-47,9959.330658105731,0.9964229611557004,5.939012134189661e-25
1439460,0.0,-3.2823088662240637e-47,9959.330658105731,0.9964229611557004,5.938910323933601e-25
1439520,0.0,-3.28225259386965e-47,9959.330658105731,0.9964229611557004,5.938808513677542e-25
1439580,0.0,-3.2821963215152355e-47,9959.330658105731,0.9964229611557004,5.938706703421482e-25
1439640,0.0,-3.2821400491608216e-47,9959.330658105731,0.9964229611557004,5.9386048931654225e-25
1439700,0.0,-3.282083776806407e-47,9959.330658105731,0.9964229611557004,5.938503082909363e-25
1439760,0.0,-3.282027504451993e-47,9959.330658105731,0.9964229611557004,5.938401272653304e-25
1439820,0.0,-3.2819712320975786e-47,9959.330658105731,0.9964229611557004,5.938299462397243e-25
1439880,0.0,-3.2819149597431647e-47,9959.330658105731,0.9964229611557004,5.938197652141184e-25
1439940,0.0,-3.28185868738875e-47,9959.330658105731,0.9964229611557004,5.938095841885124e-25
